國學院大學	40	0.033585	0.090645
栃木	32	0.026868	0.080604
科	34	0.028547	0.061516
短期大学	28	0.023510	0.059313
学科	21	0.017632	0.040572
教育	24	0.020151	0.038006
大学	23	0.019312	0.035802
編集	38	0.031906	0.032472
学校	20	0.016793	0.029716
専攻	13	0.010915	0.029459
科学	15	0.012594	0.024667
短大	10	0.008396	0.022661
日本	22	0.018472	0.021928
国文学	9	0.007557	0.020396
初等	9	0.007557	0.020396
ほか	14	0.011755	0.020233
生活	12	0.010076	0.018680
幼稚園	8	0.006717	0.018129
學	7	0.005877	0.017631
全国	11	0.009236	0.017420
関係	13	0.010915	0.017301
私立	8	0.006717	0.016946
史	11	0.009236	0.016114
者	16	0.013434	0.015947
就職	7	0.005877	0.015862
学生	9	0.007557	0.015846
家政学	6	0.005038	0.015114
商学	6	0.005038	0.015114
号館	6	0.005038	0.015114
校	8	0.006717	0.014474
寮	6	0.005038	0.013597
附属	6	0.005038	0.012710
科目	6	0.005038	0.012710
健康	6	0.005038	0.012710
高等	8	0.006717	0.012669
國學院大學栃木学園	5	0.004198	0.012594
学長	5	0.004198	0.012594
教諭	5	0.004198	0.012594
法人	7	0.005877	0.012023
組織	7	0.005877	0.012023
國	5	0.004198	0.011330
企業	6	0.005038	0.010856
設置	7	0.005877	0.010554
年	12	0.010076	0.010489
活動	7	0.005877	0.010116
一般	7	0.005877	0.010116
免許	4	0.003359	0.009066
院	5	0.004198	0.008803
二	7	0.005877	0.008557
平井	3	0.002519	0.007557
608	3	0.002519	0.007557
増設	3	0.002519	0.007557
斯花	3	0.002519	0.007557
受験	3	0.002519	0.007557
学	5	0.004198	0.007539
1966	4	0.003359	0.007463
案内	4	0.003359	0.007463
女子	4	0.003359	0.007238
状	4	0.003359	0.007044
一覧	5	0.004198	0.006959
祭	4	0.003359	0.006872
部	5	0.004198	0.006800
資格	3	0.002519	0.006799
キャンパス	3	0.002519	0.006799
進学	3	0.002519	0.006799
杉	3	0.002519	0.006799
概説	3	0.002519	0.006355
研究	4	0.003359	0.006335
種	4	0.003359	0.006227
学園	3	0.002519	0.006040
文学	3	0.002519	0.006040
館	4	0.003359	0.006032
県	5	0.004198	0.006011
文化	4	0.003359	0.005944
クラブ	3	0.002519	0.005796
AD	4	0.003359	0.005636
本部	3	0.002519	0.005597
人	5	0.004198	0.005288
中学校	3	0.002519	0.005153
市	4	0.003359	0.005115
Kokugakuin	2	0.001679	0.005037
Tochigi	2	0.001679	0.005037
学風	2	0.001679	0.005037
関わり	2	0.001679	0.005037
進路	2	0.001679	0.005037
書道	2	0.001679	0.005037
古文書	2	0.001679	0.005037
国文	2	0.001679	0.005037
幸弘	2	0.001679	0.005037
司書	2	0.001679	0.005037
弓道	2	0.001679	0.005037
コート	2	0.001679	0.005037
北海道短期大学	2	0.001679	0.005037
久我山	2	0.001679	0.005037
信用金庫	2	0.001679	0.005037
埼玉大学	2	0.001679	0.005037
和洋女子大学	2	0.001679	0.005037
杏林大学	2	0.001679	0.005037
年鑑	2	0.001679	0.005037
蛍雪	2	0.001679	0.005037
旺文社	2	0.001679	0.005037
サイト	3	0.002519	0.004934
はじめ	3	0.002519	0.004934
小学校	3	0.002519	0.004934
専門	3	0.002519	0.004839
西	3	0.002519	0.004751
北	3	0.002519	0.004751
所在地	3	0.002519	0.004594
概観	2	0.001679	0.004532
特色	2	0.001679	0.004532
サークル	2	0.001679	0.004532
食堂	2	0.001679	0.004532
実績	2	0.001679	0.004532
共学	2	0.001679	0.004532
家政	2	0.001679	0.004532
テニス	2	0.001679	0.004532
幼児	2	0.001679	0.004532
皇	2	0.001679	0.004532
在学	2	0.001679	0.004532
町	3	0.002519	0.004524
機関	3	0.002519	0.004524
社会	3	0.002519	0.004457
系	3	0.002519	0.004395
公式	3	0.002519	0.004336
施設	3	0.002519	0.004336
少数	2	0.001679	0.004236
発掘	2	0.001679	0.004236
神道	2	0.001679	0.004236
所蔵	2	0.001679	0.004236
参考	3	0.002519	0.004226
基礎	2	0.001679	0.004026
対外	2	0.001679	0.004026
男子	2	0.001679	0.004026
中村	2	0.001679	0.004026
教員	2	0.001679	0.004026
中学	2	0.001679	0.004026
研究所	2	0.001679	0.004026
系列	2	0.001679	0.003863
福祉	2	0.001679	0.003863
項目	4	0.003359	0.003838
.^	3	0.002519	0.003732
データ	2	0.001679	0.003730
入学	2	0.001679	0.003730
取得	2	0.001679	0.003618
姉妹	2	0.001679	0.003618
発行	2	0.001679	0.003618
全体	2	0.001679	0.003521
10	3	0.002519	0.003442
アクセス	2	0.001679	0.003435
卒業	2	0.001679	0.003435
シリーズ	2	0.001679	0.003435
沿革	2	0.001679	0.003358
協会	2	0.001679	0.003358
編	3	0.002519	0.003345
対象	2	0.001679	0.003289
記念	2	0.001679	0.003289
規模	2	0.001679	0.003225
英語	2	0.001679	0.003113
バス	2	0.001679	0.003113
歴	2	0.001679	0.002929
交通	2	0.001679	0.002890
社	2	0.001679	0.002890
文献	2	0.001679	0.002853
関連	3	0.002519	0.002819
当時	2	0.001679	0.002783
脚注	2	0.001679	0.002690
数	2	0.001679	0.002661
2004	2	0.001679	0.002634
ぎたんきだいがく	1	0.000840	0.002520
Junior	1	0.000840	0.002520
College	1	0.000840	0.002520
KT	1	0.000840	0.002520
漢	1	0.000840	0.002520
実習	1	0.000840	0.002520
永年	1	0.000840	0.002520
上履き	1	0.000840	0.002520
純白	1	0.000840	0.002520
ナース	1	0.000840	0.002520
サンダル	1	0.000840	0.002520
両毛線	1	0.000840	0.002520
教職	1	0.000840	0.002520
養護	1	0.000840	0.002520
空手	1	0.000840	0.002520
剣道	1	0.000840	0.002520
ソフトボール	1	0.000840	0.002520
バドミントン	1	0.000840	0.002520
バレーボール・ハンドボール・フットサル・	1	0.000840	0.002520
囲碁	1	0.000840	0.002520
箏曲	1	0.000840	0.002520
短歌	1	0.000840	0.002520
フォークソング	1	0.000840	0.002520
行忠	1	0.000840	0.002520
弘彦	1	0.000840	0.002520
千明	1	0.000840	0.002520
鍛代	1	0.000840	0.002520
敏雄	1	0.000840	0.002520
裏手	1	0.000840	0.002520
思索	1	0.000840	0.002520
グラウンド	1	0.000840	0.002520
片柳	1	0.000840	0.002520
栃木銀行	1	0.000840	0.002520
レストランエンタプライズ・ジェイティービー	1	0.000840	0.002520
駸堂	1	0.000840	0.002520
三越	1	0.000840	0.002520
板屋	1	0.000840	0.002520
東照宮	1	0.000840	0.002520
富士食品	1	0.000840	0.002520
ライフフーズ	1	0.000840	0.002520
ダイワラクダ工業	1	0.000840	0.002520
宇都宮大学	1	0.000840	0.002520
群馬県立女子大学	1	0.000840	0.002520
国士舘大学	1	0.000840	0.002520
白百合女子大学	1	0.000840	0.002520
大東文化大学	1	0.000840	0.002520
二松学舎大学	1	0.000840	0.002520
武蔵野	1	0.000840	0.002520
目白大学	1	0.000840	0.002520
大阪教育大学	1	0.000840	0.002520
都留文科大学	1	0.000840	0.002520
盛岡大学	1	0.000840	0.002520
東北福祉大学	1	0.000840	0.002520
川村学園女子大学	1	0.000840	0.002520
聖徳大学	1	0.000840	0.002520
玉川大学	1	0.000840	0.002520
山形大学	1	0.000840	0.002520
駿河台大学	1	0.000840	0.002520
信州大学	1	0.000840	0.002520
創価大学	1	0.000840	0.002520
橘	1	0.000840	0.002520
宮城学院女子大学	1	0.000840	0.002520
跡見学園女子大学	1	0.000840	0.002520
共立女子大学	1	0.000840	0.002520
仙台大学	1	0.000840	0.002520
東京家政大学	1	0.000840	0.002520
徳島文理大学	1	0.000840	0.002520
文京	1	0.000840	0.002520
中央大学	1	0.000840	0.002520
日本福祉大学	1	0.000840	0.002520
総覧	1	0.000840	0.002520
私大	1	0.000840	0.002520
別冊	1	0.000840	0.002520
要覧	1	0.000840	0.002520
潤	1	0.000840	0.002520
教学	1	0.000840	0.002520
梧桐	1	0.000840	0.002520
書院	1	0.000840	0.002520
冊子	1	0.000840	0.002520
折口	1	0.000840	0.002520
應援	1	0.000840	0.002520
團	1	0.000840	0.002520
講究	1	0.000840	0.002520
名	2	0.001679	0.002510
11	2	0.001679	0.002347
話	2	0.001679	0.002278
がく	1	0.000840	0.002267
遺跡	1	0.000840	0.002267
開	1	0.000840	0.002267
国語	1	0.000840	0.002267
民俗	1	0.000840	0.002267
史料	1	0.000840	0.002267
睦	1	0.000840	0.002267
卓球	1	0.000840	0.002267
ダンス	1	0.000840	0.002267
演劇	1	0.000840	0.002267
華道	1	0.000840	0.002267
文芸	1	0.000840	0.002267
落語	1	0.000840	0.002267
同窓会	1	0.000840	0.002267
佐々木	1	0.000840	0.002267
清之	1	0.000840	0.002267
岡野	1	0.000840	0.002267
本館	1	0.000840	0.002267
240	1	0.000840	0.002267
冊	1	0.000840	0.002267
多目的	1	0.000840	0.002267
ニ	1	0.000840	0.002267
講座	1	0.000840	0.002267
進	1	0.000840	0.002267
靖	1	0.000840	0.002267
資生堂	1	0.000840	0.002267
足利	1	0.000840	0.002267
小山	1	0.000840	0.002267
学院	1	0.000840	0.002267
女子大	1	0.000840	0.002267
文部省	1	0.000840	0.002267
課	1	0.000840	0.002267
専修	1	0.000840	0.002267
各種	1	0.000840	0.002267
廣	1	0.000840	0.002267
晶文社	1	0.000840	0.002267
臨時	1	0.000840	0.002267
頭文字	1	0.000840	0.002267
硬式	1	0.000840	0.002267
本庁	1	0.000840	0.002267
表	2	0.001679	0.002261
・	2	0.001679	0.002245
もの	2	0.001679	0.002230
種別	1	0.000840	0.002119
だい	1	0.000840	0.002119
考古学	1	0.000840	0.002119
養成	1	0.000840	0.002119
県内	1	0.000840	0.002119
家庭	1	0.000840	0.002119
会館	1	0.000840	0.002119
体育	1	0.000840	0.002119
陸上	1	0.000840	0.002119
茶道	1	0.000840	0.002119
報	1	0.000840	0.002119
守	1	0.000840	0.002119
体育館	1	0.000840	0.002119
スズキ	1	0.000840	0.002119
職員	1	0.000840	0.002119
日光	1	0.000840	0.002119
関西	1	0.000840	0.002119
鎌倉	1	0.000840	0.002119
101	1	0.000840	0.002119
典	1	0.000840	0.002119
後	2	0.001679	0.002115
学部	1	0.000840	0.002014
ウェブサイト	1	0.000840	0.002014
ビジネス	1	0.000840	0.002014
停留所	1	0.000840	0.002014
課程	1	0.000840	0.002014
バスケットボール	1	0.000840	0.002014
競技	1	0.000840	0.002014
人形	1	0.000840	0.002014
劇	1	0.000840	0.002014
卒業生	1	0.000840	0.002014
樋口	1	0.000840	0.002014
図書館	1	0.000840	0.002014
収容	1	0.000840	0.002014
定員	1	0.000840	0.002014
700	1	0.000840	0.002014
公開	1	0.000840	0.002014
監修	1	0.000840	0.002014
49	1	0.000840	0.002014
増刊	1	0.000840	0.002014
創立	1	0.000840	0.001933
授業	1	0.000840	0.001933
男女	1	0.000840	0.001933
募集	1	0.000840	0.001933
下車	1	0.000840	0.001933
はな	1	0.000840	0.001933
コース	1	0.000840	0.001933
古代	1	0.000840	0.001933
月	2	0.001679	0.001899
略称	1	0.000840	0.001866
美術	1	0.000840	0.001866
共通	1	0.000840	0.001866
いずれ	1	0.000840	0.001866
工業	1	0.000840	0.001866
編入	1	0.000840	0.001866
小	1	0.000840	0.001866
市内	1	0.000840	0.001810
周年	1	0.000840	0.001810
初代	1	0.000840	0.001810
職	1	0.000840	0.001810
博士	1	0.000840	0.001810
神社	1	0.000840	0.001810
-------------------------	1	0.000840	0.001810
体制	1	0.000840	0.001761
日本語	1	0.000840	0.001761
自由	1	0.000840	0.001761
改称	1	0.000840	0.001761
毎年	1	0.000840	0.001761
井上	1	0.000840	0.001761
野球	1	0.000840	0.001761
就任	1	0.000840	0.001718
四	1	0.000840	0.001718
写真	1	0.000840	0.001718
森	1	0.000840	0.001718
テンプレート	1	0.000840	0.001718
調査	1	0.000840	0.001680
1968	1	0.000840	0.001680
000	1	0.000840	0.001680
自動車	1	0.000840	0.001680
特徴	1	0.000840	0.001680
1986	1	0.000840	0.001645
99	1	0.000840	0.001645
JR	1	0.000840	0.001613
十	1	0.000840	0.001613
映画	1	0.000840	0.001613
京都	1	0.000840	0.001613
技術	1	0.000840	0.001613
1992	1	0.000840	0.001613
別	1	0.000840	0.001584
同年	1	0.000840	0.001584
道	1	0.000840	0.001584
ウィキプロジェクト	1	0.000840	0.001584
多数	1	0.000840	0.001557
センター	1	0.000840	0.001557
以下	1	0.000840	0.001557
年度	1	0.000840	0.001532
1990	1	0.000840	0.001532
以外	1	0.000840	0.001532
94	1	0.000840	0.001486
駅	1	0.000840	0.001466
東京	1	0.000840	0.001466
開始	1	0.000840	0.001446
1980	1	0.000840	0.001446
局	1	0.000840	0.001446
所	1	0.000840	0.001427
場	1	0.000840	0.001409
2000	1	0.000840	0.001392
]。	1	0.000840	0.001376
会	1	0.000840	0.001361
前	1	0.000840	0.001331
13	1	0.000840	0.001318
14	1	0.000840	0.001318
主	1	0.000840	0.001318
2007	1	0.000840	0.001318
号	1	0.000840	0.001279
等	1	0.000840	0.001267
人物	1	0.000840	0.001267
使用	1	0.000840	0.001234
記事	1	0.000840	0.001234
の	1	0.000840	0.001156
現在	1	0.000840	0.001131
12	1	0.000840	0.001100
83	1	0.000840	0.001058
目次	1	0.000840	0.000960
表示	1	0.000840	0.000960
/%	1	0.000840	0.000866
http	1	0.000840	0.000844
://	1	0.000840	0.000844
ja	1	0.000840	0.000844
wikipedia	1	0.000840	0.000844
org	1	0.000840	0.000844
wiki	1	0.000840	0.000844
作成	1	0.000840	0.000844
カテゴリ	1	0.000840	0.000844
出典	1	0.000840	0.000840
フリー	1	0.000840	0.000840
百科	1	0.000840	0.000840
事典	1	0.000840	0.000840
ウィキペディア	1	0.000840	0.000840
Wikipedia	1	0.000840	0.000840
移動	1	0.000840	0.000840
ナビゲーション	1	0.000840	0.000840
検索	1	0.000840	0.000840
