科学	19	0.052342	0.102517
みすず書房	7	0.019284	0.052047
物理	6	0.016529	0.044611
史	8	0.022039	0.038452
共	6	0.016529	0.038034
訳	6	0.016529	0.036725
論	4	0.011019	0.029740
徹	4	0.011019	0.027800
出版	5	0.013774	0.026978
日本	8	0.022039	0.026162
広重	3	0.008264	0.024792
原子	3	0.008264	0.024792
学	5	0.013774	0.024736
近代	4	0.011019	0.022542
文庫	3	0.008264	0.020849
商工	3	0.008264	0.020849
学者	3	0.008264	0.019817
社	4	0.011019	0.018966
1975	3	0.008264	0.017808
歴史	4	0.011019	0.017285
1960	3	0.008264	0.016906
のち	3	0.008264	0.016906
選書	2	0.005510	0.016530
量子力学	2	0.005510	0.016530
恒藤	2	0.005510	0.016530
敏彦	2	0.005510	0.016530
ダウ	2	0.005510	0.016530
リフシッツ	2	0.005510	0.016530
鳥居	2	0.005510	0.016530
一雄	2	0.005510	0.016530
図書	2	0.005510	0.016530
自然	3	0.008264	0.016528
1973	3	0.008264	0.016186
研究	3	0.008264	0.015586
中央公論社	2	0.005510	0.014871
共著	2	0.005510	0.014871
ラン	2	0.005510	0.014871
史家	2	0.005510	0.013901
神戸	2	0.005510	0.013901
者	4	0.011019	0.013081
1965	2	0.005510	0.012679
書房	2	0.005510	0.012679
1971	2	0.005510	0.012679
1957	2	0.005510	0.012242
1963	2	0.005510	0.012242
1928	2	0.005510	0.011874
運動	2	0.005510	0.011874
現代	2	0.005510	0.011020
1968	2	0.005510	0.011020
技術	2	0.005510	0.010584
社会	2	0.005510	0.009750
東京	2	0.005510	0.009613
出身	2	0.005510	0.009133
会	2	0.005510	0.008925
年	3	0.008264	0.008602
編集	3	0.008264	0.008411
市	2	0.005510	0.008391
人物	2	0.005510	0.008313
てつ	1	0.002755	0.008265
京都大	1	0.002755	0.008265
学理	1	0.002755	0.008265
卒	1	0.002755	0.008265
理工学部	1	0.002755	0.008265
壽子	1	0.002755	0.008265
原子力	1	0.002755	0.008265
培風館	1	0.002755	0.008265
史論	1	0.002755	0.008265
文集	1	0.002755	0.008265
西尾	1	0.002755	0.008265
成子	1	0.002755	0.008265
信之	1	0.002755	0.008265
共立	1	0.002755	0.008265
すすめ	1	0.002755	0.008265
成り立ち	1	0.002755	0.008265
ゆくえ	1	0.002755	0.008265
竹内	1	0.002755	0.008265
俊太郎	1	0.002755	0.008265
陽一郎	1	0.002755	0.008265
木鐸	1	0.002755	0.008265
ノイ	1	0.002755	0.008265
アインシュタイン	1	0.002755	0.008265
ゼーリッヒ	1	0.002755	0.008265
力学	1	0.002755	0.008265
巌	1	0.002755	0.008265
相対性理論	1	0.002755	0.008265
入門	1	0.002755	0.008265
エリ・ランダウ	1	0.002755	0.008265
ユ・ルーメル	1	0.002755	0.008265
ア・ジューコフ	1	0.002755	0.008265
フォーブス	1	0.002755	0.008265
デイクステルホイス	1	0.002755	0.008265
エリ・デ・ランダウ	1	0.002755	0.008265
ア・イ・キタイゴローツキ	1	0.002755	0.008265
スミス	1	0.002755	0.008265
みすず	1	0.002755	0.008265
スコーンランド	1	0.002755	0.008265
常石	1	0.002755	0.008265
サジ	1	0.002755	0.008265
カルノー	1	0.002755	0.008265
東海大学	1	0.002755	0.008265
WP	1	0.002755	0.008265
廣	1	0.002755	0.007436
ひろし	1	0.002755	0.007436
げ	1	0.002755	0.007436
兵庫	1	0.002755	0.007436
再考	1	0.002755	0.007436
朝日	1	0.002755	0.007436
ちく	1	0.002755	0.007436
学芸	1	0.002755	0.007436
編著	1	0.002755	0.007436
資本	1	0.002755	0.007436
筑摩書房	1	0.002755	0.007436
転機	1	0.002755	0.007436
中公新書	1	0.002755	0.007436
伊東	1	0.002755	0.007436
ライブラリー	1	0.002755	0.007436
数学	1	0.002755	0.007436
フォン	1	0.002755	0.007436
健	1	0.002755	0.007436
水戸	1	0.002755	0.007436
ドルトン	1	0.002755	0.007436
敬一	1	0.002755	0.007436
レンツ	1	0.002755	0.007436
哲学	1	0.002755	0.007436
的	2	0.005510	0.007121
業績	1	0.002755	0.006951
植物	1	0.002755	0.006951
三木	1	0.002755	0.006951
岩波	1	0.002755	0.006951
相対	1	0.002755	0.006951
福田	1	0.002755	0.006951
啓	1	0.002755	0.006951
平凡社	1	0.002755	0.006951
危険	1	0.002755	0.006951
ロー	1	0.002755	0.006951
人	2	0.005510	0.006941
生まれ	1	0.002755	0.006606
教授	1	0.002755	0.006606
著書	1	0.002755	0.006606
刊行	1	0.002755	0.006606
過程	1	0.002755	0.006606
基礎	1	0.002755	0.006606
ジョン	1	0.002755	0.006606
古典	1	0.002755	0.006606
希望	1	0.002755	0.006606
熱	1	0.002755	0.006606
電子	1	0.002755	0.006606
日	2	0.005510	0.006433
学科	1	0.002755	0.006339
児童	1	0.002755	0.006339
思想	1	0.002755	0.006339
村上	1	0.002755	0.006339
生涯	1	0.002755	0.006339
64	1	0.002755	0.006339
伝	1	0.002755	0.006339
項目	2	0.005510	0.006296
月	2	0.005510	0.006231
戦後	1	0.002755	0.006121
翻訳	1	0.002755	0.006121
1947	1	0.002755	0.006121
1979	1	0.002755	0.005937
1961	1	0.002755	0.005937
1962	1	0.002755	0.005937
なか	1	0.002755	0.005937
マン	1	0.002755	0.005937
1959	1	0.002755	0.005937
妻	1	0.002755	0.005777
1958	1	0.002755	0.005777
体制	1	0.002755	0.005777
1981	1	0.002755	0.005777
井上	1	0.002755	0.005777
主義	1	0.002755	0.005636
87	1	0.002755	0.005636
以後	1	0.002755	0.005510
構造	1	0.002755	0.005510
1945	1	0.002755	0.005510
発展	1	0.002755	0.005396
形成	1	0.002755	0.005396
没	1	0.002755	0.005396
明治	1	0.002755	0.005292
書	1	0.002755	0.005292
1970	1	0.002755	0.005196
BE	1	0.002755	0.005196
大学	1	0.002755	0.005107
館	1	0.002755	0.004948
機関	1	0.002755	0.004948
中心	1	0.002755	0.004875
万	1	0.002755	0.004875
1980	1	0.002755	0.004742
アメリカ	1	0.002755	0.004742
28	1	0.002755	0.004681
BA	1	0.002755	0.004681
年生	1	0.002755	0.004681
場	1	0.002755	0.004622
三	1	0.002755	0.004367
地	1	0.002755	0.004236
加筆	1	0.002755	0.004156
訂正	1	0.002755	0.004156
協力	1	0.002755	0.003977
県	1	0.002755	0.003945
一	1	0.002755	0.003765
話	1	0.002755	0.003737
編	1	0.002755	0.003658
83	1	0.002755	0.003470
関連	1	0.002755	0.003083
/%	1	0.002755	0.002842
http	1	0.002755	0.002767
://	1	0.002755	0.002767
ja	1	0.002755	0.002767
wikipedia	1	0.002755	0.002767
org	1	0.002755	0.002767
wiki	1	0.002755	0.002767
作成	1	0.002755	0.002767
カテゴリ	1	0.002755	0.002767
出典	1	0.002755	0.002755
フリー	1	0.002755	0.002755
百科	1	0.002755	0.002755
事典	1	0.002755	0.002755
ウィキペディア	1	0.002755	0.002755
Wikipedia	1	0.002755	0.002755
移動	1	0.002755	0.002755
ナビゲーション	1	0.002755	0.002755
検索	1	0.002755	0.002755
