TRUE	27	0.020914	0.062742
DREAMS	24	0.018590	0.055770
COME	24	0.018590	0.055770
日	61	0.047250	0.055164
SONG	22	0.017041	0.051123
WINTER	21	0.016266	0.048798
美和	19	0.014717	0.044151
正人	15	0.011619	0.034857
吉田	19	0.014717	0.033864
LOVE	16	0.012393	0.031266
シングル	18	0.013943	0.030046
収録	17	0.013168	0.028376
中村	15	0.011619	0.027862
年	32	0.024787	0.025802
作詞	12	0.009295	0.021388
MIKE	9	0.006971	0.020913
PELA	9	0.006971	0.020913
作曲	12	0.009295	0.020030
(#	8	0.006197	0.018591
SWEET	8	0.006197	0.018591
月	21	0.016266	0.018393
1994	12	0.009295	0.018205
曲	12	0.009295	0.017854
1998	12	0.009295	0.016953
雪	8	0.006197	0.016726
アルバム	10	0.007746	0.016692
クリスマス	7	0.005422	0.016266
盤	8	0.006197	0.014860
Mr	6	0.004648	0.013944
Children	6	0.004648	0.013944
発売	9	0.006971	0.013653
YOU	6	0.004648	0.012545
作品	9	0.006971	0.011420
ソング	5	0.003873	0.010453
IT	5	0.003873	0.010453
作	6	0.004648	0.010327
編曲	5	0.003873	0.009771
エピックレコードジャパン	4	0.003098	0.009294
オリコン	4	0.003098	0.009294
WHEREVER	4	0.003098	0.009294
ARE	4	0.003098	0.009294
ミリオン	4	0.003098	0.009294
ロマンス	4	0.003098	0.009294
神様	4	0.003098	0.009294
広瀬	4	0.003098	0.009294
香美	4	0.003098	0.009294
ONLY	4	0.003098	0.009294
雅治	4	0.003098	0.009294
福山	4	0.003098	0.008361
GOES	4	0.003098	0.008361
さ	6	0.004648	0.007897
概要	6	0.004648	0.007615
順位	4	0.003098	0.007429
THE	4	0.003098	0.007429
12	7	0.005422	0.007102
POP	3	0.002324	0.006972
!/	3	0.002324	0.006972
(“	3	0.002324	0.006972
WORLDWIDE	3	0.002324	0.006972
VERSION	3	0.002324	0.006972
Don	3	0.002324	0.006972
Leave	3	0.002324	0.006972
Me	3	0.002324	0.006972
松任谷	3	0.002324	0.006972
由実	3	0.002324	0.006972
Tomorrow	3	0.002324	0.006972
never	3	0.002324	0.006972
knows	3	0.002324	0.006972
天使	3	0.002324	0.006972
Ring	3	0.002324	0.006972
リリース	4	0.003098	0.006883
11	6	0.004648	0.006498
最高	4	0.003098	0.006496
編集	8	0.006197	0.006307
14	5	0.003873	0.006075
映画	4	0.003098	0.005951
24	4	0.003098	0.005951
レーベル	3	0.002324	0.005863
ON	3	0.002324	0.005863
サンタ	3	0.002324	0.005863
位	4	0.003098	0.005743
チャート	3	0.002324	0.005573
週間	3	0.002324	0.005573
26	4	0.003098	0.005405
年表	3	0.002324	0.005348
ビデオ	3	0.002324	0.005348
版	4	0.003098	0.005332
2003	4	0.003098	0.005198
オリジナル	3	0.002324	0.005164
ジャンル	3	0.002324	0.005164
夜	3	0.002324	0.005164
DVD	3	0.002324	0.005008
The	3	0.002324	0.004873
映像	3	0.002324	0.004754
,#	2	0.001549	0.004647
DREAM	2	0.001549	0.004647
cmCD	2	0.001549	0.004647
go	2	0.001549	0.004647
it	2	0.001549	0.004647
再発	2	0.001549	0.004647
僅か	2	0.001549	0.004647
ドリカム	2	0.001549	0.004647
th	2	0.001549	0.004647
Swinging	2	0.001549	0.004647
Star	2	0.001549	0.004647
ZARD	2	0.001549	0.004647
Hey	2	0.001549	0.004647
no	2	0.001549	0.004647
innocent	2	0.001549	0.004647
world	2	0.001549	0.004647
WANDS	2	0.001549	0.004647
Rusty	2	0.001549	0.004647
Nail	2	0.001549	0.004647
JAPAN	2	0.001549	0.004647
Hello	2	0.001549	0.004647
my	2	0.001549	0.004647
friend	2	0.001549	0.004647
On	2	0.001549	0.004647
CHAGE	2	0.001549	0.004647
ASKA	2	0.001549	0.004647
komuro	2	0.001549	0.004647
-（	2	0.001549	0.004647
すき	2	0.001549	0.004647
最強	2	0.001549	0.004647
ドリカムワンダーランド	2	0.001549	0.004647
GREATEST	2	0.001549	0.004647
HITS	2	0.001549	0.004647
SOUL	2	0.001549	0.004647
COLLECTION	2	0.001549	0.004647
10	4	0.003098	0.004234
プロデュース	2	0.001549	0.004181
マキシ	2	0.001549	0.004181
あと	2	0.001549	0.004181
MY	2	0.001549	0.004181
SMAP	2	0.001549	0.004181
篠原	2	0.001549	0.004181
with	2	0.001549	0.004181
25	3	0.002324	0.004055
28	3	0.002324	0.003948
19	3	0.002324	0.003948
涼子	2	0.001549	0.003908
内田	2	0.001549	0.003908
史上	2	0.001549	0.003908
遊園	2	0.001549	0.003908
未来	2	0.001549	0.003908
分	3	0.002324	0.003852
21	3	0.002324	0.003807
for	2	0.001549	0.003714
ベスト	2	0.001549	0.003714
時間	3	0.002324	0.003684
雨	2	0.001549	0.003442
達成	2	0.001549	0.003442
今	2	0.001549	0.003442
ん	2	0.001549	0.003442
楽曲	2	0.001549	0.003442
規格	2	0.001549	0.003338
秒	2	0.001549	0.003338
朝	2	0.001549	0.003338
テーマ	2	0.001549	0.003248
場所	2	0.001549	0.003169
1993	2	0.001549	0.003034
目	2	0.001549	0.002975
23	2	0.001549	0.002975
1992	2	0.001549	0.002975
1995	2	0.001549	0.002922
1999	2	0.001549	0.002922
英語	2	0.001549	0.002872
面	2	0.001549	0.002825
1990	2	0.001549	0.002825
31	2	0.001549	0.002782
18	2	0.001549	0.002782
2009	2	0.001549	0.002666
表示	3	0.002324	0.002656
17	2	0.001549	0.002632
2000	2	0.001549	0.002568
13	2	0.001549	0.002430
世界	2	0.001549	0.002430
地	2	0.001549	0.002382
化	2	0.001549	0.002382
ドリクマ	1	0.000775	0.002325
エリック	1	0.000775	0.002325
Noa	1	0.000775	0.002325
カヴァー	1	0.000775	0.002325
晴れ	1	0.000775	0.002325
挿入	1	0.000775	0.002325
LITTLE	1	0.000775	0.002325
GIRL	1	0.000775	0.002325
尾崎	1	0.000775	0.002325
毎度	1	0.000775	0.002325
GAMBA	1	0.000775	0.002325
LINDBERG	1	0.000775	0.002325
Nights	1	0.000775	0.002325
Knife	1	0.000775	0.002325
TMN	1	0.000775	0.002325
あいだ	1	0.000775	0.002325
ファイト	1	0.000775	0.002325
みゆき	1	0.000775	0.002325
survival	1	0.000775	0.002325
dAnce	1	0.000775	0.002325
cry	1	0.000775	0.002325
more	1	0.000775	0.002325
trf	1	0.000775	0.002325
瞳	1	0.000775	0.002325
DEEN	1	0.000775	0.002325
Miss	1	0.000775	0.002325
美樹	1	0.000775	0.002325
NATURAL	1	0.000775	0.002325
Your	1	0.000775	0.002325
そば	1	0.000775	0.002325
SPY	1	0.000775	0.002325
槇原	1	0.000775	0.002325
敬之	1	0.000775	0.002325
VIRGIN	1	0.000775	0.002325
BEAT	1	0.000775	0.002325
氷室	1	0.000775	0.002325
京介	1	0.000775	0.002325
LUNA	1	0.000775	0.002325
SEA	1	0.000775	0.002325
大黒	1	0.000775	0.002325
摩季	1	0.000775	0.002325
素敵	1	0.000775	0.002325
大事	1	0.000775	0.002325
シングル・ヴァージョン	1	0.000775	0.002325
)（	1	0.000775	0.002325
森高	1	0.000775	0.002325
千里	1	0.000775	0.002325
TENCA	1	0.000775	0.002325
野望	1	0.000775	0.002325
有紀	1	0.000775	0.002325
MOTEL	1	0.000775	0.002325
everybody	1	0.000775	0.002325
goes	1	0.000775	0.002325
秩序	1	0.000775	0.002325
ドロップ	1	0.000775	0.002325
)』	1	0.000775	0.002325
MD	1	0.000775	0.002325
WALKMAN	1	0.000775	0.002325
CF	1	0.000775	0.002325
WINER	1	0.000775	0.002325
一新	1	0.000775	0.002325
突破	1	0.000775	0.002325
詞	1	0.000775	0.002325
Real	1	0.000775	0.002325
Thing	1	0.000775	0.002325
Shakes	1	0.000775	0.002325
VHS	1	0.000775	0.002325
ドリーム	1	0.000775	0.002325
PV	1	0.000775	0.002325
プロモーション	1	0.000775	0.002325
Jingle	1	0.000775	0.002325
Bells	1	0.000775	0.002325
back	1	0.000775	0.002325
ground	1	0.000775	0.002325
西川	1	0.000775	0.002325
隆宏	1	0.000775	0.002325
APPROACH	1	0.000775	0.002325
朝帰り	1	0.000775	0.002325
LAT	1	0.000775	0.002325
forty	1	0.000775	0.002325
three	1	0.000775	0.002325
degrees	1	0.000775	0.002325
north	1	0.000775	0.002325
latitude	1	0.000775	0.002325
行方	1	0.000775	0.002325
さよなら	1	0.000775	0.002325
Eyes	1	0.000775	0.002325
友達	1	0.000775	0.002325
決戦	1	0.000775	0.002325
太陽	1	0.000775	0.002325
サンキュ	1	0.000775	0.002325
ROMANCE	1	0.000775	0.002325
誘惑	1	0.000775	0.002325
PEACE	1	0.000775	0.002325
MARRY	1	0.000775	0.002325
ME	1	0.000775	0.002325
SNOW	1	0.000775	0.002325
TWENTY	1	0.000775	0.002325
FOUR	1	0.000775	0.002325
SEVEN	1	0.000775	0.002325
だめ	1	0.000775	0.002325
Go	1	0.000775	0.002325
Baby	1	0.000775	0.002325
universal	1	0.000775	0.002325
ALL	1	0.000775	0.002325
ABOUT	1	0.000775	0.002325
キス	1	0.000775	0.002325
マスカラ	1	0.000775	0.002325
まつげ	1	0.000775	0.002325
la	1	0.000775	0.002325
OLA	1	0.000775	0.002325
VITORIA	1	0.000775	0.002325
レター	1	0.000775	0.002325
!!!/	1	0.000775	0.002325
SUNSHINE	1	0.000775	0.002325
LOVER	1	0.000775	0.002325
ア・イ・シ・テ・ル	1	0.000775	0.002325
サイン	1	0.000775	0.002325
予想	1	0.000775	0.002325
ルフィ	1	0.000775	0.002325
ナミ	1	0.000775	0.002325
ウソップ	1	0.000775	0.002325
サンジ	1	0.000775	0.002325
チョッパー	1	0.000775	0.002325
フランキー	1	0.000775	0.002325
ヒルルク	1	0.000775	0.002325
MERRY	1	0.000775	0.002325
LIFE	1	0.000775	0.002325
ROUND	1	0.000775	0.002325
BABY	1	0.000775	0.002325
連れ	1	0.000775	0.002325
DAYS	1	0.000775	0.002325
WONDER	1	0.000775	0.002325
MILLION	1	0.000775	0.002325
KISSES	1	0.000775	0.002325
MAGIC	1	0.000775	0.002325
DELICIOUS	1	0.000775	0.002325
UNLIMITED	1	0.000775	0.002325
∞	1	0.000775	0.002325
SING	1	0.000775	0.002325
OR	1	0.000775	0.002325
DIE	1	0.000775	0.002325
Monster	1	0.000775	0.002325
monkey	1	0.000775	0.002325
girl	1	0.000775	0.002325
odyssey	1	0.000775	0.002325
DIAMOND	1	0.000775	0.002325
ROCKS	1	0.000775	0.002325
DREAMAGE	1	0.000775	0.002325
BALLAD	1	0.000775	0.002325
DREAMANIA	1	0.000775	0.002325
SMOOTH	1	0.000775	0.002325
OVERFLOWS	1	0.000775	0.002325
ASIAN	1	0.000775	0.002325
EDITION	1	0.000775	0.002325
DCT	1	0.000775	0.002325
records	1	0.000775	0.002325
DCTgarden	1	0.000775	0.002325
IKEDA	1	0.000775	0.002325
浦嶋	1	0.000775	0.002325
りん	1	0.000775	0.002325
PEANUTS	1	0.000775	0.002325
アマレット	1	0.000775	0.002325
ハーモニー	1	0.000775	0.002325
オリコンシングルチャート	1	0.000775	0.002325
ミリオンセラー	1	0.000775	0.002325
移動	3	0.002324	0.002324
15	2	0.001549	0.002316
話	2	0.001549	0.002101
ウインター	1	0.000775	0.002092
両方	1	0.000775	0.002092
マーティン	1	0.000775	0.002092
Boy	1	0.000775	0.002092
TUBE	1	0.000775	0.002092
You	1	0.000775	0.002092
今井	1	0.000775	0.002092
Mark	1	0.000775	0.002092
BLUE	1	0.000775	0.002092
SONY	1	0.000775	0.002092
nd	1	0.000775	0.002092
キャッチャー	1	0.000775	0.002092
笑顔	1	0.000775	0.002092
me	1	0.000775	0.002092
金曜日	1	0.000775	0.002092
DANCE	1	0.000775	0.002092
mix	1	0.000775	0.002092
ラヴ	1	0.000775	0.002092
JET	1	0.000775	0.002092
きみ	1	0.000775	0.002092
わたし	1	0.000775	0.002092
図	1	0.000775	0.002092
featuring	1	0.000775	0.002092
ゾロ	1	0.000775	0.002092
ロビン	1	0.000775	0.002092
GOOD	1	0.000775	0.002092
BYE	1	0.000775	0.002092
SCHOOL	1	0.000775	0.002092
DO	1	0.000775	0.002092
BEST	1	0.000775	0.002092
GROOVE	1	0.000775	0.002092
FUNK	1	0.000775	0.002092
大好き	1	0.000775	0.002092
コマーシャル	1	0.000775	0.002092
表	2	0.001549	0.002086
・	2	0.001549	0.002071
編	2	0.001549	0.002057
ジャケット	1	0.000775	0.001955
OH	1	0.000775	0.001955
美穂	1	0.000775	0.001955
?（	1	0.000775	0.001955
HEART	1	0.000775	0.001955
キック	1	0.000775	0.001955
歌手	1	0.000775	0.001955
あなた	1	0.000775	0.001955
そう	1	0.000775	0.001955
ばん	1	0.000775	0.001955
AND	1	0.000775	0.001955
こ	1	0.000775	0.001955
主題歌	1	0.000775	0.001955
人	2	0.001549	0.001951
枚	1	0.000775	0.001858
付	1	0.000775	0.001858
!（	1	0.000775	0.001858
中島	1	0.000775	0.001858
永遠	1	0.000775	0.001858
1977	1	0.000775	0.001858
ミュージック	1	0.000775	0.001858
°	1	0.000775	0.001858
to	1	0.000775	0.001858
ちょう	1	0.000775	0.001858
先	1	0.000775	0.001858
OF	1	0.000775	0.001858
旅	1	0.000775	0.001858
日本	2	0.001549	0.001839
空	1	0.000775	0.001783
君	1	0.000775	0.001783
1971	1	0.000775	0.001783
1974	1	0.000775	0.001783
1976	1	0.000775	0.001783
1984	1	0.000775	0.001783
1988	1	0.000775	0.001783
入り	1	0.000775	0.001783
嵐	1	0.000775	0.001783
好き	1	0.000775	0.001783
関連	2	0.001549	0.001734
さまざま	1	0.000775	0.001722
豊	1	0.000775	0.001722
愛	1	0.000775	0.001722
中山	1	0.000775	0.001722
夢	1	0.000775	0.001722
私	1	0.000775	0.001722
52	1	0.000775	0.001722
日本人	1	0.000775	0.001722
歴代	1	0.000775	0.001722
メンバー	1	0.000775	0.001722
恋	1	0.000775	0.001722
今日	1	0.000775	0.001722
歌	1	0.000775	0.001670
春	1	0.000775	0.001670
1969	1	0.000775	0.001670
1972	1	0.000775	0.001670
1975	1	0.000775	0.001670
1978	1	0.000775	0.001670
1979	1	0.000775	0.001670
1983	1	0.000775	0.001670
1987	1	0.000775	0.001670
1991	1	0.000775	0.001670
商品	1	0.000775	0.001670
43	1	0.000775	0.001670
1981	1	0.000775	0.001625
1982	1	0.000775	0.001625
in	1	0.000775	0.001625
事項	1	0.000775	0.001625
獲得	1	0.000775	0.001625
キャラクター	1	0.000775	0.001585
1989	1	0.000775	0.001585
タイトル	1	0.000775	0.001585
cm	1	0.000775	0.001550
CD	1	0.000775	0.001550
現代	1	0.000775	0.001550
1968	1	0.000775	0.001550
1997	1	0.000775	0.001550
英	1	0.000775	0.001550
91	1	0.000775	0.001550
何	1	0.000775	0.001550
the	1	0.000775	0.001550
変更	1	0.000775	0.001518
of	1	0.000775	0.001518
1967	1	0.000775	0.001518
1973	1	0.000775	0.001518
1986	1	0.000775	0.001518
50	1	0.000775	0.001518
大阪	1	0.000775	0.001518
1985	1	0.000775	0.001489
彼	1	0.000775	0.001489
音楽	1	0.000775	0.001489
夏	1	0.000775	0.001462
誕生	1	0.000775	0.001462
1970	1	0.000775	0.001462
1996	1	0.000775	0.001462
たち	1	0.000775	0.001437
ら	1	0.000775	0.001414
2010	1	0.000775	0.001414
以外	1	0.000775	0.001414
登場	1	0.000775	0.001392
27	1	0.000775	0.001392
本	1	0.000775	0.001371
万	1	0.000775	0.001371
95	1	0.000775	0.001352
29	1	0.000775	0.001334
1980	1	0.000775	0.001334
2002	1	0.000775	0.001334
2006	1	0.000775	0.001334
度	1	0.000775	0.001334
22	1	0.000775	0.001317
2005	1	0.000775	0.001317
PJ	1	0.000775	0.001317
2008	1	0.000775	0.001270
2001	1	0.000775	0.001255
30	1	0.000775	0.001228
関係	1	0.000775	0.001228
2004	1	0.000775	0.001216
2007	1	0.000775	0.001216
16	1	0.000775	0.001192
家	1	0.000775	0.001169
加筆	1	0.000775	0.001169
訂正	1	0.000775	0.001169
使用	1	0.000775	0.001138
20	1	0.000775	0.001128
協力	1	0.000775	0.001119
時代	1	0.000775	0.001092
中	1	0.000775	0.001059
後	1	0.000775	0.000976
者	1	0.000775	0.000920
こと	1	0.000775	0.000890
目次	1	0.000775	0.000886
項目	1	0.000775	0.000886
http	1	0.000775	0.000778
://	1	0.000775	0.000778
ja	1	0.000775	0.000778
wikipedia	1	0.000775	0.000778
org	1	0.000775	0.000778
wiki	1	0.000775	0.000778
作成	1	0.000775	0.000778
カテゴリ	1	0.000775	0.000778
出典	1	0.000775	0.000775
フリー	1	0.000775	0.000775
百科	1	0.000775	0.000775
事典	1	0.000775	0.000775
ウィキペディア	1	0.000775	0.000775
Wikipedia	1	0.000775	0.000775
ナビゲーション	1	0.000775	0.000775
検索	1	0.000775	0.000775
