病	60	0.059055	0.177165
症	47	0.046260	0.110929
伝染	35	0.034449	0.103347
性	50	0.049213	0.074945
感染	24	0.023622	0.070866
豚	20	0.019685	0.059055
炎	22	0.021654	0.058443
ウイルス	16	0.015748	0.047244
馬	19	0.018701	0.047180
牛	14	0.013780	0.037192
家畜	12	0.011811	0.031878
下痢	9	0.008858	0.026574
流行	10	0.009843	0.026566
予防	7	0.006890	0.020670
羊	7	0.006890	0.020670
痘	7	0.006890	0.020670
鶏	7	0.006890	0.020670
鼻	8	0.007874	0.019865
熱	8	0.007874	0.018881
出血	6	0.005906	0.017718
疫	6	0.005906	0.017718
山羊	6	0.005906	0.017718
肺炎	6	0.005906	0.017718
コレラ	6	0.005906	0.017718
獣疫	5	0.004921	0.014763
気管	5	0.004921	0.014763
インフルエンザ	5	0.004921	0.014763
疽	5	0.004921	0.014763
プラズマ	4	0.003937	0.011811
症候群	4	0.003937	0.011811
壊死	4	0.003937	0.011811
口	5	0.004921	0.011323
水	6	0.005906	0.010772
小腸	4	0.003937	0.010626
衛生	4	0.003937	0.010626
脳	4	0.003937	0.010626
脊髄	4	0.003937	0.010626
法	5	0.004921	0.008975
コロナ	3	0.002953	0.008859
家禽	3	0.002953	0.008859
畜産	3	0.002953	0.008859
悪性	3	0.002953	0.008859
狂犬病	3	0.002953	0.008859
牛疫	3	0.002953	0.008859
結核	3	0.002953	0.008859
白血病	3	0.002953	0.008859
敗血症	3	0.002953	0.008859
サルモネラ	3	0.002953	0.008859
貧血	3	0.002953	0.008859
兎	3	0.002953	0.008859
腫	3	0.002953	0.008859
蛆	3	0.002953	0.008859
造血	3	0.002953	0.008859
アフリカ	4	0.003937	0.008747
農業	4	0.003937	0.008484
原因	3	0.002953	0.007970
あひる	3	0.002953	0.007970
国際	4	0.003937	0.007425
事務	3	0.002953	0.007081
鳥	3	0.002953	0.006795
器	3	0.002953	0.006795
動物	3	0.002953	0.006561
編集	6	0.005906	0.006011
届出	2	0.001969	0.005907
症状	2	0.001969	0.005907
診断	2	0.001969	0.005907
粘膜	2	0.001969	0.005907
細胞	2	0.001969	0.005907
萎縮	2	0.001969	0.005907
ワクチン	2	0.001969	0.005907
病原	2	0.001969	0.005907
検疫	2	0.001969	0.005907
OIE	2	0.001969	0.005907
防疫	2	0.001969	0.005907
商	2	0.001969	0.005907
協定	2	0.001969	0.005907
炭疽	2	0.001969	0.005907
オーエス	2	0.001969	0.005907
ブルータング	2	0.001969	0.005907
ブルセラ	2	0.001969	0.005907
エキノコックス	2	0.001969	0.005907
蹄	2	0.001969	0.005907
日本脳炎	2	0.001969	0.005907
レプトスピラ	2	0.001969	0.005907
ラセンウジバエ	2	0.001969	0.005907
ヨーネ	2	0.001969	0.005907
リフト	2	0.001969	0.005907
バレー	2	0.001969	0.005907
野兎	2	0.001969	0.005907
胞性	2	0.001969	0.005907
海綿	2	0.001969	0.005907
脳症	2	0.001969	0.005907
肺	2	0.001969	0.005907
カタル	2	0.001969	0.005907
トリコモナス	2	0.001969	0.005907
関節	2	0.001969	0.005907
乳	2	0.001969	0.005907
胸膜	2	0.001969	0.005907
流産	2	0.001969	0.005907
ナイロビ	2	0.001969	0.005907
反芻	2	0.001969	0.005907
子宮	2	0.001969	0.005907
脳炎	2	0.001969	0.005907
ピロ	2	0.001969	0.005907
動脈	2	0.001969	0.005907
ニパウイルス	2	0.001969	0.005907
呼吸	2	0.001969	0.005907
胞病	2	0.001969	0.005907
胃腸	2	0.001969	0.005907
気管支炎	2	0.001969	0.005907
喉頭	2	0.001969	0.005907
マイコプラズマ	2	0.001969	0.005907
ファブリキウス	2	0.001969	0.005907
マレック	2	0.001969	0.005907
ニューカッスル	2	0.001969	0.005907
粘液	2	0.001969	0.005907
アカリンダニ	2	0.001969	0.005907
バロア	2	0.001969	0.005907
Bonamia	2	0.001969	0.005907
Perkinsus	2	0.001969	0.005907
検出	2	0.001969	0.005314
キー	2	0.001969	0.005314
アナ	2	0.001969	0.005314
皮膚	2	0.001969	0.005314
肝炎	2	0.001969	0.005314
ウサギ	2	0.001969	0.005314
きん	2	0.001969	0.005314
局	3	0.002953	0.005083
繁殖	2	0.001969	0.004968
障害	2	0.001969	0.004968
白	2	0.001969	0.004968
獣	2	0.001969	0.004722
世界	3	0.002953	0.004632
分離	2	0.001969	0.004531
小	2	0.001969	0.004375
科	2	0.001969	0.004243
状	2	0.001969	0.004129
組織	2	0.001969	0.004028
類	2	0.001969	0.003938
ISBN	2	0.001969	0.003591
機関	2	0.001969	0.003536
表示	3	0.002953	0.003374
文献	2	0.001969	0.003345
所	2	0.001969	0.003345
関連	3	0.002953	0.003305
参考	2	0.001969	0.003304
化	2	0.001969	0.003028
等	2	0.001969	0.002971
家	2	0.001969	0.002971
ゅうこうせいげり	1	0.000984	0.002952
porcine	1	0.000984	0.002952
epidemic	1	0.000984	0.002952
diarrhea	1	0.000984	0.002952
PED	1	0.000984	0.002952
RNA	1	0.000984	0.002952
ゲノム	1	0.000984	0.002952
エンベロープ	1	0.000984	0.002952
球形	1	0.000984	0.002952
ビリオン	1	0.000984	0.002952
上皮	1	0.000984	0.002952
増殖	1	0.000984	0.002952
糞便	1	0.000984	0.002952
経口	1	0.000984	0.002952
食欲	1	0.000984	0.002952
病変	1	0.000984	0.002952
限局	1	0.000984	0.002952
壁	1	0.000984	0.002952
菲薄	1	0.000984	0.002952
絨毛	1	0.000984	0.002952
培養	1	0.000984	0.002952
免疫	1	0.000984	0.002952
抗原	1	0.000984	0.002952
中和	1	0.000984	0.002952
抗体	1	0.000984	0.002952
在地	1	0.000984	0.002952
接種	1	0.000984	0.002952
雅光	1	0.000984	0.002952
新城	1	0.000984	0.002952
敏晴	1	0.000984	0.002952
高橋	1	0.000984	0.002952
英司	1	0.000984	0.002952
田淵	1	0.000984	0.002952
原澤	1	0.000984	0.002952
朝倉書店	1	0.000984	0.002952
4254460198	1	0.000984	0.002952
悠紀	1	0.000984	0.002952
臣	1	0.000984	0.002952
4874020747	1	0.000984	0.002952
酪農	1	0.000984	0.002952
養豚	1	0.000984	0.002952
養鶏	1	0.000984	0.002952
養蜂	1	0.000984	0.002952
公衆	1	0.000984	0.002952
アウトブレイク	1	0.000984	0.002952
パンデ	1	0.000984	0.002952
ミック	1	0.000984	0.002952
屠殺	1	0.000984	0.002952
食糧	1	0.000984	0.002952
FAO	1	0.000984	0.002952
農林水産省	1	0.000984	0.002952
保健	1	0.000984	0.002952
畜場	1	0.000984	0.002952
共済	1	0.000984	0.002952
災害	1	0.000984	0.002952
補償	1	0.000984	0.002952
SPS	1	0.000984	0.002952
農水省	1	0.000984	0.002952
厚	1	0.000984	0.002952
労	1	0.000984	0.002952
獣医	1	0.000984	0.002952
法規	1	0.000984	0.002952
疾病	1	0.000984	0.002952
クリミア	1	0.000984	0.002952
コンゴ	1	0.000984	0.002952
旋毛	1	0.000984	0.002952
ナイル	1	0.000984	0.002952
ウシ	1	0.000984	0.002952
バベシア	1	0.000984	0.002952
タイレリア	1	0.000984	0.002952
ナガナ	1	0.000984	0.002952
ヒツジ	1	0.000984	0.002952
ヤギ	1	0.000984	0.002952
緬羊	1	0.000984	0.002952
ブルセラオビス	1	0.000984	0.002952
スクレイピー	1	0.000984	0.002952
ウマ	1	0.000984	0.002952
媾疫	1	0.000984	0.002952
スーラ	1	0.000984	0.002952
ベネズエラ	1	0.000984	0.002952
トリ	1	0.000984	0.002952
クラミジア	1	0.000984	0.002952
チフス	1	0.000984	0.002952
痢	1	0.000984	0.002952
七面鳥	1	0.000984	0.002952
スモール・ハイブ・ビートル	1	0.000984	0.002952
ミツバチトゲダニ	1	0.000984	0.002952
魚類	1	0.000984	0.002952
コイ	1	0.000984	0.002952
膵臓	1	0.000984	0.002952
サケ	1	0.000984	0.002952
潰瘍	1	0.000984	0.002952
細菌	1	0.000984	0.002952
ギロダクチルス	1	0.000984	0.002952
マダイイリドウイルス	1	0.000984	0.002952
軟体動物	1	0.000984	0.002952
ostreae	1	0.000984	0.002952
exitiosus	1	0.000984	0.002952
Marteilia	1	0.000984	0.002952
refringens	1	0.000984	0.002952
Mikrocytos	1	0.000984	0.002952
roughleyi	1	0.000984	0.002952
marinus	1	0.000984	0.002952
olseni	1	0.000984	0.002952
Xenohaliotis	1	0.000984	0.002952
californiensis	1	0.000984	0.002952
甲殻	1	0.000984	0.002952
タウラ	1	0.000984	0.002952
ヘッド	1	0.000984	0.002952
バキュロウイルス・ペナエイ	1	0.000984	0.002952
バキュロウイルス	1	0.000984	0.002952
皮下	1	0.000984	0.002952
ザリガニ	1	0.000984	0.002952
リーシュマニア	1	0.000984	0.002952
法定	1	0.000984	0.002952
バネ	1	0.000984	0.002952
チュウザン	1	0.000984	0.002952
ランピースキン	1	0.000984	0.002952
アイノウイルス	1	0.000984	0.002952
イバラキ	1	0.000984	0.002952
疹性	1	0.000984	0.002952
破傷風	1	0.000984	0.002952
カンピロバクター	1	0.000984	0.002952
トリパノソーマ	1	0.000984	0.002952
ネオスポラ	1	0.000984	0.002952
バエ	1	0.000984	0.002952
幼虫	1	0.000984	0.002952
モルビリウイルス	1	0.000984	0.002952
パラチフス	1	0.000984	0.002952
仮性	1	0.000984	0.002952
膿疱	1	0.000984	0.002952
マエディ・ビスナ	1	0.000984	0.002952
トキソプラズマ	1	0.000984	0.002952
疥癬	1	0.000984	0.002952
エンテロウイルス	1	0.000984	0.002952
水疱	1	0.000984	0.002952
疹	1	0.000984	0.002952
鼻炎	1	0.000984	0.002952
丹毒	1	0.000984	0.002952
赤痢	1	0.000984	0.002952
嚢病	1	0.000984	0.002952
ロイコチトゾーン	1	0.000984	0.002952
腸	1	0.000984	0.002952
チョーク	1	0.000984	0.002952
ノゼマ	1	0.000984	0.002952
猪	1	0.000984	0.002656
属	1	0.000984	0.002656
プラス	1	0.000984	0.002656
鎖	1	0.000984	0.002656
nm	1	0.000984	0.002656
不振	1	0.000984	0.002656
染色	1	0.000984	0.002656
拡大	1	0.000984	0.002656
有効	1	0.000984	0.002656
鹿	1	0.000984	0.002656
亮	1	0.000984	0.002656
微生物	1	0.000984	0.002656
牧畜	1	0.000984	0.002656
機構	1	0.000984	0.002656
保健所	1	0.000984	0.002656
組合	1	0.000984	0.002656
貿易	1	0.000984	0.002656
Category	1	0.000984	0.002656
虫	1	0.000984	0.002656
慢性	1	0.000984	0.002656
進行	1	0.000984	0.002656
ブタ	1	0.000984	0.002656
ひな	1	0.000984	0.002656
ハチ	1	0.000984	0.002656
腎臓	1	0.000984	0.002656
イエロー	1	0.000984	0.002656
ラクダ	1	0.000984	0.002656
アカ	1	0.000984	0.002656
気	1	0.000984	0.002656
皮	1	0.000984	0.002656
編	2	0.001969	0.002615
的	2	0.001969	0.002545
160	1	0.000984	0.002483
器具	1	0.000984	0.002483
消失	1	0.000984	0.002483
化学	1	0.000984	0.002483
江	1	0.000984	0.002483
コード	1	0.000984	0.002483
複数	1	0.000984	0.002483
モノ	1	0.000984	0.002483
汚染	1	0.000984	0.002360
元気	1	0.000984	0.002360
現実	1	0.000984	0.002360
最新	1	0.000984	0.002360
清水	1	0.000984	0.002360
業	1	0.000984	0.002360
経路	1	0.000984	0.002360
海外	1	0.000984	0.002360
処分	1	0.000984	0.002360
食品	1	0.000984	0.002360
研究所	1	0.000984	0.002360
医師	1	0.000984	0.002360
東部	1	0.000984	0.002360
ドン	1	0.000984	0.002360
監視	1	0.000984	0.002360
120	1	0.000984	0.002264
防止	1	0.000984	0.002264
清	1	0.000984	0.002264
丘	1	0.000984	0.002264
項目	2	0.001969	0.002250
試験	1	0.000984	0.002186
言葉	1	0.000984	0.002186
共通	1	0.000984	0.002186
連合	1	0.000984	0.002186
産業	1	0.000984	0.002186
総合	1	0.000984	0.002186
官	1	0.000984	0.002186
心	1	0.000984	0.002186
西部	1	0.000984	0.002186
様	1	0.000984	0.002120
省	1	0.000984	0.002120
リスト	1	0.000984	0.002120
ヨーロッパ	1	0.000984	0.002120
春	1	0.000984	0.002120
指定	1	0.000984	0.002063
制度	1	0.000984	0.002063
法律	1	0.000984	0.002063
年	2	0.001969	0.002050
近代	1	0.000984	0.002013
体	1	0.000984	0.002013
協会	1	0.000984	0.001968
製	1	0.000984	0.001968
点	1	0.000984	0.001968
形成	1	0.000984	0.001927
管理	1	0.000984	0.001927
出版	1	0.000984	0.001927
員	1	0.000984	0.001927
高	1	0.000984	0.001927
97	1	0.000984	0.001927
技術	1	0.000984	0.001890
発生	1	0.000984	0.001856
研究	1	0.000984	0.001856
西	1	0.000984	0.001856
種	1	0.000984	0.001824
1998	1	0.000984	0.001795
学	1	0.000984	0.001767
本	1	0.000984	0.001741
その他	1	0.000984	0.001741
型	1	0.000984	0.001717
ほか	1	0.000984	0.001694
2002	1	0.000984	0.001694
施設	1	0.000984	0.001694
アメリカ	1	0.000984	0.001694
場	1	0.000984	0.001651
80	1	0.000984	0.001651
81	1	0.000984	0.001631
主	1	0.000984	0.001544
上	1	0.000984	0.001499
一	1	0.000984	0.001345
話	1	0.000984	0.001335
表	1	0.000984	0.001325
・	1	0.000984	0.001316
人	1	0.000984	0.001239
ため	1	0.000984	0.001209
日本	1	0.000984	0.001168
目次	1	0.000984	0.001124
/%	1	0.000984	0.001015
http	1	0.000984	0.000988
://	1	0.000984	0.000988
ja	1	0.000984	0.000988
wikipedia	1	0.000984	0.000988
org	1	0.000984	0.000988
wiki	1	0.000984	0.000988
作成	1	0.000984	0.000988
カテゴリ	1	0.000984	0.000988
出典	1	0.000984	0.000984
フリー	1	0.000984	0.000984
百科	1	0.000984	0.000984
事典	1	0.000984	0.000984
ウィキペディア	1	0.000984	0.000984
Wikipedia	1	0.000984	0.000984
移動	1	0.000984	0.000984
ナビゲーション	1	0.000984	0.000984
検索	1	0.000984	0.000984
