ケルン	30	0.021994	0.065982
線	51	0.037390	0.063524
駅	41	0.030059	0.052445
高速	27	0.019795	0.041508
空港	23	0.016862	0.040434
鉄道	26	0.019062	0.038124
フランクフルト	16	0.011730	0.035190
ボン	12	0.008798	0.026394
列車	16	0.011730	0.026062
路線	18	0.013196	0.025347
ライン	12	0.008798	0.023746
建設	15	0.010997	0.022497
ICE	10	0.007331	0.021993
ルート	11	0.008065	0.021767
号線	11	0.008065	0.020347
区間	12	0.008798	0.020244
km	14	0.010264	0.018721
軌道	10	0.007331	0.018495
開業	12	0.008798	0.017999
計画	12	0.008798	0.017596
マイン	8	0.005865	0.017595
勾配	8	0.005865	0.017595
ヴィースバーデン	8	0.005865	0.017595
ドイツ	11	0.008065	0.016912
月	19	0.013930	0.015752
中央	11	0.008065	0.015491
年	20	0.014663	0.015264
方向	9	0.006598	0.014218
ループ	7	0.005132	0.013851
接続	7	0.005132	0.013851
ため	15	0.010997	0.013517
アウトバーン	6	0.004399	0.013197
分岐	6	0.004399	0.013197
速度	7	0.005132	0.012306
最高	8	0.005865	0.012298
州	9	0.006598	0.012232
日	14	0.010264	0.011983
DB	5	0.003666	0.010998
リンブルク	5	0.003666	0.010998
新駅	5	0.003666	0.010998
連邦	6	0.004399	0.010122
方面	7	0.005132	0.009858
規格	6	0.004399	0.009479
走行	5	0.003666	0.009249
‰	4	0.002933	0.008799
半径	4	0.002933	0.008799
ジークブルク・ボン	4	0.002933	0.008799
ジーク	4	0.002933	0.008799
経由	5	0.003666	0.008791
運転	5	0.003666	0.008436
300	5	0.003666	0.008436
トンネル	5	0.003666	0.008436
連絡	5	0.003666	0.008436
橋	5	0.003666	0.008436
間	7	0.005132	0.008050
方式	5	0.003666	0.007900
コンクリート	4	0.002933	0.007400
変更	5	0.003666	0.007180
南	5	0.003666	0.007042
現在	7	0.005132	0.006912
こと	8	0.005865	0.006737
編集	9	0.006598	0.006715
的	7	0.005132	0.006633
フランクフルト・アム・マイン	3	0.002199	0.006597
近距離	3	0.002199	0.006597
コブ	3	0.002199	0.006597
モンタバウアー	3	0.002199	0.006597
マンハイム	3	0.002199	0.006597
レール	3	0.002199	0.006597
ホーエンツォレルン	3	0.002199	0.006597
それぞれ	4	0.002933	0.006517
83	7	0.005132	0.006464
mm	4	0.002933	0.006320
開始	5	0.003666	0.006310
率	4	0.002933	0.006150
決定	4	0.002933	0.006150
レンツ	3	0.002199	0.005935
間隔	3	0.002199	0.005935
固定	3	0.002199	0.005935
右岸	3	0.002199	0.005935
12	6	0.004399	0.005762
13	5	0.003666	0.005751
曲	4	0.002933	0.005634
180	3	0.002199	0.005548
66	3	0.002199	0.005548
北	4	0.002933	0.005532
15	5	0.003666	0.005480
旅客	3	0.002199	0.005273
貨物	3	0.002199	0.005273
協議	3	0.002199	0.005273
系統	3	0.002199	0.005273
中心	4	0.002933	0.005190
工事	3	0.002199	0.005060
2002	4	0.002933	0.005048
沿い	3	0.002199	0.004886
通過	3	0.002199	0.004886
最大	3	0.002199	0.004611
整備	3	0.002199	0.004611
その後	4	0.002933	0.004510
40	3	0.002199	0.004499
費	2	0.001466	0.004398
遠距離	2	0.001466	0.004398
線形	2	0.001466	0.004398
LGV	2	0.001466	0.004398
ノルトライン	2	0.001466	0.004398
ヴェストファーレン	2	0.001466	0.004398
ラインラント	2	0.001466	0.004398
プファルツ	2	0.001466	0.004398
ヘッセン	2	0.001466	0.004398
マインツ	2	0.001466	0.004398
かなり	2	0.001466	0.004398
ジークブルク	2	0.001466	0.004398
リート	2	0.001466	0.004398
スラブ	2	0.001466	0.004398
ケルン・メッセ・ドイツ	2	0.001466	0.004398
南橋	2	0.001466	0.004398
トロイスドルフ	2	0.001466	0.004398
転	2	0.001466	0.004398
これら	3	0.002199	0.004307
完成	3	0.002199	0.004224
最初	3	0.002199	0.004224
国際	3	0.002199	0.004147
動力	2	0.001466	0.003957
沿線	2	0.001466	0.003957
費用	2	0.001466	0.003957
在来	2	0.001466	0.003957
複線	2	0.001466	0.003957
着工	2	0.001466	0.003957
敷設	2	0.001466	0.003957
デュッセルドルフ	2	0.001466	0.003957
電化	2	0.001466	0.003957
以内	2	0.001466	0.003957
設置	3	0.002199	0.003949
82	4	0.002933	0.003791
交渉	2	0.001466	0.003699
運輸	2	0.001466	0.003699
大臣	2	0.001466	0.003699
拡張	2	0.001466	0.003699
160	2	0.001466	0.003699
部	3	0.002199	0.003562
経路	2	0.001466	0.003515
訴訟	2	0.001466	0.003515
往復	2	0.001466	0.003515
者	4	0.002933	0.003482
16	3	0.002199	0.003381
川	2	0.001466	0.003373
本線	2	0.001466	0.003373
頁	2	0.001466	0.003373
従来	2	0.001466	0.003257
隣接	2	0.001466	0.003257
編成	2	0.001466	0.003257
20	3	0.002199	0.003202
反対	2	0.001466	0.003159
48	2	0.001466	0.003159
最終	2	0.001466	0.003159
全長	2	0.001466	0.003074
対応	2	0.001466	0.003074
専用	2	0.001466	0.003074
都市	2	0.001466	0.003074
直接	2	0.001466	0.003074
法律	2	0.001466	0.003074
中	3	0.002199	0.003005
詳細	2	0.001466	0.002999
付近	2	0.001466	0.002999
最後	2	0.001466	0.002999
通り	2	0.001466	0.002999
沿革	2	0.001466	0.002932
000	2	0.001466	0.002932
調査	2	0.001466	0.002932
政府	2	0.001466	0.002871
当初	2	0.001466	0.002871
技術	2	0.001466	0.002816
営業	2	0.001466	0.002816
後	3	0.002199	0.002770
人	3	0.002199	0.002770
1995	2	0.001466	0.002765
地域	2	0.001466	0.002765
1999	2	0.001466	0.002765
位置	2	0.001466	0.002718
面	2	0.001466	0.002674
問題	2	0.001466	0.002674
機関	2	0.001466	0.002633
万	2	0.001466	0.002594
以降	2	0.001466	0.002558
交通	2	0.001466	0.002523
一般	2	0.001466	0.002523
文献	2	0.001466	0.002491
PJ	2	0.001466	0.002491
AB	2	0.001466	0.002491
関連	3	0.002199	0.002461
参考	2	0.001466	0.002460
概要	2	0.001466	0.002402
2001	2	0.001466	0.002375
利用	2	0.001466	0.002349
2004	2	0.001466	0.002300
加筆	2	0.001466	0.002212
訂正	2	0.001466	0.002212
Neubaustrecke	1	0.000733	0.002199
Koln	1	0.000733	0.002199
Rhein	1	0.000733	0.002199
Main	1	0.000733	0.002199
Cologne	1	0.000733	0.002199
Frankfurt	1	0.000733	0.002199
speed	1	0.000733	0.002199
rail	1	0.000733	0.002199
line	1	0.000733	0.002199
対策	1	0.000733	0.002199
低減	1	0.000733	0.002199
登坂	1	0.000733	0.002199
ユーロ	1	0.000733	0.002199
Deutsche	1	0.000733	0.002199
Bundesbahn	1	0.000733	0.002199
網	1	0.000733	0.002199
西ドイツ	1	0.000733	0.002199
ダルムシュタット	1	0.000733	0.002199
グロース・ゲラウ	1	0.000733	0.002199
マンハイム・シュトゥットガルト	1	0.000733	0.002199
ハノーファー・ヴュルツブルク	1	0.000733	0.002199
貨両	1	0.000733	0.002199
‰(	1	0.000733	0.002199
急	1	0.000733	0.002199
多用	1	0.000733	0.002199
直線	1	0.000733	0.002199
莫大	1	0.000733	0.002199
TGV	1	0.000733	0.002199
アンデルナハ	1	0.000733	0.002199
空港南	1	0.000733	0.002199
LRT	1	0.000733	0.002199
コブレンツ	1	0.000733	0.002199
ラーンタール	1	0.000733	0.002199
Lahntalbahn	1	0.000733	0.002199
交点	1	0.000733	0.002199
Riedbahn	1	0.000733	0.002199
乗り入れ	1	0.000733	0.002199
既存	1	0.000733	0.002199
ヴェスターブルク	1	0.000733	0.002199
ヴィースバーデン・フランクフルト	1	0.000733	0.002199
カント	1	0.000733	0.002199
用地	1	0.000733	0.002199
節約	1	0.000733	0.002199
フランクフルター・クロイツ	1	0.000733	0.002199
Matthias	1	0.000733	0.002199
Wissmann	1	0.000733	0.002199
ノルトライン・ヴェストファーレン	1	0.000733	0.002199
鍬入れ	1	0.000733	0.002199
シュロス・レットゲントンネル	1	0.000733	0.002199
調停	1	0.000733	0.002199
長距離	1	0.000733	0.002199
シュールヴァルトトンネル	1	0.000733	0.002199
同月	1	0.000733	0.002199
ディーゼル	1	0.000733	0.002199
イドシュタイン	1	0.000733	0.002199
動員	1	0.000733	0.002199
土砂	1	0.000733	0.002199
採鉱	1	0.000733	0.002199
セレモニー	1	0.000733	0.002199
来賓	1	0.000733	0.002199
併結	1	0.000733	0.002199
暫定	1	0.000733	0.002199
スタート	1	0.000733	0.002199
翌月	1	0.000733	0.002199
増発	1	0.000733	0.002199
ミュンヘン	1	0.000733	0.002199
シュトゥットガルト	1	0.000733	0.002199
ドルトムント	1	0.000733	0.002199
バーゼル	1	0.000733	0.002199
頻度	1	0.000733	0.002199
体系	1	0.000733	0.002199
予約	1	0.000733	0.002199
含	1	0.000733	0.002199
kV	1	0.000733	0.002199
Hz	1	0.000733	0.002199
3320	1	0.000733	0.002199
LZB	1	0.000733	0.002199
GSM	1	0.000733	0.002199
枕木	1	0.000733	0.002199
組み立て	1	0.000733	0.002199
ブロック	1	0.000733	0.002199
高低	1	0.000733	0.002199
偏差	1	0.000733	0.002199
ヴッパータール	1	0.000733	0.002199
。(	1	0.000733	0.002199
アーヘン	1	0.000733	0.002199
別れ	1	0.000733	0.002199
ケルン・ポルツ・ヴァーン	1	0.000733	0.002199
グレムベルク	1	0.000733	0.002199
各線	1	0.000733	0.002199
ケルン・ポルツ	1	0.000733	0.002199
トロイソドルフ	1	0.000733	0.002199
ポルツ・トロイスドルフ	1	0.000733	0.002199
627	1	0.000733	0.002199
ボン・ボイエル	1	0.000733	0.002199
走り	1	0.000733	0.002199
ジーカウエントンネル	1	0.000733	0.002199
Siegauen	1	0.000733	0.002199
Tunnel	1	0.000733	0.002199
220	1	0.000733	0.002199
ブレッケンハイム	1	0.000733	0.002199
Breckenheim	1	0.000733	0.002199
Landches	1	0.000733	0.002199
ジャーナル	1	0.000733	0.002199
東原	1	0.000733	0.002199
昭彦	1	0.000733	0.002199
EF	1	0.000733	0.002199
記事	2	0.001466	0.002153
協力	2	0.001466	0.002116
11	2	0.001466	0.002049
の	2	0.001466	0.002018
de	1	0.000733	0.001978
high	1	0.000733	0.001978
集中	1	0.000733	0.001978
分散	1	0.000733	0.001978
両用	1	0.000733	0.001978
管区	1	0.000733	0.001978
仕様	1	0.000733	0.001978
橋梁	1	0.000733	0.001978
新	1	0.000733	0.001978
考え方	1	0.000733	0.001978
350	1	0.000733	0.001978
迂回	1	0.000733	0.001978
推奨	1	0.000733	0.001978
同意	1	0.000733	0.001978
検討	1	0.000733	0.001978
断念	1	0.000733	0.001978
結局	1	0.000733	0.001978
改変	1	0.000733	0.001978
その間	1	0.000733	0.001978
320	1	0.000733	0.001978
全線	1	0.000733	0.001978
地質	1	0.000733	0.001978
架線	1	0.000733	0.001978
750	1	0.000733	0.001978
スピーチ	1	0.000733	0.001978
毎	1	0.000733	0.001978
ルール	1	0.000733	0.001978
アムステルダム	1	0.000733	0.001978
延長	1	0.000733	0.001978
軌間	1	0.000733	0.001978
436	1	0.000733	0.001978
到達	1	0.000733	0.001978
番線	1	0.000733	0.001978
地平	1	0.000733	0.001978
バイパス	1	0.000733	0.001978
操車	1	0.000733	0.001978
75	1	0.000733	0.001978
79	1	0.000733	0.001978
CP	1	0.000733	0.001978
並行	1	0.000733	0.001849
800	1	0.000733	0.001849
曲線	1	0.000733	0.001849
回避	1	0.000733	0.001849
連続	1	0.000733	0.001849
議論	1	0.000733	0.001849
地点	1	0.000733	0.001849
コスト	1	0.000733	0.001849
案	1	0.000733	0.001849
中止	1	0.000733	0.001849
横断	1	0.000733	0.001849
解決	1	0.000733	0.001849
予定	1	0.000733	0.001849
調整	1	0.000733	0.001849
当	1	0.000733	0.001849
両	1	0.000733	0.001849
公募	1	0.000733	0.001849
あたり	1	0.000733	0.001849
混乱	1	0.000733	0.001849
装置	1	0.000733	0.001849
うえ	1	0.000733	0.001849
折り返し	1	0.000733	0.001849
郊外	1	0.000733	0.001849
en	1	0.000733	0.001758
渓谷	1	0.000733	0.001758
重視	1	0.000733	0.001758
合意	1	0.000733	0.001758
自治体	1	0.000733	0.001758
考慮	1	0.000733	0.001758
オプション	1	0.000733	0.001758
東側	1	0.000733	0.001758
十分	1	0.000733	0.001758
400	1	0.000733	0.001758
犠牲	1	0.000733	0.001758
社長	1	0.000733	0.001758
始め	1	0.000733	0.001758
700	1	0.000733	0.001758
保安	1	0.000733	0.001758
北西	1	0.000733	0.001758
結合	1	0.000733	0.001758
一緒	1	0.000733	0.001758
転換	1	0.000733	0.001758
出力	1	0.000733	0.001687
赤	1	0.000733	0.001687
行政	1	0.000733	0.001687
250	1	0.000733	0.001687
フランス	1	0.000733	0.001687
非常	1	0.000733	0.001687
箇所	1	0.000733	0.001687
現場	1	0.000733	0.001687
制限	1	0.000733	0.001687
作業	1	0.000733	0.001687
報道	1	0.000733	0.001687
西側	1	0.000733	0.001687
項目	2	0.001466	0.001675
性能	1	0.000733	0.001629
億	1	0.000733	0.001629
新た	1	0.000733	0.001629
候補	1	0.000733	0.001629
南部	1	0.000733	0.001629
今	1	0.000733	0.001629
達成	1	0.000733	0.001629
70	1	0.000733	0.001629
試験	1	0.000733	0.001629
特別	1	0.000733	0.001629
運行	1	0.000733	0.001629
マルチメディア	1	0.000733	0.001629
客	1	0.000733	0.001580
一番	1	0.000733	0.001580
37	1	0.000733	0.001580
向け	1	0.000733	0.001580
交流	1	0.000733	0.001580
ヨーロッパ	1	0.000733	0.001580
ホーム	1	0.000733	0.001580
98	1	0.000733	0.001580
困難	1	0.000733	0.001537
以前	1	0.000733	0.001537
採用	1	0.000733	0.001537
車	1	0.000733	0.001537
方法	1	0.000733	0.001537
近く	1	0.000733	0.001537
環境	1	0.000733	0.001500
1960	1	0.000733	0.001500
1989	1	0.000733	0.001500
場所	1	0.000733	0.001500
期間	1	0.000733	0.001500
国内	1	0.000733	0.001500
アクセス	1	0.000733	0.001500
点	1	0.000733	0.001466
1997	1	0.000733	0.001466
32	1	0.000733	0.001466
200	1	0.000733	0.001466
84	1	0.000733	0.001466
周辺	1	0.000733	0.001436
1973	1	0.000733	0.001436
1993	1	0.000733	0.001436
50	1	0.000733	0.001436
92	1	0.000733	0.001436
500	1	0.000733	0.001436
高	1	0.000733	0.001436
影響	1	0.000733	0.001436
員	1	0.000733	0.001436
全て	1	0.000733	0.001436
東	1	0.000733	0.001436
形成	1	0.000733	0.001436
93	1	0.000733	0.001436
用	1	0.000733	0.001408
1985	1	0.000733	0.001408
60	1	0.000733	0.001382
側	1	0.000733	0.001382
回	1	0.000733	0.001382
西	1	0.000733	0.001382
ウィキメディア・コモンズ	1	0.000733	0.001359
1998	1	0.000733	0.001337
100	1	0.000733	0.001337
結果	1	0.000733	0.001316
多く	1	0.000733	0.001316
学	1	0.000733	0.001316
部分	1	0.000733	0.001316
本	1	0.000733	0.001297
地方	1	0.000733	0.001297
下	1	0.000733	0.001297
25	1	0.000733	0.001279
22	1	0.000733	0.001245
場	1	0.000733	0.001230
80	1	0.000733	0.001230
年代	1	0.000733	0.001215
他	1	0.000733	0.001215
2000	1	0.000733	0.001215
分	1	0.000733	0.001215
89	1	0.000733	0.001215
81	1	0.000733	0.001215
21	1	0.000733	0.001201
必要	1	0.000733	0.001201
BC	1	0.000733	0.001201
関係	1	0.000733	0.001162
30	1	0.000733	0.001162
前	1	0.000733	0.001162
時間	1	0.000733	0.001162
BB	1	0.000733	0.001162
場合	1	0.000733	0.001138
地	1	0.000733	0.001127
それ	1	0.000733	0.001116
上	1	0.000733	0.001116
号	1	0.000733	0.001116
時	1	0.000733	0.001106
名	1	0.000733	0.001096
使用	1	0.000733	0.001076
二	1	0.000733	0.001067
これ	1	0.000733	0.001033
10	1	0.000733	0.001002
・	1	0.000733	0.000980
目次	1	0.000733	0.000838
表示	1	0.000733	0.000838
/%	1	0.000733	0.000756
http	1	0.000733	0.000736
://	1	0.000733	0.000736
ja	1	0.000733	0.000736
wikipedia	1	0.000733	0.000736
org	1	0.000733	0.000736
wiki	1	0.000733	0.000736
作成	1	0.000733	0.000736
カテゴリ	1	0.000733	0.000736
出典	1	0.000733	0.000733
フリー	1	0.000733	0.000733
百科	1	0.000733	0.000733
事典	1	0.000733	0.000733
ウィキペディア	1	0.000733	0.000733
Wikipedia	1	0.000733	0.000733
移動	1	0.000733	0.000733
ナビゲーション	1	0.000733	0.000733
検索	1	0.000733	0.000733
