エンジン	13	0.019090	0.048162
軽自動車	10	0.014684	0.044052
アルト	10	0.014684	0.044052
ワゴン	10	0.014684	0.044052
スズキ	11	0.016153	0.040752
カプチーノ	8	0.011747	0.035241
搭載	8	0.011747	0.031705
自動車	10	0.014684	0.029368
車種	8	0.011747	0.028169
DOHC	5	0.007342	0.022026
英国	5	0.007342	0.022026
エブリイ	5	0.007342	0.022026
ワークス	5	0.007342	0.019816
速	4	0.005874	0.017622
軽量	4	0.005874	0.017622
カルタス	4	0.005874	0.017622
ジムニー	4	0.005874	0.017622
スポーツ	5	0.007342	0.016313
ps	4	0.005874	0.015854
アルミ	4	0.005874	0.015854
化	6	0.008811	0.013548
FR	3	0.004405	0.013215
オーナーズクラブ	3	0.004405	0.013215
クレセント	3	0.004405	0.013215
セダン	3	0.004405	0.013215
エスクード	3	0.004405	0.013215
キャリイ	3	0.004405	0.013215
生産	4	0.005874	0.013051
mm	4	0.005874	0.012658
販売	4	0.005874	0.012317
採用	4	0.005874	0.012317
車	4	0.005874	0.012317
気筒	3	0.004405	0.011889
rpm	3	0.004405	0.011889
ホイール	3	0.004405	0.011889
発売	4	0.005874	0.011505
用	4	0.005874	0.011283
価格	3	0.004405	0.011113
年	7	0.010279	0.010700
海外	3	0.004405	0.010563
編集	7	0.010279	0.010461
型	4	0.005874	0.010249
モデル	3	0.004405	0.009787
年代	4	0.005874	0.009737
83	5	0.007342	0.009248
プロジェクト	3	0.004405	0.009012
MT	2	0.002937	0.008811
AT	2	0.002937	0.008811
サスペンション	2	0.002937	0.008811
ダブルウィッシュボーン	2	0.002937	0.008811
チューニングモデル	2	0.002937	0.008811
ルーフ	2	0.002937	0.008811
フロントミッドシップ	2	0.002937	0.008811
セルボモード	2	0.002937	0.008811
インタークーラーターボエンジン	2	0.002937	0.008811
SCORE	2	0.002937	0.008811
キット	2	0.002937	0.008811
アルトラパン	2	0.002937	0.008811
スイフト	2	0.002937	0.008811
シボレー	2	0.002937	0.008811
SX	2	0.002937	0.008811
MR	2	0.002937	0.008811
変更	3	0.004405	0.008628
kgm	2	0.002937	0.007927
フロント	2	0.002937	0.007927
チェンジ	2	0.002937	0.007927
)/	2	0.002937	0.007927
ワイド	2	0.002937	0.007927
82	4	0.005874	0.007592
重量	2	0.002937	0.007410
ABC	2	0.002937	0.007410
51	2	0.002937	0.007410
縦	2	0.002937	0.007410
装備	2	0.002937	0.007410
マイナー	2	0.002937	0.007410
バルブ	2	0.002937	0.007410
輸出	2	0.002937	0.007410
オープン	2	0.002937	0.007043
輪	2	0.002937	0.007043
64	2	0.002937	0.006758
選択	2	0.002937	0.006758
関連	4	0.005874	0.006574
性能	2	0.002937	0.006526
品	2	0.002937	0.006526
1991	2	0.002937	0.006329
タイプ	2	0.002937	0.006329
kg	2	0.002937	0.006159
設計	2	0.002937	0.006159
ドイツ	2	0.002937	0.006159
10	3	0.004405	0.006020
期間	2	0.002937	0.006008
開発	2	0.002937	0.005874
製	2	0.002937	0.005874
500	2	0.002937	0.005752
初期	2	0.002937	0.005539
発生	2	0.002937	0.005539
台	2	0.002937	0.005539
番組	2	0.002937	0.005445
1998	2	0.002937	0.005357
100	2	0.002937	0.005357
1990	2	0.002937	0.005357
項目	3	0.004405	0.005033
概要	2	0.002937	0.004812
数	2	0.002937	0.004655
存在	2	0.002937	0.004607
ボディ	1	0.001468	0.004404
657	1	0.001468	0.004404
変速	1	0.001468	0.004404
駆動	1	0.001468	0.004404
295	1	0.001468	0.004404
395	1	0.001468	0.004404
185	1	0.001468	0.004404
060	1	0.001468	0.004404
Cappuccino	1	0.001468	0.004404
カプチ	1	0.001468	0.004404
御三家	1	0.001468	0.004404
フロントエンジン・リアドライブ	1	0.001468	0.004404
追求	1	0.001468	0.004404
フラッグシップモデル	1	0.001468	0.004404
日産	1	0.001468	0.004404
ロングノーズ・ショートデッキ	1	0.001468	0.004404
スポーツカー	1	0.001468	0.004404
ピ	1	0.001468	0.004404
トランク	1	0.001468	0.004404
収納	1	0.001468	0.004404
タルガトップ	1	0.001468	0.004404
シーター	1	0.001468	0.004404
フロントアクスル	1	0.001468	0.004404
後部	1	0.001468	0.004404
重心	1	0.001468	0.004404
リア	1	0.001468	0.004404
左右	1	0.001468	0.004404
車体	1	0.001468	0.004404
剛性	1	0.001468	0.004404
プロペラ	1	0.001468	0.004404
シャフト	1	0.001468	0.004404
断面	1	0.001468	0.004404
シル	1	0.001468	0.004404
ボディー	1	0.001468	0.004404
純正	1	0.001468	0.004404
装着	1	0.001468	0.004404
用意	1	0.001468	0.004404
ブレーキ	1	0.001468	0.004404
ディスク	1	0.001468	0.004404
ベンチレーテッドタイプ	1	0.001468	0.004404
ABS	1	0.001468	0.004404
トルセン	1	0.001468	0.004404
LSD	1	0.001468	0.004404
ビット	1	0.001468	0.004404
制御	1	0.001468	0.004404
スペシャルティカー	1	0.001468	0.004404
長寿	1	0.001468	0.004404
145	1	0.001468	0.004404
158	1	0.001468	0.004404
ウィンカー	1	0.001468	0.004404
リアフォグ	1	0.001468	0.004404
リミッター	1	0.001468	0.004404
バーニー・エクレストン	1	0.001468	0.004404
ラルフ・シューマッハ	1	0.001468	0.004404
ロングノーズ	1	0.001468	0.004404
チューニングメーカー	1	0.001468	0.004404
コンプリートカー	1	0.001468	0.004404
インチ	1	0.001468	0.004404
一言	1	0.001468	0.004404
コスワース	1	0.001468	0.004404
マツダ	1	0.001468	0.004404
RX	1	0.001468	0.004404
ロータリー	1	0.001468	0.004404
プライベーター・ショップデモカー	1	0.001468	0.004404
チューナー	1	0.001468	0.004404
プラグ	1	0.001468	0.004404
パワーアップ	1	0.001468	0.004404
CappuccinoWiki	1	0.001468	0.004404
Wiki	1	0.001468	0.004404
乗用車	1	0.001468	0.004404
モータースポーツ	1	0.001468	0.004404
スタブ	1	0.001468	0.004404
]<-	1	0.001468	0.004404
ハッチ	1	0.001468	0.004404
セルボ	1	0.001468	0.004404
HT	1	0.001468	0.004404
GA	1	0.001468	0.004404
ZC	1	0.001468	0.004404
ZD	1	0.001468	0.004404
エリオ	1	0.001468	0.004404
カルタス・エスティーム	1	0.001468	0.004404
エリオセダン	1	0.001468	0.004404
キザシ	1	0.001468	0.004404
パレット	1	0.001468	0.004404
+(	1	0.001468	0.004404
リオ	1	0.001468	0.004404
MW	1	0.001468	0.004404
スプラッシュ	1	0.001468	0.004404
ミニバン	1	0.001468	0.004404
エブリイランディ	1	0.001468	0.004404
+)	1	0.001468	0.004404
ランディ	1	0.001468	0.004404
カルタス・コンバーティブル	1	0.001468	0.004404
クロスオーバー	1	0.001468	0.004404
Kei	1	0.001468	0.004404
SUV	1	0.001468	0.004404
1300	1	0.001468	0.004404
シ	1	0.001468	0.004404
エラ	1	0.001468	0.004404
ジムニーシエラ	1	0.001468	0.004404
グランドエスクード	1	0.001468	0.004404
商用	1	0.001468	0.004404
名	2	0.002937	0.004390
11	2	0.002937	0.004106
ドア	1	0.001468	0.003962
直列	1	0.001468	0.003962
愛称	1	0.001468	0.003962
東京モーターショー	1	0.001468	0.003962
修	1	0.001468	0.003962
会長	1	0.001468	0.003962
PM	1	0.001468	0.003962
レディ	1	0.001468	0.003962
ス	1	0.001468	0.003962
フル	1	0.001468	0.003962
サイド	1	0.001468	0.003962
容積	1	0.001468	0.003962
世界一	1	0.001468	0.003962
各所	1	0.001468	0.003962
コンピュータ	1	0.001468	0.003962
トルク	1	0.001468	0.003962
前期	1	0.001468	0.003962
バブル	1	0.001468	0.003962
値	1	0.001468	0.003962
末期	1	0.001468	0.003962
高価	1	0.001468	0.003962
香港	1	0.001468	0.003962
右側	1	0.001468	0.003962
140	1	0.001468	0.003962
有名人	1	0.001468	0.003962
ルーム	1	0.001468	0.003962
フェンダー	1	0.001468	0.003962
タイヤ	1	0.001468	0.003962
試作	1	0.001468	0.003962
280	1	0.001468	0.003962
タービン	1	0.001468	0.003962
ツイン	1	0.001468	0.003962
キャラ	1	0.001468	0.003962
オープンカー	1	0.001468	0.003962
表	2	0.002937	0.003956
もの	2	0.002937	0.003900
外部	2	0.002937	0.003847
リンク	2	0.002937	0.003771
cc	1	0.001468	0.003704
スペック	1	0.001468	0.003704
トリオ	1	0.001468	0.003704
出品	1	0.001468	0.003704
表明	1	0.001468	0.003704
フェア	1	0.001468	0.003704
スタイル	1	0.001468	0.003704
配分	1	0.001468	0.003704
積	1	0.001468	0.003704
空間	1	0.001468	0.003704
アルミニウム	1	0.001468	0.003704
低迷	1	0.001468	0.003704
再編	1	0.001468	0.003704
自主	1	0.001468	0.003704
走行	1	0.001468	0.003704
席	1	0.001468	0.003704
配置	1	0.001468	0.003704
拡張	1	0.001468	0.003704
深夜	1	0.001468	0.003704
供	1	0.001468	0.003704
セット	1	0.001468	0.003704
ブランド	1	0.001468	0.003704
クルーズ	1	0.001468	0.003704
後	2	0.002937	0.003700
定員	1	0.001468	0.003520
ベース	1	0.001468	0.003520
700	1	0.001468	0.003520
現実	1	0.001468	0.003520
考慮	1	0.001468	0.003520
鈴木	1	0.001468	0.003520
社長	1	0.001468	0.003520
トップ	1	0.001468	0.003520
49	1	0.001468	0.003520
確保	1	0.001468	0.003520
車内	1	0.001468	0.003520
オプション	1	0.001468	0.003520
スーパー	1	0.001468	0.003520
所有	1	0.001468	0.003520
画像	1	0.001468	0.003520
)(	1	0.001468	0.003520
ソ	1	0.001468	0.003520
車両	1	0.001468	0.003378
枠	1	0.001468	0.003378
トンネル	1	0.001468	0.003378
表現	1	0.001468	0.003378
崩壊	1	0.001468	0.003378
市場	1	0.001468	0.003378
整理	1	0.001468	0.003378
運転	1	0.001468	0.003378
メーカー	1	0.001468	0.003378
年表	1	0.001468	0.003378
表示	2	0.002937	0.003356
乗車	1	0.001468	0.003262
略称	1	0.001468	0.003262
実現	1	0.001468	0.003262
居住	1	0.001468	0.003262
設定	1	0.001468	0.003262
命	1	0.001468	0.003262
規制	1	0.001468	0.003262
評価	1	0.001468	0.003262
種類	1	0.001468	0.003262
バック	1	0.001468	0.003262
方式	1	0.001468	0.003163
一番	1	0.001468	0.003163
スペース	1	0.001468	0.003163
規格	1	0.001468	0.003163
運動	1	0.001468	0.003163
向上	1	0.001468	0.003163
円	1	0.001468	0.003163
比較	1	0.001468	0.003163
道路	1	0.001468	0.003163
企画	1	0.001468	0.003163
自体	1	0.001468	0.003163
商品	1	0.001468	0.003163
全長	1	0.001468	0.003078
出演	1	0.001468	0.003078
初	1	0.001468	0.003078
in	1	0.001468	0.003078
最大	1	0.001468	0.003078
法律	1	0.001468	0.003078
以前	1	0.001468	0.003078
44	1	0.001468	0.003078
機	1	0.001468	0.003003
1989	1	0.001468	0.003003
形態	1	0.001468	0.003003
カテゴリ	2	0.002937	0.002950
000	1	0.001468	0.002936
テレビ	1	0.001468	0.002936
雑誌	1	0.001468	0.002936
終了	1	0.001468	0.002936
時期	1	0.001468	0.002936
点	1	0.001468	0.002936
年間	1	0.001468	0.002875
当初	1	0.001468	0.002875
対象	1	0.001468	0.002875
同様	1	0.001468	0.002875
ポータル	1	0.001468	0.002875
97	1	0.001468	0.002875
目	1	0.001468	0.002820
専門	1	0.001468	0.002820
1995	1	0.001468	0.002769
目的	1	0.001468	0.002769
平成	1	0.001468	0.002721
構成	1	0.001468	0.002721
位置	1	0.001468	0.002721
センター	1	0.001468	0.002721
ウィキメディア・コモンズ	1	0.001468	0.002721
バス	1	0.001468	0.002721
km	1	0.001468	0.002677
事	1	0.001468	0.002677
2010	1	0.001468	0.002677
万	1	0.001468	0.002598
以降	1	0.001468	0.002561
1980	1	0.001468	0.002527
AA	1	0.001468	0.002527
可能	1	0.001468	0.002494
BA	1	0.001468	0.002494
AB	1	0.001468	0.002494
参考	1	0.001468	0.002463
式	1	0.001468	0.002463
AD	1	0.001468	0.002463
当時	1	0.001468	0.002433
他	1	0.001468	0.002433
一覧	1	0.001468	0.002433
2000	1	0.001468	0.002433
81	1	0.001468	0.002433
情報	1	0.001468	0.002405
90	1	0.001468	0.002405
BC	1	0.001468	0.002405
利用	1	0.001468	0.002352
三	1	0.001468	0.002327
BB	1	0.001468	0.002327
14	1	0.001468	0.002303
歴史	1	0.001468	0.002303
16	1	0.001468	0.002257
性	1	0.001468	0.002236
上	1	0.001468	0.002236
時	1	0.001468	0.002215
等	1	0.001468	0.002215
15	1	0.001468	0.002194
使用	1	0.001468	0.002156
よう	1	0.001468	0.002021
中	1	0.001468	0.002006
話	1	0.001468	0.001991
・	1	0.001468	0.001963
編	1	0.001468	0.001949
ため	1	0.001468	0.001804
日本	1	0.001468	0.001743
こと	1	0.001468	0.001686
目次	1	0.001468	0.001677
月	1	0.001468	0.001660
/%	1	0.001468	0.001514
http	1	0.001468	0.001474
://	1	0.001468	0.001474
ja	1	0.001468	0.001474
wikipedia	1	0.001468	0.001474
org	1	0.001468	0.001474
wiki	1	0.001468	0.001474
作成	1	0.001468	0.001474
出典	1	0.001468	0.001468
フリー	1	0.001468	0.001468
百科	1	0.001468	0.001468
事典	1	0.001468	0.001468
ウィキペディア	1	0.001468	0.001468
Wikipedia	1	0.001468	0.001468
移動	1	0.001468	0.001468
ナビゲーション	1	0.001468	0.001468
検索	1	0.001468	0.001468
