公園	45	0.106635	0.229788
国立	41	0.097156	0.203727
霧島	12	0.028436	0.085308
地域	11	0.026066	0.049162
屋久島	7	0.016588	0.044771
屋久	6	0.014218	0.042654
火山	5	0.011848	0.035544
錦江湾	5	0.011848	0.031977
桜島	3	0.007109	0.021327
雲仙	3	0.007109	0.021327
佐多岬	3	0.007109	0.019187
岳	3	0.007109	0.019187
地	5	0.011848	0.018218
景勝	3	0.007109	0.017935
豊富	3	0.007109	0.017047
海岸	3	0.007109	0.017047
日本	6	0.014218	0.016878
中心	4	0.009479	0.016774
湖	3	0.007109	0.016358
九州	3	0.007109	0.015795
温泉	3	0.007109	0.015795
主要	3	0.007109	0.015319
指定	3	0.007109	0.014907
年	6	0.014218	0.014800
自然	3	0.007109	0.014218
霧島山	2	0.004739	0.014217
天草	2	0.004739	0.014217
韓国	2	0.004739	0.014217
開聞岳	2	0.004739	0.014217
瀬戸内海	2	0.004739	0.012790
国定	2	0.004739	0.012790
林	2	0.004739	0.012790
編集	5	0.011848	0.012058
池田	2	0.004739	0.010905
確認	2	0.004739	0.010905
中部	2	0.004739	0.010905
地理	2	0.004739	0.010529
面積	2	0.004739	0.010212
鹿児島	2	0.004739	0.009937
000	2	0.004739	0.009478
周辺	2	0.004739	0.009282
南	2	0.004739	0.009103
km	2	0.004739	0.008644
日	3	0.007109	0.008300
85	2	0.004739	0.008268
月	3	0.007109	0.008039
昭和	2	0.004739	0.007951
歴史	2	0.004739	0.007434
16	2	0.004739	0.007287
薩摩半島	1	0.002370	0.007110
南岸	1	0.002370	0.007110
794	1	0.002370	0.007110
温泉郷	1	0.002370	0.007110
指宿	1	0.002370	0.007110
尾之間	1	0.002370	0.007110
202	1	0.002370	0.007110
火口湖	1	0.002370	0.007110
シイ	1	0.002370	0.007110
アカマツ	1	0.002370	0.007110
ミヤマキリシマ	1	0.002370	0.007110
天然	1	0.002370	0.007110
優美	1	0.002370	0.007110
海蝕	1	0.002370	0.007110
マングローブ	1	0.002370	0.007110
喜入	1	0.002370	0.007110
アコウ	1	0.002370	0.007110
繋	1	0.002370	0.007110
砂州	1	0.002370	0.007110
知林ヶ島	1	0.002370	0.007110
宮之浦岳	1	0.002370	0.007110
植生	1	0.002370	0.007110
垂直	1	0.002370	0.007110
屹立	1	0.002370	0.007110
野生	1	0.002370	0.007110
えびの高原	1	0.002370	0.007110
長崎	1	0.002370	0.007110
鰻池	1	0.002370	0.007110
口永良部島	1	0.002370	0.007110
阿寒	1	0.002370	0.007110
大雪山	1	0.002370	0.007110
支笏	1	0.002370	0.007110
洞爺	1	0.002370	0.007110
知床	1	0.002370	0.007110
利尻	1	0.002370	0.007110
礼文	1	0.002370	0.007110
サロベツ	1	0.002370	0.007110
釧路	1	0.002370	0.007110
湿原	1	0.002370	0.007110
十和田	1	0.002370	0.007110
磐梯	1	0.002370	0.007110
陸中	1	0.002370	0.007110
箱根	1	0.002370	0.007110
伊豆	1	0.002370	0.007110
尾瀬	1	0.002370	0.007110
志摩	1	0.002370	0.007110
上信越	1	0.002370	0.007110
白山	1	0.002370	0.007110
熊野	1	0.002370	0.007110
山陰	1	0.002370	0.007110
隠岐	1	0.002370	0.007110
足摺	1	0.002370	0.007110
宇和海	1	0.002370	0.007110
阿蘇	1	0.002370	0.007110
くじゅう	1	0.002370	0.007110
西海	1	0.002370	0.007110
石垣	1	0.002370	0.007110
県	2	0.004739	0.006785
りつ	1	0.002370	0.006397
こうえん	1	0.002370	0.006397
ha	1	0.002370	0.006397
一帯	1	0.002370	0.006397
座	1	0.002370	0.006397
山容	1	0.002370	0.006397
崖	1	0.002370	0.006397
発達	1	0.002370	0.006397
陸	1	0.002370	0.006397
見事	1	0.002370	0.006397
杉	1	0.002370	0.006397
貴重	1	0.002370	0.006397
八幡平	1	0.002370	0.006397
朝日	1	0.002370	0.006397
多摩	1	0.002370	0.006397
アルプス	1	0.002370	0.006397
山岳	1	0.002370	0.006397
伊勢	1	0.002370	0.006397
高原	1	0.002370	0.006397
大山	1	0.002370	0.006397
西表	1	0.002370	0.006397
現在	2	0.004739	0.006382
外部	2	0.004739	0.006207
リンク	2	0.004739	0.006085
きり	1	0.002370	0.005979
東西	1	0.002370	0.005979
山頂	1	0.002370	0.005979
樹齢	1	0.002370	0.005979
生物	1	0.002370	0.005979
鼻	1	0.002370	0.005979
日光	1	0.002370	0.005979
富士	1	0.002370	0.005979
秩父	1	0.002370	0.005979
甲斐	1	0.002370	0.005979
小笠原	1	0.002370	0.005979
吉野	1	0.002370	0.005979
四国	1	0.002370	0.005979
人	2	0.004739	0.005969
しま	1	0.002370	0.005683
始め	1	0.002370	0.005683
桜	1	0.002370	0.005683
生息	1	0.002370	0.005683
東北	1	0.002370	0.005683
関東	1	0.002370	0.005683
者	2	0.004739	0.005626
箇所	1	0.002370	0.005453
1964	1	0.002370	0.005453
活発	1	0.002370	0.005453
分布	1	0.002370	0.005453
近畿	1	0.002370	0.005453
都道府県	1	0.002370	0.005453
こと	2	0.004739	0.005444
帯	1	0.002370	0.005266
領域	1	0.002370	0.005266
39	1	0.002370	0.005266
編入	1	0.002370	0.005266
唯一	1	0.002370	0.005266
変化	1	0.002370	0.005266
動物	1	0.002370	0.005266
北海道	1	0.002370	0.005266
島	1	0.002370	0.005107
1934	1	0.002370	0.004970
1955	1	0.002370	0.004970
中国	1	0.002370	0.004970
BD	1	0.002370	0.004848
年間	1	0.002370	0.004642
はじめ	1	0.002370	0.004642
92	1	0.002370	0.004642
最初	1	0.002370	0.004552
60	1	0.002370	0.004470
北	1	0.002370	0.004470
構成	1	0.002370	0.004394
町	1	0.002370	0.004256
学	1	0.002370	0.004256
万	1	0.002370	0.004194
活動	1	0.002370	0.004079
22	1	0.002370	0.004027
AB	1	0.002370	0.004027
AC	1	0.002370	0.004027
一部	1	0.002370	0.003883
利用	1	0.002370	0.003797
数	1	0.002370	0.003757
世界	1	0.002370	0.003718
上	1	0.002370	0.003609
加筆	1	0.002370	0.003575
訂正	1	0.002370	0.003575
名	1	0.002370	0.003543
記事	1	0.002370	0.003480
20	1	0.002370	0.003451
協力	1	0.002370	0.003422
目次	1	0.002370	0.002708
表示	1	0.002370	0.002708
項目	1	0.002370	0.002708
関連	1	0.002370	0.002652
/%	1	0.002370	0.002445
http	1	0.002370	0.002380
://	1	0.002370	0.002380
ja	1	0.002370	0.002380
wikipedia	1	0.002370	0.002380
org	1	0.002370	0.002380
wiki	1	0.002370	0.002380
作成	1	0.002370	0.002380
カテゴリ	1	0.002370	0.002380
出典	1	0.002370	0.002370
フリー	1	0.002370	0.002370
百科	1	0.002370	0.002370
事典	1	0.002370	0.002370
ウィキペディア	1	0.002370	0.002370
Wikipedia	1	0.002370	0.002370
移動	1	0.002370	0.002370
ナビゲーション	1	0.002370	0.002370
検索	1	0.002370	0.002370
