ショップ	23	0.062670	0.169144
タレント	23	0.062670	0.158109
販売	11	0.029973	0.062851
芸能人	7	0.019074	0.051480
グッズ	7	0.019074	0.048121
店舗	6	0.016349	0.044125
芸能	4	0.010899	0.029416
経営	5	0.013624	0.028568
事務所	4	0.010899	0.024216
83	7	0.019074	0.024026
概念	3	0.008174	0.019601
飲食	3	0.008174	0.019601
広義	2	0.005450	0.016350
茶店	2	0.005450	0.016350
創業	2	0.005450	0.016350
副業	2	0.005450	0.016350
戦略	2	0.005450	0.016350
Far	2	0.005450	0.016350
East	2	0.005450	0.016350
Cafe	2	0.005450	0.016350
AKB	2	0.005450	0.016350
ハロー	2	0.005450	0.016350
店	3	0.008174	0.016348
意味	3	0.008174	0.016348
自身	3	0.008174	0.015417
名前	3	0.008174	0.014909
ハウス	2	0.005450	0.014709
歌手	2	0.005450	0.013750
アイドル	2	0.005450	0.013750
普及	2	0.005450	0.013750
年代	3	0.008174	0.013549
俳優	2	0.005450	0.013069
当該	2	0.005450	0.013069
元気	2	0.005450	0.013069
前述	2	0.005450	0.012541
文	2	0.005450	0.012541
TV	2	0.005450	0.011744
スペース	2	0.005450	0.011744
48	2	0.005450	0.011744
例	2	0.005450	0.011428
よう	3	0.008174	0.011254
著名	2	0.005450	0.011149
テレビ	2	0.005450	0.010900
専門	2	0.005450	0.010468
所属	2	0.005450	0.009940
登場	2	0.005450	0.009788
一般	2	0.005450	0.009381
1980	2	0.005450	0.009381
施設	2	0.005450	0.009381
関連	3	0.008174	0.009148
昭和	2	0.005450	0.009144
当時	2	0.005450	0.009034
年	3	0.008174	0.008509
場合	2	0.005450	0.008463
編集	3	0.008174	0.008319
掲示	1	0.002725	0.008175
和製	1	0.002725	0.008175
媒体	1	0.002725	0.008175
似顔絵	1	0.002725	0.008175
喫茶店	1	0.002725	0.008175
上方	1	0.002725	0.008175
助	1	0.002725	0.008175
東山	1	0.002725	0.008175
高台寺	1	0.002725	0.008175
長谷川	1	0.002725	0.008175
一夫	1	0.002725	0.008175
心斎橋筋	1	0.002725	0.008175
フルーツパーラー	1	0.002725	0.008175
色合い	1	0.002725	0.008175
多角	1	0.002725	0.008175
メディアミックス	1	0.002725	0.008175
原宿	1	0.002725	0.008175
下火	1	0.002725	0.008175
閉店	1	0.002725	0.008175
マーケティング	1	0.002725	0.008175
活用	1	0.002725	0.008175
なんばグランド花月	1	0.002725	0.008175
吉本興業	1	0.002725	0.008175
炭火	1	0.002725	0.008175
焼肉	1	0.002725	0.008175
別物	1	0.002725	0.008175
五十音	1	0.002725	0.008175
SHOP	1	0.002725	0.008175
小田	1	0.002725	0.008175
和正	1	0.002725	0.008175
加藤茶	1	0.002725	0.008175
カトチャンショップ	1	0.002725	0.008175
NORI	1	0.002725	0.008175
HOUSE	1	0.002725	0.008175
まさし	1	0.002725	0.008175
マーシーズ	1	0.002725	0.008175
とんねるず	1	0.002725	0.008175
バレンタイン	1	0.002725	0.008175
松田	1	0.002725	0.008175
聖子	1	0.002725	0.008175
フローレス・セイコ	1	0.002725	0.008175
アンテナショップ	1	0.002725	0.008175
商業	1	0.002725	0.008175
時代	2	0.005450	0.007679
の	2	0.005450	0.007503
母体	1	0.002725	0.007355
タッチ	1	0.002725	0.007355
ゆえ	1	0.002725	0.007355
端緒	1	0.002725	0.007355
落語	1	0.002725	0.007355
1859	1	0.002725	0.007355
茶屋	1	0.002725	0.007355
蝶	1	0.002725	0.007355
元祖	1	0.002725	0.007355
タイアップ	1	0.002725	0.007355
たけし	1	0.002725	0.007355
邦	1	0.002725	0.007355
やまだ	1	0.002725	0.007355
ブーム	1	0.002725	0.007355
竹下	1	0.002725	0.007355
軒	1	0.002725	0.007355
バブル	1	0.002725	0.007355
ノウハウ	1	0.002725	0.007355
むら	1	0.002725	0.007355
酒井	1	0.002725	0.007355
法子	1	0.002725	0.007355
田代	1	0.002725	0.007355
ビートたけし	1	0.002725	0.007355
邦子	1	0.002725	0.007355
もの	2	0.005450	0.007237
的	2	0.005450	0.007044
82	2	0.005450	0.007044
ロゴ	1	0.002725	0.006875
オフィシャル	1	0.002725	0.006875
1910	1	0.002725	0.006875
桂	1	0.002725	0.006875
境内	1	0.002725	0.006875
天才	1	0.002725	0.006875
主流	1	0.002725	0.006875
並行	1	0.002725	0.006875
セ	1	0.002725	0.006875
シカ	1	0.002725	0.006875
人	2	0.005450	0.006865
マーク	1	0.002725	0.006534
一切	1	0.002725	0.006534
無断	1	0.002725	0.006534
区別	1	0.002725	0.006534
オープン	1	0.002725	0.006534
通信	1	0.002725	0.006534
インターネット	1	0.002725	0.006534
認識	1	0.002725	0.006534
活躍	1	0.002725	0.006270
入り	1	0.002725	0.006270
屋	1	0.002725	0.006270
積極	1	0.002725	0.006270
ピーク	1	0.002725	0.006270
崩壊	1	0.002725	0.006270
順	1	0.002725	0.006270
山田	1	0.002725	0.006270
範囲	1	0.002725	0.006055
!!	1	0.002725	0.006055
ちゃん	1	0.002725	0.006055
限定	1	0.002725	0.006055
今日	1	0.002725	0.006055
ファン	1	0.002725	0.006055
商品	1	0.002725	0.005872
1930	1	0.002725	0.005872
自体	1	0.002725	0.005872
専用	1	0.002725	0.005714
提供	1	0.002725	0.005714
詳細	1	0.002725	0.005575
写真	1	0.002725	0.005575
名称	1	0.002725	0.005575
のち	1	0.002725	0.005575
通り	1	0.002725	0.005575
期間	1	0.002725	0.005575
プロジェクト	1	0.002725	0.005575
以後	1	0.002725	0.005450
物	1	0.002725	0.005450
これら	1	0.002725	0.005337
大阪	1	0.002725	0.005337
BF	1	0.002725	0.005337
97	1	0.002725	0.005337
大正	1	0.002725	0.005234
京都	1	0.002725	0.005234
営業	1	0.002725	0.005234
規模	1	0.002725	0.005234
初期	1	0.002725	0.005140
代	1	0.002725	0.005140
目的	1	0.002725	0.005140
英語	1	0.002725	0.005052
番組	1	0.002725	0.005052
1990	1	0.002725	0.004970
多く	1	0.002725	0.004894
部分	1	0.002725	0.004894
88	1	0.002725	0.004822
AC	1	0.002725	0.004630
一部	1	0.002725	0.004464
存在	1	0.002725	0.004275
主	1	0.002725	0.004275
化	1	0.002725	0.004190
それ	1	0.002725	0.004150
等	1	0.002725	0.004111
これ	1	0.002725	0.003839
項目	1	0.002725	0.003114
/%	1	0.002725	0.002811
http	1	0.002725	0.002737
://	1	0.002725	0.002737
ja	1	0.002725	0.002737
wikipedia	1	0.002725	0.002737
org	1	0.002725	0.002737
wiki	1	0.002725	0.002737
作成	1	0.002725	0.002737
カテゴリ	1	0.002725	0.002737
出典	1	0.002725	0.002725
フリー	1	0.002725	0.002725
百科	1	0.002725	0.002725
事典	1	0.002725	0.002725
ウィキペディア	1	0.002725	0.002725
Wikipedia	1	0.002725	0.002725
移動	1	0.002725	0.002725
ナビゲーション	1	0.002725	0.002725
検索	1	0.002725	0.002725
