祭祀	4	0.016667	0.050001
版	6	0.025000	0.043031
出版	5	0.020833	0.040804
書	5	0.020833	0.040016
Unaussprechlichen	3	0.012500	0.037500
Kulten	3	0.012500	0.037500
クトゥルフ	3	0.012500	0.037500
草稿	3	0.012500	0.037500
年	6	0.025000	0.026024
無名	2	0.008333	0.024999
Nameless	2	0.008333	0.024999
Cults	2	0.008333	0.024999
神話	2	0.008333	0.024999
1840	2	0.008333	0.024999
フォン・ユンツト	2	0.008333	0.024999
本書	2	0.008333	0.024999
初版	2	0.008333	0.024999
削除	2	0.008333	0.024999
つ折り	2	0.008333	0.024999
発禁	2	0.008333	0.024999
英訳	2	0.008333	0.024999
誤訳	2	0.008333	0.024999
間違い	2	0.008333	0.022491
判	2	0.008333	0.022491
喉	2	0.008333	0.022491
著者	2	0.008333	0.019982
処分	2	0.008333	0.019982
現存	2	0.008333	0.019174
こと	4	0.016667	0.019146
-------------------------	2	0.008333	0.017957
これ	3	0.012500	0.017612
ドイツ	2	0.008333	0.017474
語	2	0.008333	0.016666
登場	2	0.008333	0.014965
社	2	0.008333	0.014343
作品	2	0.008333	0.013652
部	2	0.008333	0.013498
存在	2	0.008333	0.013071
むめいさいししょ	1	0.004167	0.012501
架空	1	0.004167	0.012501
フリードリヒ・ウィルヘルム・フォン・ユンツト	1	0.004167	0.012501
Friedrich	1	0.004167	0.012501
von	1	0.004167	0.012501
Junzt	1	0.004167	0.012501
1795	1	0.004167	0.012501
時折	1	0.004167	0.012501
無銘	1	0.004167	0.012501
Namenlose	1	0.004167	0.012501
Kulte	1	0.004167	0.012501
本当	1	0.004167	0.012501
名付け親	1	0.004167	0.012501
オーガスト・ダーレス	1	0.004167	0.012501
見聞	1	0.004167	0.012501
ヨグ	1	0.004167	0.012501
ソトース	1	0.004167	0.012501
ツァトゥグァ	1	0.004167	0.012501
ガタノトーア	1	0.004167	0.012501
シュブ	1	0.004167	0.012501
ニグラス	1	0.004167	0.012501
イグ	1	0.004167	0.012501
三つ	1	0.004167	0.012501
1839	1	0.004167	0.012501
クォート	1	0.004167	0.012501
留め	1	0.004167	0.012501
革	1	0.004167	0.012501
装丁	1	0.004167	0.012501
部数	1	0.004167	0.012501
焚書	1	0.004167	0.012501
残存	1	0.004167	0.012501
稀覯	1	0.004167	0.012501
ブライドウェル	1	0.004167	0.012501
グロテスク	1	0.004167	0.012501
木版	1	0.004167	0.012501
公的	1	0.004167	0.012501
私的	1	0.004167	0.012501
ゴールデン・ゴブリン・プレス	1	0.004167	0.012501
誤植	1	0.004167	0.012501
施錠	1	0.004167	0.012501
閂	1	0.004167	0.012501
ひき	1	0.004167	0.012501
絞殺	1	0.004167	0.012501
発見	1	0.004167	0.012501
アレクシス・ラドー	1	0.004167	0.012501
ラドー	1	0.004167	0.012501
焼却	1	0.004167	0.012501
カミソリ	1	0.004167	0.012501
Wilhelm	1	0.004167	0.011247
秘密	1	0.004167	0.011247
デュッセルドルフ	1	0.004167	0.011247
1845	1	0.004167	0.011247
海賊版	1	0.004167	0.011247
コレクション	1	0.004167	0.011247
廉価	1	0.004167	0.011247
爪	1	0.004167	0.011247
友人	1	0.004167	0.011247
独	1	0.004167	0.010513
核心	1	0.004167	0.010513
宗派	1	0.004167	0.010513
伝承	1	0.004167	0.010513
黒	1	0.004167	0.010513
全部	1	0.004167	0.010513
1909	1	0.004167	0.010513
ニューヨーク	1	0.004167	0.010513
跡	1	0.004167	0.010513
死体	1	0.004167	0.010513
復元	1	0.004167	0.010513
後	2	0.008333	0.010497
世界中	1	0.004167	0.009992
信仰	1	0.004167	0.009992
刊行	1	0.004167	0.009992
鉄	1	0.004167	0.009992
所有	1	0.004167	0.009992
図書館	1	0.004167	0.009992
画	1	0.004167	0.009992
部屋	1	0.004167	0.009992
自殺	1	0.004167	0.009992
者	2	0.008333	0.009892
書籍	1	0.004167	0.009588
古代	1	0.004167	0.009588
不明	1	0.004167	0.009588
さまざま	1	0.004167	0.009258
ロンドン	1	0.004167	0.009258
翻訳	1	0.004167	0.009258
自ら	1	0.004167	0.009258
注意	1	0.004167	0.008979
言語	1	0.004167	0.008979
発行	1	0.004167	0.008979
ヨーロッパ	1	0.004167	0.008979
八	1	0.004167	0.008979
翌年	1	0.004167	0.008738
発表	1	0.004167	0.008738
記述	1	0.004167	0.008525
四	1	0.004167	0.008525
英	1	0.004167	0.008334
意味	1	0.004167	0.008334
製	1	0.004167	0.008334
84	1	0.004167	0.008334
物語	1	0.004167	0.008162
神	1	0.004167	0.008004
金	1	0.004167	0.008004
彼	1	0.004167	0.008004
たち	1	0.004167	0.007725
多数	1	0.004167	0.007725
部分	1	0.004167	0.007483
多く	1	0.004167	0.007483
本	1	0.004167	0.007374
以降	1	0.004167	0.007270
アメリカ	1	0.004167	0.007172
文献	1	0.004167	0.007080
AD	1	0.004167	0.006991
80	1	0.004167	0.006991
90	1	0.004167	0.006827
三	1	0.004167	0.006605
その後	1	0.004167	0.006407
人物	1	0.004167	0.006286
二	1	0.004167	0.006067
20	1	0.004167	0.006067
中	1	0.004167	0.005694
現在	1	0.004167	0.005612
/%	1	0.004167	0.004298
http	1	0.004167	0.004185
://	1	0.004167	0.004185
ja	1	0.004167	0.004185
wikipedia	1	0.004167	0.004185
org	1	0.004167	0.004185
wiki	1	0.004167	0.004185
作成	1	0.004167	0.004185
カテゴリ	1	0.004167	0.004185
出典	1	0.004167	0.004167
フリー	1	0.004167	0.004167
百科	1	0.004167	0.004167
事典	1	0.004167	0.004167
ウィキペディア	1	0.004167	0.004167
Wikipedia	1	0.004167	0.004167
移動	1	0.004167	0.004167
ナビゲーション	1	0.004167	0.004167
検索	1	0.004167	0.004167
