ガイア	6	0.018293	0.054879
翻訳	5	0.015244	0.033870
地球	4	0.012195	0.032914
著作	4	0.012195	0.029243
非	3	0.009146	0.027438
グリーンピース	3	0.009146	0.027438
捕鯨	3	0.009146	0.027438
編集	8	0.024390	0.024822
屋久島	3	0.009146	0.024685
局長	3	0.009146	0.024685
幻冬舎	3	0.009146	0.024685
書	4	0.012195	0.023424
名義	3	0.009146	0.023074
事務	3	0.009146	0.021932
運動	3	0.009146	0.019709
星川	2	0.006098	0.018294
親戚	2	0.006098	0.018294
ロック	2	0.006098	0.018294
西濃運輸	2	0.006098	0.018294
甥	2	0.006098	0.018294
七つ	2	0.006098	0.018294
生命	2	0.006098	0.018294
舎	2	0.006098	0.018294
プラブッダ	2	0.006098	0.018294
日本	5	0.015244	0.018096
生活	3	0.009146	0.016956
戦	3	0.009146	0.016956
共著	2	0.006098	0.016458
ジェームズ	2	0.006098	0.016458
館	3	0.009146	0.016425
年	5	0.015244	0.015868
活動	3	0.009146	0.015743
社	3	0.009146	0.015743
淳	2	0.006098	0.015385
訳書	2	0.006098	0.015385
理論	2	0.006098	0.014623
世界	3	0.009146	0.014347
工作	2	0.006098	0.014032
家	3	0.009146	0.013798
メンバー	2	0.006098	0.013549
圏	2	0.006098	0.013549
1952	2	0.006098	0.013141
発表	2	0.006098	0.012787
森	2	0.006098	0.012475
調査	2	0.006098	0.012196
戦争	2	0.006098	0.011944
事件	2	0.006098	0.011713
内容	2	0.006098	0.011122
作品	2	0.006098	0.009990
関係	2	0.006098	0.009665
主	2	0.006098	0.009566
スワミ・プレム・プラブッダ	1	0.003049	0.009147
九州芸術工科大学	1	0.003049	0.009147
中退	1	0.003049	0.009147
ピース	1	0.003049	0.009147
ラブ	1	0.003049	0.009147
ホクレア	1	0.003049	0.009147
ニューエイジ	1	0.003049	0.009147
多発	1	0.003049	0.009147
坂本	1	0.003049	0.009147
龍一	1	0.003049	0.009147
核	1	0.003049	0.009147
弾劾	1	0.003049	0.009147
日新	1	0.003049	0.009147
持ち出し	1	0.003049	0.009147
擁護	1	0.003049	0.009147
論陣	1	0.003049	0.009147
実妹	1	0.003049	0.009147
壱成	1	0.003049	0.009147
嫁	1	0.003049	0.009147
讃歌	1	0.003049	0.009147
南日本新聞社	1	0.003049	0.009147
翔	1	0.003049	0.009147
泳社	1	0.003049	0.009147
トンプソン	1	0.003049	0.009147
ベーリンジア	1	0.003049	0.009147
パラダイム	1	0.003049	0.009147
徳間書店	1	0.003049	0.009147
クジラ	1	0.003049	0.009147
イマジン	1	0.003049	0.009147
想像	1	0.003049	0.009147
め	1	0.003049	0.009147
くま	1	0.003049	0.009147
グルジェフ	1	0.003049	0.009147
不滅	1	0.003049	0.009147
白水	1	0.003049	0.009147
ジャン・ユドン	1	0.003049	0.009147
バグワン・シュリ・ラジニーシ	1	0.003049	0.009147
オショウ	1	0.003049	0.009147
和尚	1	0.003049	0.009147
OSHOU	1	0.003049	0.009147
メルクマール	1	0.003049	0.009147
スワミ・プラブッダ	1	0.003049	0.009147
ホーリーネーム	1	0.003049	0.009147
ラジニーシ	1	0.003049	0.009147
憲法	1	0.003049	0.009147
格差	1	0.003049	0.009147
みずほ	1	0.003049	0.009147
NGO	1	0.003049	0.009147
時代	2	0.006098	0.008592
じゅん	1	0.003049	0.008229
妻子	1	0.003049	0.008229
ジャパン	1	0.003049	0.008229
ハワイ	1	0.003049	0.008229
同時	1	0.003049	0.008229
原発	1	0.003049	0.008229
ヶ所	1	0.003049	0.008229
自宅	1	0.003049	0.008229
私物	1	0.003049	0.008229
純一	1	0.003049	0.008229
長男	1	0.003049	0.008229
いしだ	1	0.003049	0.008229
えみ	1	0.003049	0.008229
魂	1	0.003049	0.008229
築地	1	0.003049	0.008229
ライブラリー	1	0.003049	0.008229
旅路	1	0.003049	0.008229
ナイ	1	0.003049	0.008229
肖像	1	0.003049	0.008229
記憶	1	0.003049	0.008229
ライフ	1	0.003049	0.008229
合同	1	0.003049	0.008229
出会い	1	0.003049	0.008229
ラヴ	1	0.003049	0.008229
進化	1	0.003049	0.008229
対談	1	0.003049	0.008229
明石書店	1	0.003049	0.008229
事後	1	0.003049	0.008229
承認	1	0.003049	0.008229
HP	1	0.003049	0.008229
外部	2	0.006098	0.007987
リンク	2	0.006098	0.007830
作家	1	0.003049	0.007692
インド	1	0.003049	0.007692
グリーン	1	0.003049	0.007692
テロ	1	0.003049	0.007692
六	1	0.003049	0.007692
処理	1	0.003049	0.007692
広範	1	0.003049	0.007692
乗組	1	0.003049	0.007692
石田	1	0.003049	0.007692
タレント	1	0.003049	0.007692
三宅	1	0.003049	0.007692
平凡社	1	0.003049	0.007692
航海	1	0.003049	0.007692
ノア	1	0.003049	0.007692
同上	1	0.003049	0.007692
福島	1	0.003049	0.007692
後	2	0.006098	0.007681
燃料	1	0.003049	0.007311
無断	1	0.003049	0.007311
民主	1	0.003049	0.007311
希望	1	0.003049	0.007311
星	1	0.003049	0.007311
士	1	0.003049	0.007311
ごらん	1	0.003049	0.007311
注目	1	0.003049	0.007311
小説	1	0.003049	0.007311
日	2	0.006098	0.007119
項目	2	0.006098	0.006968
月	2	0.006098	0.006895
関連	2	0.006098	0.006825
移住	1	0.003049	0.006774
展開	1	0.003049	0.006774
船	1	0.003049	0.006774
ー	1	0.003049	0.006774
反対	1	0.003049	0.006570
丸	1	0.003049	0.006570
一番	1	0.003049	0.006570
人々	1	0.003049	0.006570
98	1	0.003049	0.006570
1982	1	0.003049	0.006393
鹿児島	1	0.003049	0.006393
村	1	0.003049	0.006393
直接	1	0.003049	0.006393
妻	1	0.003049	0.006393
著	1	0.003049	0.006393
集	1	0.003049	0.006393
主義	1	0.003049	0.006238
存命	1	0.003049	0.006238
近年	1	0.003049	0.006098
員	1	0.003049	0.005972
出版	1	0.003049	0.005972
科学	1	0.003049	0.005972
手	1	0.003049	0.005972
事業	1	0.003049	0.005751
多数	1	0.003049	0.005652
ら	1	0.003049	0.005561
水	1	0.003049	0.005561
31	1	0.003049	0.005476
町	1	0.003049	0.005476
万	1	0.003049	0.005395
系	1	0.003049	0.005320
アメリカ	1	0.003049	0.005248
2006	1	0.003049	0.005248
施設	1	0.003049	0.005248
公式	1	0.003049	0.005248
17	1	0.003049	0.005180
年生	1	0.003049	0.005180
他	1	0.003049	0.005054
2008	1	0.003049	0.004995
前	1	0.003049	0.004833
人物	1	0.003049	0.004600
.^	1	0.003049	0.004517
県	1	0.003049	0.004366
の	1	0.003049	0.004198
一	1	0.003049	0.004167
現在	1	0.003049	0.004106
目次	1	0.003049	0.003484
表示	1	0.003049	0.003484
/%	1	0.003049	0.003145
http	1	0.003049	0.003062
://	1	0.003049	0.003062
ja	1	0.003049	0.003062
wikipedia	1	0.003049	0.003062
org	1	0.003049	0.003062
wiki	1	0.003049	0.003062
作成	1	0.003049	0.003062
カテゴリ	1	0.003049	0.003062
出典	1	0.003049	0.003049
フリー	1	0.003049	0.003049
百科	1	0.003049	0.003049
事典	1	0.003049	0.003049
ウィキペディア	1	0.003049	0.003049
Wikipedia	1	0.003049	0.003049
移動	1	0.003049	0.003049
ナビゲーション	1	0.003049	0.003049
検索	1	0.003049	0.003049
