駅	76	0.061940	0.108068
上郡	38	0.030970	0.092910
智頭	20	0.016300	0.048900
急行	18	0.014670	0.037011
方面	20	0.016300	0.031309
線	21	0.017115	0.029078
列車	16	0.013040	0.028973
年	33	0.026895	0.027997
兵庫	12	0.009780	0.026396
番線	12	0.009780	0.026396
鉄道	16	0.013040	0.026080
山陽本線	9	0.007335	0.022005
姫路	9	0.007335	0.022005
特急	10	0.008150	0.019543
ホーム	11	0.008965	0.019319
岡山	10	0.008150	0.018753
改札	8	0.006520	0.017597
日	18	0.014670	0.017127
快速	8	0.006520	0.015003
赤穂	6	0.004890	0.014670
智頭線	6	0.004890	0.014670
西日本旅客鉄道	7	0.005705	0.014393
JR	9	0.007335	0.014089
路線	9	0.007335	0.014089
月	15	0.012225	0.013824
県	11	0.008965	0.012836
神戸	6	0.004890	0.012337
行き	6	0.004890	0.012337
支社	5	0.004075	0.012225
利用	9	0.007335	0.011751
スーパー	6	0.004890	0.011726
隣	6	0.004890	0.011252
相生	5	0.004075	0.010998
西日本	6	0.004890	0.010865
駅舎	5	0.004075	0.010281
普通	6	0.004890	0.010254
編集	12	0.009780	0.009953
始発	4	0.003260	0.009780
有	5	0.004075	0.009772
停車	5	0.004075	0.009772
大阪	6	0.004890	0.009578
平成	6	0.004890	0.009065
ダイヤ	4	0.003260	0.008799
鳥取	4	0.003260	0.008799
町	6	0.004890	0.008782
.^	7	0.005705	0.008452
上り	4	0.003260	0.008225
山陽	4	0.003260	0.008225
明治	5	0.004075	0.007827
自動	4	0.003260	0.007817
貨物	4	0.003260	0.007817
道	5	0.004075	0.007686
運転	4	0.003260	0.007501
号	6	0.004890	0.007447
km	5	0.004075	0.007432
苔縄	3	0.002445	0.007335
跨線橋	3	0.002445	0.007335
三原	3	0.002445	0.007335
大原	3	0.002445	0.007335
神姫バス	3	0.002445	0.007335
18	5	0.004075	0.007318
外	4	0.003260	0.007243
石	4	0.003260	0.007025
運用	4	0.003260	0.007025
販売	4	0.003260	0.006836
機	4	0.003260	0.006669
ICOCA	3	0.002445	0.006599
乗客	3	0.002445	0.006599
ウエスト	3	0.002445	0.006599
瀬戸	3	0.002445	0.006599
再開	3	0.002445	0.006599
（>>	3	0.002445	0.006599
12	6	0.004890	0.006405
京都	4	0.003260	0.006262
飲料	3	0.002445	0.006168
出雲	3	0.002445	0.006168
所属	4	0.003260	0.005946
姫	3	0.002445	0.005863
設置	4	0.003260	0.005855
本	4	0.003260	0.005769
本線	3	0.002445	0.005626
国有	3	0.002445	0.005626
乗車	3	0.002445	0.005432
三	4	0.003260	0.005167
化	4	0.003260	0.005013
構造	3	0.002445	0.004890
大持	2	0.001630	0.004890
中間	2	0.001630	0.004890
バリアフリー	2	0.001630	0.004890
下り	2	0.001630	0.004890
止まり	2	0.001630	0.004890
西明石	2	0.001630	0.004890
米原	2	0.001630	0.004890
近江塩津	2	0.001630	0.004890
駅弁	2	0.001630	0.004890
サンライズ	2	0.001630	0.004890
平福	2	0.001630	0.004890
岩木	2	0.001630	0.004890
網干	2	0.001630	0.004890
西川原	2	0.001630	0.004890
倉敷	2	0.001630	0.004890
神	3	0.002445	0.004696
センター	3	0.002445	0.004533
年度	3	0.002445	0.004459
1895	2	0.001630	0.004399
境界	2	0.001630	0.004399
標	2	0.001630	0.004399
管轄	2	0.001630	0.004399
エレベーター	2	0.001630	0.004399
待合室	2	0.001630	0.004399
トイレ	2	0.001630	0.004399
敷設	2	0.001630	0.004399
以東	2	0.001630	0.004399
町立	2	0.001630	0.004399
粒子	2	0.001630	0.004399
取扱	2	0.001630	0.004399
寝台	2	0.001630	0.004399
停車駅	2	0.001630	0.004399
<<）	2	0.001630	0.004399
開始	3	0.002445	0.004208
28	3	0.002445	0.004154
22	3	0.002445	0.004154
180	2	0.001630	0.004112
折り返し	2	0.001630	0.004112
土曜	2	0.001630	0.004112
両	2	0.001630	0.004112
場	3	0.002445	0.004102
2008	3	0.002445	0.004006
]。	3	0.002445	0.004006
脚注	3	0.002445	0.003917
人員	2	0.001630	0.003909
起点	2	0.001630	0.003909
備考	2	0.001630	0.003909
みどり	2	0.001630	0.003909
窓口	2	0.001630	0.003909
出入口	2	0.001630	0.003909
経由	2	0.001630	0.003909
停留所	2	0.001630	0.003909
医療	2	0.001630	0.003909
信号	2	0.001630	0.003909
者	4	0.003260	0.003870
工事	2	0.001630	0.003751
のり	2	0.001630	0.003751
発着	2	0.001630	0.003751
会場	2	0.001630	0.003751
項目	4	0.003260	0.003725
時	3	0.002445	0.003689
関連	4	0.003260	0.003649
統計	2	0.001630	0.003622
キロ	2	0.001630	0.003622
状況	2	0.001630	0.003622
通過	2	0.001630	0.003622
帯	2	0.001630	0.003622
改正	2	0.001630	0.003622
朝	2	0.001630	0.003512
10	3	0.002445	0.003341
中	3	0.002445	0.003341
郡	2	0.001630	0.003335
開業	2	0.001630	0.003335
周辺	2	0.001630	0.003193
的	3	0.002445	0.003160
完成	2	0.001630	0.003131
用	2	0.001630	0.003131
人	3	0.002445	0.003080
事業	2	0.001630	0.003074
廃止	2	0.001630	0.003074
バス	2	0.001630	0.003022
ため	3	0.002445	0.003005
面	2	0.001630	0.002973
以外	2	0.001630	0.002973
参照	2	0.001630	0.002927
日本	3	0.002445	0.002902
こと	3	0.002445	0.002809
2006	2	0.001630	0.002806
2009	2	0.001630	0.002806
表示	3	0.002445	0.002794
可能	2	0.001630	0.002769
昭和	2	0.001630	0.002735
分	2	0.001630	0.002702
概要	2	0.001630	0.002670
内	2	0.001630	0.002640
時間	2	0.001630	0.002584
歴史	2	0.001630	0.002557
間	2	0.001630	0.002557
おり	1	0.000815	0.002445
Kamig	1	0.000815	0.002445
ri	1	0.000815	0.002445
170	1	0.000815	0.002445
カミ	1	0.000815	0.002445
*?	1	0.000815	0.002445
管内	1	0.000815	0.002445
県境	1	0.000815	0.002445
アーバンネットワーク	1	0.000815	0.002445
始発駅	1	0.000815	0.002445
有人	1	0.000815	0.002445
水洗	1	0.000815	0.002445
切り	1	0.000815	0.002445
スイッチバック	1	0.000815	0.002445
プラットホーム	1	0.000815	0.002445
両方向	1	0.000815	0.002445
佐用	1	0.000815	0.002445
待避	1	0.000815	0.002445
留置	1	0.000815	0.002445
泊	1	0.000815	0.002445
遠く	1	0.000815	0.002445
近郊	1	0.000815	0.002445
北端	1	0.000815	0.002445
播州	1	0.000815	0.002445
255	1	0.000815	0.002445
乗り換え	1	0.000815	0.002445
店主	1	0.000815	0.002445
体調	1	0.000815	0.002445
廃業	1	0.000815	0.002445
山野里	1	0.000815	0.002445
ネオポリス	1	0.000815	0.002445
署	1	0.000815	0.002445
交番	1	0.000815	0.002445
373	1	0.000815	0.002445
末広	1	0.000815	0.002445
佐伯	1	0.000815	0.002445
236	1	0.000815	0.002445
停車場	1	0.000815	0.002445
大鳥	1	0.000815	0.002445
圭介	1	0.000815	0.002445
請願	1	0.000815	0.002445
線路	1	0.000815	0.002445
乗換	1	0.000815	0.002445
台風	1	0.000815	0.002445
全面	1	0.000815	0.002445
三石	1	0.000815	0.002445
以西	1	0.000815	0.002445
船坂	1	0.000815	0.002445
きっぷ	1	0.000815	0.002445
止め	1	0.000815	0.002445
光景	1	0.000815	0.002445
連結	1	0.000815	0.002445
北陸本線	1	0.000815	0.002445
窓	1	0.000815	0.002445
ぎく	1	0.000815	0.002445
成年	1	0.000815	0.002445
シャトル	1	0.000815	0.002445
プレス	1	0.000815	0.002445
英賀保	1	0.000815	0.002445
はりま	1	0.000815	0.002445
勝原	1	0.000815	0.002445
竜野	1	0.000815	0.002445
吉永	1	0.000815	0.002445
和気	1	0.000815	0.002445
熊山	1	0.000815	0.002445
上道	1	0.000815	0.002445
播州赤穂	1	0.000815	0.002445
高島	1	0.000815	0.002445
就実	1	0.000815	0.002445
西岡山	1	0.000815	0.002445
北長瀬	1	0.000815	0.002445
庭瀬	1	0.000815	0.002445
中庄	1	0.000815	0.002445
新見	1	0.000815	0.002445
西阿知	1	0.000815	0.002445
鴨方	1	0.000815	0.002445
里庄	1	0.000815	0.002445
笠岡	1	0.000815	0.002445
東福山	1	0.000815	0.002445
備後赤坂	1	0.000815	0.002445
松永	1	0.000815	0.002445
東尾道	1	0.000815	0.002445
尾道	1	0.000815	0.002445
糸崎	1	0.000815	0.002445
河野原	1	0.000815	0.002445
円心	1	0.000815	0.002445
久崎	1	0.000815	0.002445
佐	1	0.000815	0.002445
宮本	1	0.000815	0.002445
西粟倉	1	0.000815	0.002445
あわ	1	0.000815	0.002445
山郷	1	0.000815	0.002445
宮島	1	0.000815	0.002445
航路	1	0.000815	0.002445
使用	2	0.001630	0.002394
記事	2	0.001630	0.002394
の	2	0.001630	0.002244
この間	1	0.000815	0.002200
年寄り	1	0.000815	0.002200
図	1	0.000815	0.002200
地平	1	0.000815	0.002200
売店	1	0.000815	0.002200
月曜	1	0.000815	0.002200
午前	1	0.000815	0.002200
行先	1	0.000815	0.002200
出入り	1	0.000815	0.002200
中途	1	0.000815	0.002200
県知事	1	0.000815	0.002200
1906	1	0.000815	0.002200
同線	1	0.000815	0.002200
代行	1	0.000815	0.002200
国体	1	0.000815	0.002200
貨	1	0.000815	0.002200
金光	1	0.000815	0.002200
福山	1	0.000815	0.002200
くら	1	0.000815	0.002200
表	2	0.001630	0.002195
外部	2	0.001630	0.002135
リンク	2	0.001630	0.002093
電報	1	0.000815	0.002056
略号	1	0.000815	0.002056
仕方	1	0.000815	0.002056
Template	1	0.000815	0.002056
終点	1	0.000815	0.002056
扱い	1	0.000815	0.002056
エリア	1	0.000815	0.002056
当	1	0.000815	0.002056
待機	1	0.000815	0.002056
夜間	1	0.000815	0.002056
深夜	1	0.000815	0.002056
あたり	1	0.000815	0.002056
平均	1	0.000815	0.002056
昼間	1	0.000815	0.002056
役場	1	0.000815	0.002056
平日	1	0.000815	0.002056
郵便	1	0.000815	0.002056
1893	1	0.000815	0.002056
1909	1	0.000815	0.002056
大雨	1	0.000815	0.002056
一時	1	0.000815	0.002056
直通	1	0.000815	0.002056
各駅	1	0.000815	0.002056
町内	1	0.000815	0.002056
公共	1	0.000815	0.002056
青春	1	0.000815	0.002056
PDF	1	0.000815	0.002056
富	1	0.000815	0.002056
大門	1	0.000815	0.002056
山形	1	0.000815	0.002056
地上	1	0.000815	0.001954
降車	1	0.000815	0.001954
年月日	1	0.000815	0.001954
)(	1	0.000815	0.001954
ごらん	1	0.000815	0.001954
]、	1	0.000815	0.001954
ば	1	0.000815	0.001954
休日	1	0.000815	0.001954
往復	1	0.000815	0.001954
中野	1	0.000815	0.001954
旅客	1	0.000815	0.001954
分割	1	0.000815	0.001954
民営	1	0.000815	0.001954
利便	1	0.000815	0.001954
駅前	1	0.000815	0.001954
便	1	0.000815	0.001954
バスケットボール	1	0.000815	0.001954
石井	1	0.000815	0.001954
武蔵	1	0.000815	0.001954
サービス	1	0.000815	0.001875
前述	1	0.000815	0.001875
カード	1	0.000815	0.001875
機能	1	0.000815	0.001875
西側	1	0.000815	0.001875
区間	1	0.000815	0.001875
傾向	1	0.000815	0.001875
県立	1	0.000815	0.001875
新設	1	0.000815	0.001875
42	1	0.000815	0.001875
制定	1	0.000815	0.001875
輸送	1	0.000815	0.001875
トンネル	1	0.000815	0.001875
運行	1	0.000815	0.001811
設定	1	0.000815	0.001811
案内	1	0.000815	0.001811
警察	1	0.000815	0.001811
スポーツ	1	0.000815	0.001811
39	1	0.000815	0.001811
47	1	0.000815	0.001811
62	1	0.000815	0.001811
国鉄	1	0.000815	0.001811
被害	1	0.000815	0.001811
唯一	1	0.000815	0.001811
編成	1	0.000815	0.001811
リリース	1	0.000815	0.001811
項	1	0.000815	0.001811
温泉	1	0.000815	0.001811
恋	1	0.000815	0.001811
客	1	0.000815	0.001756
独自	1	0.000815	0.001756
方向	1	0.000815	0.001756
最終	1	0.000815	0.001756
一番	1	0.000815	0.001756
減少	1	0.000815	0.001756
市民	1	0.000815	0.001756
1972	1	0.000815	0.001756
1987	1	0.000815	0.001756
向上	1	0.000815	0.001756
自体	1	0.000815	0.001756
シーズン	1	0.000815	0.001756
女子	1	0.000815	0.001756
春	1	0.000815	0.001756
広島	1	0.000815	0.001756
共同	1	0.000815	0.001709
会社	1	0.000815	0.001709
観光	1	0.000815	0.001709
国道	1	0.000815	0.001709
村	1	0.000815	0.001709
テンプレート	1	0.000815	0.001667
通り	1	0.000815	0.001667
34	1	0.000815	0.001667
中学校	1	0.000815	0.001667
病院	1	0.000815	0.001667
名称	1	0.000815	0.001667
付近	1	0.000815	0.001667
詳細	1	0.000815	0.001667
開催	1	0.000815	0.001667
カテゴリ	2	0.001630	0.001637
小学校	1	0.000815	0.001596
1994	1	0.000815	0.001596
影響	1	0.000815	0.001596
変更	1	0.000815	0.001596
東	1	0.000815	0.001596
営業	1	0.000815	0.001565
書	1	0.000815	0.001565
為	1	0.000815	0.001565
西	1	0.000815	0.001537
台	1	0.000815	0.001537
高等	1	0.000815	0.001537
側	1	0.000815	0.001537
位置	1	0.000815	0.001511
構成	1	0.000815	0.001511
ウィキメディア・コモンズ	1	0.000815	0.001511
所在地	1	0.000815	0.001486
1990	1	0.000815	0.001486
2010	1	0.000815	0.001486
機関	1	0.000815	0.001464
中心	1	0.000815	0.001442
学校	1	0.000815	0.001442
万	1	0.000815	0.001442
26	1	0.000815	0.001422
85	1	0.000815	0.001422
局	1	0.000815	0.001403
29	1	0.000815	0.001403
交通	1	0.000815	0.001403
所	1	0.000815	0.001385
PJ	1	0.000815	0.001385
式	1	0.000815	0.001367
次	1	0.000815	0.001367
89	1	0.000815	0.001351
年代	1	0.000815	0.001351
当時	1	0.000815	0.001351
一覧	1	0.000815	0.001351
情報	1	0.000815	0.001335
必要	1	0.000815	0.001335
90	1	0.000815	0.001335
21	1	0.000815	0.001335
部	1	0.000815	0.001320
数	1	0.000815	0.001292
14	1	0.000815	0.001278
2007	1	0.000815	0.001278
13	1	0.000815	0.001278
場合	1	0.000815	0.001266
それ	1	0.000815	0.001241
性	1	0.000815	0.001241
等	1	0.000815	0.001230
加筆	1	0.000815	0.001230
訂正	1	0.000815	0.001230
15	1	0.000815	0.001218
20	1	0.000815	0.001187
協力	1	0.000815	0.001177
11	1	0.000815	0.001139
よう	1	0.000815	0.001122
・	1	0.000815	0.001090
83	1	0.000815	0.001027
目次	1	0.000815	0.000931
/%	1	0.000815	0.000841
http	1	0.000815	0.000819
://	1	0.000815	0.000819
ja	1	0.000815	0.000819
wikipedia	1	0.000815	0.000819
org	1	0.000815	0.000819
wiki	1	0.000815	0.000819
作成	1	0.000815	0.000819
出典	1	0.000815	0.000815
フリー	1	0.000815	0.000815
百科	1	0.000815	0.000815
事典	1	0.000815	0.000815
ウィキペディア	1	0.000815	0.000815
Wikipedia	1	0.000815	0.000815
移動	1	0.000815	0.000815
ナビゲーション	1	0.000815	0.000815
検索	1	0.000815	0.000815
