木	13	0.028200	0.062656
森	9	0.019523	0.039939
火	6	0.013015	0.032835
Flowers	5	0.010846	0.032538
Trees	5	0.010846	0.032538
年	13	0.028200	0.029355
花	7	0.015184	0.029166
ウォルト・ディズニー	4	0.008677	0.026031
男	6	0.013015	0.025491
生き物	4	0.008677	0.023419
and	5	0.010846	0.022743
作品	6	0.013015	0.021322
木々	3	0.006508	0.019524
踊り	3	0.006508	0.017565
映画	4	0.008677	0.016667
音楽	4	0.008677	0.016667
製作	3	0.006508	0.016419
短編	3	0.006508	0.016419
英語	4	0.008677	0.016086
たち	4	0.008677	0.016086
公開	3	0.006508	0.015606
][	3	0.006508	0.014975
ちゃん	3	0.006508	0.014460
夜	3	0.006508	0.014460
夢	3	0.006508	0.014460
1932	3	0.006508	0.014024
1930	3	0.006508	0.014024
三	4	0.008677	0.013753
編集	6	0.013015	0.013246
ディズニー	2	0.004338	0.013014
バート・ジレット	2	0.004338	0.013014
放浪	2	0.004338	0.013014
シリー・シンフォニーシリーズ	2	0.004338	0.013014
小鳥	2	0.004338	0.013014
真夜中	2	0.004338	0.013014
ぶた	2	0.004338	0.013014
ネズミ	2	0.004338	0.013014
うさぎ	2	0.004338	0.013014
かめ	2	0.004338	0.013014
子	3	0.006508	0.012501
ネプチューン	2	0.004338	0.011708
あひる	2	0.004338	0.011708
子猫	2	0.004338	0.011708
記	2	0.004338	0.010944
アニメーション	2	0.004338	0.010944
アカデミー	2	0.004338	0.010944
サンタ	2	0.004338	0.010944
匹	2	0.004338	0.010944
年代	3	0.006508	0.010788
ワン	2	0.004338	0.010402
王	2	0.004338	0.010402
士	2	0.004338	0.010402
海	2	0.004338	0.009982
アニメ	2	0.004338	0.009982
スタッフ	2	0.004338	0.009982
男女	2	0.004338	0.009982
ページ	2	0.004338	0.009982
作	2	0.004338	0.009638
受賞	2	0.004338	0.009348
収録	2	0.004338	0.009348
解説	2	0.004338	0.009348
春	2	0.004338	0.009348
監督	2	0.004338	0.009096
賞	2	0.004338	0.009096
アメリカ合衆国	2	0.004338	0.008874
隊	2	0.004338	0.008874
会	2	0.004338	0.007027
脚注	2	0.004338	0.006950
国	2	0.004338	0.006736
ユナイテッド・アーティスツ	1	0.002169	0.006507
プロダクション	1	0.002169	0.006507
カンパニー	1	0.002169	0.006507
テクニカラー	1	0.002169	0.006507
のどか	1	0.002169	0.006507
さえずり	1	0.002169	0.006507
拒否	1	0.002169	0.006507
腹	1	0.002169	0.006507
火事	1	0.002169	0.006507
森中	1	0.002169	0.006507
一生懸命	1	0.002169	0.006507
黒こげ	1	0.002169	0.006507
祝福	1	0.002169	0.006507
パーマー	1	0.002169	0.006507
デイヴィッド・ハンド	1	0.002169	0.006507
クラーク	1	0.002169	0.006507
シリー・シンフォニー	1	0.002169	0.006507
ブエナ・ビスタ・ホーム・エンターテイメント	1	0.002169	0.006507
IMDB	1	0.002169	0.006507
BCDB	1	0.002169	0.006507
Internet	1	0.002169	0.006507
Movie	1	0.002169	0.006507
Database	1	0.002169	0.006507
Big	1	0.002169	0.006507
Cartoon	1	0.002169	0.006507
DataBase	1	0.002169	0.006507
Disney	1	0.002169	0.006507
骸骨	1	0.002169	0.006507
闘牛	1	0.002169	0.006507
地獄	1	0.002169	0.006507
退治	1	0.002169	0.006507
小人	1	0.002169	0.006507
北極	1	0.002169	0.006507
道化者	1	0.002169	0.006507
おもちゃ	1	0.002169	0.006507
モンキー	1	0.002169	0.006507
メロディー	1	0.002169	0.006507
妖精	1	0.002169	0.006507
桃源	1	0.002169	0.006507
カワウソ	1	0.002169	0.006507
恐怖	1	0.002169	0.006507
一夜	1	0.002169	0.006507
時計	1	0.002169	0.006507
クモ	1	0.002169	0.006507
ハエ	1	0.002169	0.006507
キツネ	1	0.002169	0.006507
狩り	1	0.002169	0.006507
クマ	1	0.002169	0.006507
魔法使い	1	0.002169	0.006507
オモチャ	1	0.002169	0.006507
工房	1	0.002169	0.006507
箱船	1	0.002169	0.006507
子守	1	0.002169	0.006507
ハーメルン	1	0.002169	0.006507
舞踏	1	0.002169	0.006507
キリギリス	1	0.002169	0.006507
赤ずきん	1	0.002169	0.006507
メンドリ	1	0.002169	0.006507
フグ	1	0.002169	0.006507
女神	1	0.002169	0.006507
王様	1	0.002169	0.006507
武勇	1	0.002169	0.006507
赤ん坊	1	0.002169	0.006507
カーニバル	1	0.002169	0.006507
ねこ	1	0.002169	0.006507
ニワトリ	1	0.002169	0.006507
ぞう	1	0.002169	0.006507
エルマー	1	0.002169	0.006507
オオカミ	1	0.002169	0.006507
田舎	1	0.002169	0.006507
ねずみ	1	0.002169	0.006507
プルート	1	0.002169	0.006507
お母さん	1	0.002169	0.006507
いたずら	1	0.002169	0.006507
ハイアワサ	1	0.002169	0.006507
風車	1	0.002169	0.006507
シンフォニー	1	0.002169	0.006507
消防	1	0.002169	0.006507
子ども	1	0.002169	0.006507
交響楽	1	0.002169	0.006507
人魚	1	0.002169	0.006507
ハリウッド	1	0.002169	0.006507
マザーグース	1	0.002169	0.006507
.^	2	0.004338	0.006427
中	2	0.004338	0.005928
話	2	0.004338	0.005885
配給	1	0.002169	0.005854
前作	1	0.002169	0.005854
IMDb	1	0.002169	0.005854
すじ	1	0.002169	0.005854
気	1	0.002169	0.005854
結婚式	1	0.002169	0.005854
トム	1	0.002169	0.005854
レス	1	0.002169	0.005854
Shorts	1	0.002169	0.005854
"（	1	0.002169	0.005854
悪魔	1	0.002169	0.005854
前半	1	0.002169	0.005854
海底	1	0.002169	0.005854
ファンタジー	1	0.002169	0.005854
童話	1	0.002169	0.005854
行進曲	1	0.002169	0.005854
エジプト	1	0.002169	0.005854
バード	1	0.002169	0.005854
ショップ	1	0.002169	0.005854
狂騒	1	0.002169	0.005854
ハチ	1	0.002169	0.005854
昆虫	1	0.002169	0.005854
王国	1	0.002169	0.005854
笛	1	0.002169	0.005854
プレゼント	1	0.002169	0.005854
アリ	1	0.002169	0.005854
ペンギン	1	0.002169	0.005854
黄金	1	0.002169	0.005854
蓮池	1	0.002169	0.005854
クッキー	1	0.002169	0.005854
コック	1	0.002169	0.005854
ロビン	1	0.002169	0.005854
花火	1	0.002169	0.005854
小屋	1	0.002169	0.005854
モス	1	0.002169	0.005854
田園	1	0.002169	0.005854
表	2	0.004338	0.005842
・	2	0.004338	0.005801
編	2	0.004338	0.005760
外部	2	0.004338	0.005682
リンク	2	0.004338	0.005570
原題	1	0.002169	0.005472
あら	1	0.002169	0.005472
混乱	1	0.002169	0.005472
様子	1	0.002169	0.005472
幸せ	1	0.002169	0.005472
作画	1	0.002169	0.005472
救助	1	0.002169	0.005472
ノア	1	0.002169	0.005472
復活	1	0.002169	0.005472
誰	1	0.002169	0.005472
合戦	1	0.002169	0.005472
銃	1	0.002169	0.005472
人	2	0.004338	0.005464
カラー	1	0.002169	0.005201
彼女	1	0.002169	0.005201
]、	1	0.002169	0.005201
1931	1	0.002169	0.005201
作戦	1	0.002169	0.005201
親	1	0.002169	0.005201
人形	1	0.002169	0.005201
日本	2	0.004338	0.005150
上映	1	0.002169	0.004991
はな	1	0.002169	0.004991
女	1	0.002169	0.004991
秋	1	0.002169	0.004991
族	1	0.002169	0.004991
屋	1	0.002169	0.004991
冬	1	0.002169	0.004991
異常	1	0.002169	0.004991
冒険	1	0.002169	0.004991
空	1	0.002169	0.004991
伝	1	0.002169	0.004991
表示	2	0.004338	0.004957
恋	1	0.002169	0.004819
雨	1	0.002169	0.004819
限定	1	0.002169	0.004819
1933	1	0.002169	0.004819
1937	1	0.002169	0.004819
1939	1	0.002169	0.004819
ウィキポータル	1	0.002169	0.004674
言語	1	0.002169	0.004674
朝	1	0.002169	0.004674
保存	1	0.002169	0.004674
DVD	1	0.002169	0.004674
1920	1	0.002169	0.004674
1929	1	0.002169	0.004674
歌	1	0.002169	0.004674
後半	1	0.002169	0.004674
1935	1	0.002169	0.004674
1938	1	0.002169	0.004674
初	1	0.002169	0.004548
すべて	1	0.002169	0.004548
The	1	0.002169	0.004548
共同	1	0.002169	0.004548
1934	1	0.002169	0.004548
色	1	0.002169	0.004437
祭	1	0.002169	0.004437
店	1	0.002169	0.004338
物語	1	0.002169	0.004248
1936	1	0.002169	0.004248
目	1	0.002169	0.004166
うち	1	0.002169	0.004166
曲	1	0.002169	0.004166
回	1	0.002169	0.004091
夏	1	0.002169	0.004091
とき	1	0.002169	0.003956
水	1	0.002169	0.003956
版	1	0.002169	0.003733
次	1	0.002169	0.003639
式	1	0.002169	0.003639
分	1	0.002169	0.003595
81	1	0.002169	0.003595
30	1	0.002169	0.003438
時間	1	0.002169	0.003438
世界	1	0.002169	0.003402
の	1	0.002169	0.002986
一	1	0.002169	0.002964
ため	1	0.002169	0.002666
日	1	0.002169	0.002532
目次	1	0.002169	0.002478
月	1	0.002169	0.002453
/%	1	0.002169	0.002237
http	1	0.002169	0.002178
://	1	0.002169	0.002178
ja	1	0.002169	0.002178
wikipedia	1	0.002169	0.002178
org	1	0.002169	0.002178
wiki	1	0.002169	0.002178
作成	1	0.002169	0.002178
カテゴリ	1	0.002169	0.002178
出典	1	0.002169	0.002169
フリー	1	0.002169	0.002169
百科	1	0.002169	0.002169
事典	1	0.002169	0.002169
ウィキペディア	1	0.002169	0.002169
Wikipedia	1	0.002169	0.002169
移動	1	0.002169	0.002169
ナビゲーション	1	0.002169	0.002169
検索	1	0.002169	0.002169
