序曲	11	0.017433	0.052299
曲	17	0.026941	0.051749
ウィリアム	9	0.014263	0.042789
テル	9	0.014263	0.038495
ひょうきん	8	0.012678	0.038034
ファンファーレ	7	0.011094	0.033282
演奏	8	0.012678	0.029172
オペラ	5	0.007924	0.023772
使用	10	0.015848	0.023273
音楽	7	0.011094	0.021310
Tell	4	0.006339	0.019017
番組	6	0.009509	0.017628
オープニング	4	0.006339	0.017109
作曲	5	0.007924	0.017075
テーマ	5	0.007924	0.016616
部	6	0.009509	0.015403
協奏曲	3	0.004754	0.014262
ソナタ	3	0.004754	0.014262
チェロ	3	0.004754	0.014262
ロッシーニ	3	0.004754	0.014262
ホ	3	0.004754	0.014262
メカ	3	0.004754	0.014262
楽器	3	0.004754	0.012831
アレンジ	3	0.004754	0.012831
球場	3	0.004754	0.011994
話	5	0.007924	0.010749
楽曲	3	0.004754	0.010563
!!	3	0.004754	0.010563
83	5	0.007924	0.009981
クラシック	2	0.003170	0.009510
声楽	2	0.003170	0.009510
ヴァイオリン	2	0.003170	0.009510
1829	2	0.003170	0.009510
短調	2	0.003170	0.009510
ティンパニ	2	0.003170	0.009510
牧歌	2	0.003170	0.009510
スイス	2	0.003170	0.009510
スネークマンショー	2	0.003170	0.009510
ヤッターキング	2	0.003170	0.009510
ゼンダマン	2	0.003170	0.009510
キン	2	0.003170	0.009510
タケ	2	0.003170	0.009510
テレビ	3	0.004754	0.009508
ピアノ	2	0.003170	0.008556
オーケストラ	2	0.003170	0.008556
軍隊	2	0.003170	0.008556
行進	2	0.003170	0.008556
トランペット	2	0.003170	0.008556
オレ	2	0.003170	0.008556
シーン	2	0.003170	0.008556
ゾロ	2	0.003170	0.008556
本塁打	2	0.003170	0.008556
コンビ	2	0.003170	0.008556
年	5	0.007924	0.008249
版	3	0.004754	0.008183
ミニ	2	0.003170	0.007998
トリオ	2	0.003170	0.007998
作品	3	0.004754	0.007788
理論	2	0.003170	0.007601
相手	2	0.003170	0.007601
場合	3	0.004754	0.007382
嵐	2	0.003170	0.007294
族	2	0.003170	0.007294
家	3	0.004754	0.007172
主催	2	0.003170	0.007043
ゲーム	2	0.003170	0.007043
ちゃん	2	0.003170	0.007043
派	2	0.003170	0.006831
マン	2	0.003170	0.006831
有名	2	0.003170	0.006485
選手	2	0.003170	0.006485
ラジオ	2	0.003170	0.006340
チーム	2	0.003170	0.006340
82	3	0.004754	0.006144
構成	2	0.003170	0.005877
たち	2	0.003170	0.005877
部分	2	0.003170	0.005693
東京	2	0.003170	0.005531
こと	3	0.004754	0.005461
際	2	0.003170	0.005319
主	2	0.003170	0.004973
編集	3	0.004754	0.004838
号	2	0.003170	0.004828
カテゴリ	3	0.004754	0.004775
ア	1	0.001585	0.004755
サ	1	0.001585	0.004755
タ	1	0.001585	0.004755
ヤ	1	0.001585	0.004755
ラ	1	0.001585	0.004755
バロック	1	0.001585	0.004755
ロマン	1	0.001585	0.004755
鍵盤	1	0.001585	0.004755
弦楽器	1	0.001585	0.004755
木管	1	0.001585	0.004755
金管楽器	1	0.001585	0.004755
打楽器	1	0.001585	0.004755
交響曲	1	0.001585	0.004755
弦楽	1	0.001585	0.004755
重奏	1	0.001585	0.004755
室内楽	1	0.001585	0.004755
器楽	1	0.001585	0.004755
メタ	1	0.001585	0.004755
音声	1	0.001585	0.004755
William	1	0.001585	0.004755
Overture	1	0.001585	0.004755
ジョアキーノ・ロッシーニ	1	0.001585	0.004755
おなじみ	1	0.001585	0.004755
フリードリヒ	1	0.001585	0.004755
シラー	1	0.001585	0.004755
1804	1	0.001585	0.004755
戯曲	1	0.001585	0.004755
ヴィルヘルム・テル	1	0.001585	0.004755
Guillaume	1	0.001585	0.004755
Guglielmo	1	0.001585	0.004755
Introduzione	1	0.001585	0.004755
セビリア	1	0.001585	0.004755
理髪	1	0.001585	0.004755
転用	1	0.001585	0.004755
独創	1	0.001585	0.004755
夜明け	1	0.001585	0.004755
独奏	1	0.001585	0.004755
残り	1	0.001585	0.004755
コントラバス	1	0.001585	0.004755
序奏	1	0.001585	0.004755
トゥッティ	1	0.001585	0.004755
合奏	1	0.001585	0.004755
強風	1	0.001585	0.004755
暴風雨	1	0.001585	0.004755
静寂	1	0.001585	0.004755
ト長調	1	0.001585	0.004755
静けさ	1	0.001585	0.004755
コーラングレ	1	0.001585	0.004755
フルート	1	0.001585	0.004755
牧童	1	0.001585	0.004755
終曲	1	0.001585	0.004755
長調	1	0.001585	0.004755
ホルン	1	0.001585	0.004755
ギャロップ	1	0.001585	0.004755
調	1	0.001585	0.004755
繰り返し	1	0.001585	0.004755
クライマックス	1	0.001585	0.004755
ほど	1	0.001585	0.004755
ドミートリイ・ショスタコーヴィチ	1	0.001585	0.004755
交響	1	0.001585	0.004755
楽章	1	0.001585	0.004755
後述	1	0.001585	0.004755
パロディ	1	0.001585	0.004755
きかんしゃトーマス	1	0.001585	0.004755
トード	1	0.001585	0.004755
貨車	1	0.001585	0.004755
トーマス	1	0.001585	0.004755
タイムボカンシリーズ・ヤッターマン	1	0.001585	0.004755
ビックリドッキリメカ	1	0.001585	0.004755
巨大	1	0.001585	0.004755
樽	1	0.001585	0.004755
アイアムテル	1	0.001585	0.004755
勇者	1	0.001585	0.004755
コロン	1	0.001585	0.004755
ヤッタードジラ	1	0.001585	0.004755
ヤッターパンダ	1	0.001585	0.004755
ゼンダライオン	1	0.001585	0.004755
罠	1	0.001585	0.004755
ライオン	1	0.001585	0.004755
胴体	1	0.001585	0.004755
口三味線	1	0.001585	0.004755
ローン・レンジャー	1	0.001585	0.004755
イン	1	0.001585	0.004755
トロ	1	0.001585	0.004755
愛川	1	0.001585	0.004755
欽也	1	0.001585	0.004755
佳子	1	0.001585	0.004755
ール	1	0.001585	0.004755
セサミストリート	1	0.001585	0.004755
モンスター	1	0.001585	0.004755
声優	1	0.001585	0.004755
菊地	1	0.001585	0.004755
クッキリアム	1	0.001585	0.004755
浩	1	0.001585	0.004755
阪神タイガース	1	0.001585	0.004755
ビジター	1	0.001585	0.004755
タイガース	1	0.001585	0.004755
内野	1	0.001585	0.004755
ヤクルトスワローズ	1	0.001585	0.004755
ヒット	1	0.001585	0.004755
極上	1	0.001585	0.004755
パロディウス	1	0.001585	0.004755
関口	1	0.001585	0.004755
フレンド	1	0.001585	0.004755
アトラクション	1	0.001585	0.004755
パニックリンゴスキー	1	0.001585	0.004755
懺悔	1	0.001585	0.004755
ホタテ	1	0.001585	0.004755
サラリーマン	1	0.001585	0.004755
ケ	1	0.001585	0.004755
アダモステ	1	0.001585	0.004755
鬼瓦	1	0.001585	0.004755
仲良し	1	0.001585	0.004755
いじわる	1	0.001585	0.004755
フラワーダンシングチーム	1	0.001585	0.004755
DOWN	1	0.001585	0.004755
TOWN	1	0.001585	0.004755
キライ	1	0.001585	0.004755
SATURDAY	1	0.001585	0.004755
ZOMBIES	1	0.001585	0.004755
return	1	0.001585	0.004755
横澤	1	0.001585	0.004755
義和	1	0.001585	0.004755
荻野	1	0.001585	0.004755
山縣	1	0.001585	0.004755
永峰	1	0.001585	0.004755
MANZAI	1	0.001585	0.004755
カ	1	0.001585	0.004278
ハ	1	0.001585	0.004278
マ	1	0.001585	0.004278
中世	1	0.001585	0.004278
ルネサンス	1	0.001585	0.004278
曲名	1	0.001585	0.004278
記号	1	0.001585	0.004278
視聴	1	0.001585	0.004278
サウンド	1	0.001585	0.004278
再生	1	0.001585	0.004278
ヒント	1	0.001585	0.004278
フォン	1	0.001585	0.004278
Wilhelm	1	0.001585	0.004278
伊	1	0.001585	0.004278
五つ	1	0.001585	0.004278
描写	1	0.001585	0.004278
笛	1	0.001585	0.004278
行進曲	1	0.001585	0.004278
高揚	1	0.001585	0.004278
盛大	1	0.001585	0.004278
引用	1	0.001585	0.004278
暴走	1	0.001585	0.004278
疾走	1	0.001585	0.004278
胸	1	0.001585	0.004278
モチーフ	1	0.001585	0.004278
全滅	1	0.001585	0.004278
冒頭	1	0.001585	0.004278
BGM	1	0.001585	0.004278
往年	1	0.001585	0.004278
サンデー	1	0.001585	0.004278
伊藤	1	0.001585	0.004278
アナ	1	0.001585	0.004278
タイ	1	0.001585	0.004278
小西	1	0.001585	0.004278
康	1	0.001585	0.004278
陽	1	0.001585	0.004278
クッキー	1	0.001585	0.004278
慧	1	0.001585	0.004278
阪神	1	0.001585	0.004278
甲子園	1	0.001585	0.004278
ナゴヤ	1	0.001585	0.004278
ドーム	1	0.001585	0.004278
ドラゴンズ	1	0.001585	0.004278
陣	1	0.001585	0.004278
バージョン	1	0.001585	0.004278
省略	1	0.001585	0.004278
宏	1	0.001585	0.004278
ベストテン	1	0.001585	0.004278
牛	1	0.001585	0.004278
造	1	0.001585	0.004278
OP	1	0.001585	0.004278
ED	1	0.001585	0.004278
パレード	1	0.001585	0.004278
土曜日	1	0.001585	0.004278
彪	1	0.001585	0.004278
介	1	0.001585	0.004278
繁	1	0.001585	0.004278
慎	1	0.001585	0.004278
司	1	0.001585	0.004278
予備校	1	0.001585	0.004278
FNS	1	0.001585	0.004278
みんな	1	0.001585	0.004278
笑顔	1	0.001585	0.004278
列島	1	0.001585	0.004278
表	2	0.003170	0.004269
・	2	0.003170	0.004239
編	2	0.003170	0.004209
ご覧	1	0.001585	0.003999
独	1	0.001585	0.003999
様子	1	0.001585	0.003999
ジェット	1	0.001585	0.003999
エンジン	1	0.001585	0.003999
出動	1	0.001585	0.003999
短縮	1	0.001585	0.003999
代わり	1	0.001585	0.003999
海賊	1	0.001585	0.003999
ッ	1	0.001585	0.003999
きり	1	0.001585	0.003999
編曲	1	0.001585	0.003999
テレビ東京	1	0.001585	0.003999
中日	1	0.001585	0.003999
応援	1	0.001585	0.003999
ステージ	1	0.001585	0.003999
パーク	1	0.001585	0.003999
NIGHT	1	0.001585	0.003999
三宅	1	0.001585	0.003999
派生	1	0.001585	0.003999
後	2	0.003170	0.003993
ため	2	0.003170	0.003896
古典	1	0.001585	0.003801
1914	1	0.001585	0.003801
師	1	0.001585	0.003801
バラエティ	1	0.001585	0.003801
発信	1	0.001585	0.003801
敵	1	0.001585	0.003801
盤	1	0.001585	0.003801
劇	1	0.001585	0.003801
トルコ	1	0.001585	0.003801
武田	1	0.001585	0.003801
歌詞	1	0.001585	0.003801
コーナー	1	0.001585	0.003801
スター	1	0.001585	0.003801
ユニット	1	0.001585	0.003801
No	1	0.001585	0.003801
THE	1	0.001585	0.003801
古代	1	0.001585	0.003647
指揮	1	0.001585	0.003647
用語	1	0.001585	0.003647
宗教	1	0.001585	0.003647
形式	1	0.001585	0.003647
アニメ	1	0.001585	0.003647
犬	1	0.001585	0.003647
作詞	1	0.001585	0.003647
吉田	1	0.001585	0.003647
君	1	0.001585	0.003647
娘	1	0.001585	0.003647
スタッフ	1	0.001585	0.003647
関連	2	0.003170	0.003548
イベント	1	0.001585	0.003522
仏	1	0.001585	0.003522
オリジナル	1	0.001585	0.003522
46	1	0.001585	0.003522
西部	1	0.001585	0.003522
恋	1	0.001585	0.003522
恵	1	0.001585	0.003522
佐藤	1	0.001585	0.003522
明	1	0.001585	0.003522
夢	1	0.001585	0.003522
団	1	0.001585	0.003416
-------------------------	1	0.001585	0.003416
なか	1	0.001585	0.003416
カバー	1	0.001585	0.003416
広島	1	0.001585	0.003416
市民	1	0.001585	0.003416
試合	1	0.001585	0.003416
室	1	0.001585	0.003416
主要	1	0.001585	0.003416
事項	1	0.001585	0.003324
番	1	0.001585	0.003324
プロ	1	0.001585	0.003324
野球	1	0.001585	0.003324
高速	1	0.001585	0.003324
近代	1	0.001585	0.003243
四	1	0.001585	0.003243
形態	1	0.001585	0.003243
祭	1	0.001585	0.003243
プロジェクト	1	0.001585	0.003243
映像	1	0.001585	0.003243
状態	1	0.001585	0.003243
開催	1	0.001585	0.003243
キャラクター	1	0.001585	0.003243
現代	1	0.001585	0.003170
英	1	0.001585	0.003170
元	1	0.001585	0.003170
一つ	1	0.001585	0.003170
ポータル	1	0.001585	0.003104
回	1	0.001585	0.002989
別	1	0.001585	0.002989
誕生	1	0.001585	0.002989
権	1	0.001585	0.002989
放送	1	0.001585	0.002989
86	1	0.001585	0.002989
とき	1	0.001585	0.002891
面	1	0.001585	0.002891
ここ	1	0.001585	0.002846
多く	1	0.001585	0.002846
27	1	0.001585	0.002846
史	1	0.001585	0.002765
型	1	0.001585	0.002765
一般	1	0.001585	0.002728
開始	1	0.001585	0.002728
ほか	1	0.001585	0.002728
局	1	0.001585	0.002728
AA	1	0.001585	0.002728
AB	1	0.001585	0.002693
BA	1	0.001585	0.002693
一覧	1	0.001585	0.002627
他	1	0.001585	0.002627
概要	1	0.001585	0.002597
21	1	0.001585	0.002597
情報	1	0.001585	0.002597
2008	1	0.001585	0.002597
内	1	0.001585	0.002567
前	1	0.001585	0.002512
時間	1	0.001585	0.002512
BB	1	0.001585	0.002512
時	1	0.001585	0.002391
15	1	0.001585	0.002369
これ	1	0.001585	0.002233
よう	1	0.001585	0.002182
中	1	0.001585	0.002166
現在	1	0.001585	0.002135
的	1	0.001585	0.002049
者	1	0.001585	0.001882
日本	1	0.001585	0.001882
/%	1	0.001585	0.001635
http	1	0.001585	0.001592
://	1	0.001585	0.001592
ja	1	0.001585	0.001592
wikipedia	1	0.001585	0.001592
org	1	0.001585	0.001592
wiki	1	0.001585	0.001592
作成	1	0.001585	0.001592
出典	1	0.001585	0.001585
フリー	1	0.001585	0.001585
百科	1	0.001585	0.001585
事典	1	0.001585	0.001585
ウィキペディア	1	0.001585	0.001585
Wikipedia	1	0.001585	0.001585
移動	1	0.001585	0.001585
ナビゲーション	1	0.001585	0.001585
検索	1	0.001585	0.001585
