ST	23	0.044487	0.133461
250	24	0.046422	0.106818
Etype	9	0.017408	0.052224
mm	12	0.023211	0.050017
スズキ	8	0.015474	0.039039
始動	5	0.009671	0.029013
エンジン	5	0.009671	0.024399
オートバイ	4	0.007737	0.023211
ボルティー	4	0.007737	0.023211
カスタマイズ	4	0.007737	0.023211
装備	4	0.007737	0.019520
キック	4	0.007737	0.019520
セル	3	0.005803	0.017409
モデル	4	0.007737	0.017190
販売	4	0.007737	0.016224
kg	4	0.007737	0.016224
年	8	0.015474	0.016108
フェンダー	3	0.005803	0.015662
)/	3	0.005803	0.015662
発売	4	0.007737	0.015154
化	5	0.009671	0.014870
バルブ	3	0.005803	0.014640
価格	3	0.005803	0.014640
前後	3	0.005803	0.013353
限定	3	0.005803	0.012893
スタンダード	2	0.003868	0.011604
シンプル	2	0.003868	0.011604
バイク	2	0.003868	0.011604
シリンダー	2	0.003868	0.011604
メッキ	2	0.003868	0.011604
小売	2	0.003868	0.011604
ボルティ	2	0.003868	0.011604
Nm	2	0.003868	0.011604
6000	2	0.003868	0.011604
770	2	0.003868	0.011604
ガス	2	0.003868	0.011604
マフラー	2	0.003868	0.011604
デザインスタディモデル	2	0.003868	0.011604
高	3	0.005803	0.011366
台	3	0.005803	0.010945
km	3	0.005803	0.010584
東京モーターショー	2	0.003868	0.010440
気筒	2	0.003868	0.010440
搭載	2	0.003868	0.010440
kgm	2	0.003868	0.010440
rpm	2	0.003868	0.010440
750	2	0.003868	0.010440
シート	2	0.003868	0.010440
排出	2	0.003868	0.010440
18	3	0.005803	0.010421
後継	2	0.003868	0.009758
出品	2	0.003868	0.009758
重量	2	0.003868	0.009758
式	3	0.005803	0.009736
90	3	0.005803	0.009507
車種	2	0.003868	0.009275
希望	2	0.003868	0.009275
°	2	0.003868	0.009275
大幅	2	0.003868	0.009275
2004	3	0.005803	0.009103
非常	2	0.003868	0.008900
個	2	0.003868	0.008900
61	2	0.003868	0.008900
共通	2	0.003868	0.008594
規制	2	0.003868	0.008594
37	2	0.003868	0.008335
比	2	0.003868	0.008335
55	2	0.003868	0.008335
タイプ	2	0.003868	0.008335
円	2	0.003868	0.008335
対応	2	0.003868	0.008111
編集	4	0.007737	0.007874
自動車	2	0.003868	0.007736
変更	2	0.003868	0.007576
82	3	0.005803	0.007500
後	3	0.005803	0.007310
回	2	0.003868	0.007295
全国	2	0.003868	0.007295
ため	3	0.005803	0.007133
万	2	0.003868	0.006845
系	2	0.003868	0.006749
25	2	0.003868	0.006749
月	3	0.005803	0.006562
2003	2	0.003868	0.006490
次	2	0.003868	0.006490
2008	2	0.003868	0.006337
上	2	0.003868	0.005890
エスティー	1	0.001934	0.005802
ひゃく	1	0.001934	0.005802
じゅう	1	0.001934	0.005802
ストリート	1	0.001934	0.005802
フォルム	1	0.001934	0.005802
グラストラッカー	1	0.001934	0.005802
空冷	1	0.001934	0.005802
サイクル	1	0.001934	0.005802
SOHC	1	0.001934	0.005802
249	1	0.001934	0.005802
SCEM	1	0.001934	0.005802
耐	1	0.001934	0.005802
効率	1	0.001934	0.005802
ストローク	1	0.001934	0.005802
シングルディスクブレーキ	1	0.001934	0.005802
スポーク	1	0.001934	0.005802
ショック	1	0.001934	0.005802
車載	1	0.001934	0.005802
¥	1	0.001934	0.005802
366	1	0.001934	0.005802
手頃	1	0.001934	0.005802
機種	1	0.001934	0.005802
並	1	0.001934	0.005802
排気	1	0.001934	0.005802
燃費	1	0.001934	0.005802
005	1	0.001934	0.005802
070	1	0.001934	0.005802
全幅	1	0.001934	0.005802
375	1	0.001934	0.005802
最低	1	0.001934	0.005802
165	1	0.001934	0.005802
125	1	0.001934	0.005802
129	1	0.001934	0.005802
127	1	0.001934	0.005802
減速	1	0.001934	0.005802
733	1	0.001934	0.005802
866	1	0.001934	0.005802
キャスター	1	0.001934	0.005802
トレール	1	0.001934	0.005802
リヤタイヤ	1	0.001934	0.005802
ハザード	1	0.001934	0.005802
パッシングライト・スイッチ	1	0.001934	0.005802
スターター	1	0.001934	0.005802
マニュアルデコンプ	1	0.001934	0.005802
ヘッドライト	1	0.001934	0.005802
メーター	1	0.001934	0.005802
高級	1	0.001934	0.005802
グラデーション	1	0.001934	0.005802
点火	1	0.001934	0.005802
トランジスタ	1	0.001934	0.005802
CDI	1	0.001934	0.005802
強	1	0.001934	0.005802
フューエルインジェクション	1	0.001934	0.005802
触媒	1	0.001934	0.005802
質感	1	0.001934	0.005802
定価	1	0.001934	0.005802
税込み	1	0.001934	0.005802
DESIGN	1	0.001934	0.005802
STUDY	1	0.001934	0.005802
MODEL	1	0.001934	0.005802
（株）	1	0.001934	0.005802
セパレート	1	0.001934	0.005802
ハンドル	1	0.001934	0.005802
フロントカウル	1	0.001934	0.005802
レーサー	1	0.001934	0.005802
レッグシールド	1	0.001934	0.005802
ノスタルジック	1	0.001934	0.005802
SW	1	0.001934	0.005802
BBST	1	0.001934	0.005802
ボーイ	1	0.001934	0.005220
ps	1	0.001934	0.005220
摩耗	1	0.001934	0.005220
伝導	1	0.001934	0.005220
冷却	1	0.001934	0.005220
ホイール	1	0.001934	0.005220
ツイン	1	0.001934	0.005220
樹脂	1	0.001934	0.005220
簡素	1	0.001934	0.005220
450	1	0.001934	0.005220
売	1	0.001934	0.005220
圧縮	1	0.001934	0.005220
トルク	1	0.001934	0.005220
前期	1	0.001934	0.005220
325	1	0.001934	0.005220
乾燥	1	0.001934	0.005220
107	1	0.001934	0.005220
フロント	1	0.001934	0.005220
タイヤ	1	0.001934	0.005220
110	1	0.001934	0.005220
スイッチ	1	0.001934	0.005220
消滅	1	0.001934	0.005220
感	1	0.001934	0.005220
加工	1	0.001934	0.005220
ガソリン	1	0.001934	0.005220
タンク	1	0.001934	0.005220
塗装	1	0.001934	0.005220
フル	1	0.001934	0.005220
チェンジ	1	0.001934	0.005220
ステップ	1	0.001934	0.005220
アルミ	1	0.001934	0.005220
雰囲気	1	0.001934	0.005220
往年	1	0.001934	0.005220
外部	2	0.003868	0.005066
12	2	0.003868	0.005066
的	2	0.003868	0.004999
リンク	2	0.003868	0.004967
ビッグ	1	0.001934	0.004879
新規	1	0.001934	0.004879
cc	1	0.001934	0.004879
現行	1	0.001934	0.004879
工具	1	0.001934	0.004879
扱い	1	0.001934	0.004879
部品	1	0.001934	0.004879
スペック	1	0.001934	0.004879
)→	1	0.001934	0.004879
軸	1	0.001934	0.004879
160	1	0.001934	0.004879
51	1	0.001934	0.004879
増	1	0.001934	0.004879
マイナー	1	0.001934	0.004879
上昇	1	0.001934	0.004879
製造	1	0.001934	0.004638
ベース	1	0.001934	0.004638
熱	1	0.001934	0.004638
オプション	1	0.001934	0.004638
地上	1	0.001934	0.004638
統合	1	0.001934	0.004638
併用	1	0.001934	0.004638
輪	1	0.001934	0.004638
大型	1	0.001934	0.004638
日	2	0.003868	0.004516
出力	1	0.001934	0.004450
口	1	0.001934	0.004450
違い	1	0.001934	0.004450
57	1	0.001934	0.004450
距離	1	0.001934	0.004450
120	1	0.001934	0.004450
こと	2	0.003868	0.004443
実現	1	0.001934	0.004297
47	1	0.001934	0.004297
生産	1	0.001934	0.004297
性能	1	0.001934	0.004297
バック	1	0.001934	0.004297
イメージ	1	0.001934	0.004297
54	1	0.001934	0.004168
カバー	1	0.001934	0.004168
方式	1	0.001934	0.004168
向上	1	0.001934	0.004168
シングル	1	0.001934	0.004168
以前	1	0.001934	0.004055
設計	1	0.001934	0.004055
最高	1	0.001934	0.004055
高速	1	0.001934	0.004055
採用	1	0.001934	0.004055
率	1	0.001934	0.004055
最大	1	0.001934	0.004055
全長	1	0.001934	0.004055
00	1	0.001934	0.004055
事実	1	0.001934	0.003956
程度	1	0.001934	0.003956
特徴	1	0.001934	0.003868
意味	1	0.001934	0.003868
終了	1	0.001934	0.003868
元	1	0.001934	0.003868
45	1	0.001934	0.003868
200	1	0.001934	0.003868
92	1	0.001934	0.003788
為	1	0.001934	0.003715
基本	1	0.001934	0.003648
廃止	1	0.001934	0.003648
100	1	0.001934	0.003527
結果	1	0.001934	0.003473
型	1	0.001934	0.003374
22	1	0.001934	0.003286
28	1	0.001934	0.003286
17	1	0.001934	0.003286
PJ	1	0.001934	0.003286
BA	1	0.001934	0.003286
80	1	0.001934	0.003245
参考	1	0.001934	0.003245
AD	1	0.001934	0.003245
21	1	0.001934	0.003168
世界	1	0.001934	0.003034
2007	1	0.001934	0.003034
性	1	0.001934	0.002945
加筆	1	0.001934	0.002918
訂正	1	0.001934	0.002918
15	1	0.001934	0.002891
記事	1	0.001934	0.002840
20	1	0.001934	0.002816
二	1	0.001934	0.002816
協力	1	0.001934	0.002792
の	1	0.001934	0.002663
現在	1	0.001934	0.002605
83	1	0.001934	0.002436
者	1	0.001934	0.002296
目次	1	0.001934	0.002210
表示	1	0.001934	0.002210
項目	1	0.001934	0.002210
関連	1	0.001934	0.002165
/%	1	0.001934	0.001995
http	1	0.001934	0.001942
://	1	0.001934	0.001942
ja	1	0.001934	0.001942
wikipedia	1	0.001934	0.001942
org	1	0.001934	0.001942
wiki	1	0.001934	0.001942
作成	1	0.001934	0.001942
カテゴリ	1	0.001934	0.001942
出典	1	0.001934	0.001934
フリー	1	0.001934	0.001934
百科	1	0.001934	0.001934
事典	1	0.001934	0.001934
ウィキペディア	1	0.001934	0.001934
Wikipedia	1	0.001934	0.001934
移動	1	0.001934	0.001934
ナビゲーション	1	0.001934	0.001934
検索	1	0.001934	0.001934
