オフィス	16	0.054054	0.162162
サービス	12	0.040541	0.093286
事	9	0.030405	0.055456
レンタル	6	0.020270	0.054708
事務所	5	0.016892	0.037531
机	4	0.013514	0.036474
貸し	4	0.013514	0.036474
形	5	0.016892	0.031859
等	6	0.020270	0.030580
マンション	3	0.010135	0.030405
サービスアパートメント	3	0.010135	0.030405
電話	3	0.010135	0.030405
イニシャル	2	0.006757	0.020271
バーチャル	2	0.006757	0.020271
入居	2	0.006757	0.020271
グレード	2	0.006757	0.020271
住所	2	0.006757	0.020271
IT	2	0.006757	0.018237
契約	2	0.006757	0.018237
顧客	2	0.006757	0.018237
82	4	0.013514	0.017466
編集	5	0.016892	0.017191
コスト	2	0.006757	0.017047
大手	2	0.006757	0.017047
83	4	0.013514	0.017023
部屋	2	0.006757	0.016203
会議	2	0.006757	0.016203
ビジネス	2	0.006757	0.016203
時間	3	0.010135	0.016064
作業	2	0.006757	0.015548
スペース	2	0.006757	0.014561
室	2	0.006757	0.014561
提供	2	0.006757	0.014169
会社	2	0.006757	0.014169
プロジェクト	2	0.006757	0.013823
物	2	0.006757	0.013514
的	3	0.010135	0.013099
万	2	0.006757	0.011957
東京	2	0.006757	0.011789
一般	2	0.006757	0.011630
さ	2	0.006757	0.011480
一部	2	0.006757	0.011070
利用	2	0.006757	0.010825
イス	1	0.003378	0.010134
自前	1	0.003378	0.010134
賃貸借	1	0.003378	0.010134
課金	1	0.003378	0.010134
いろいろ	1	0.003378	0.010134
間貸し	1	0.003378	0.010134
月極	1	0.003378	0.010134
いくら	1	0.003378	0.010134
千差万別	1	0.003378	0.010134
登記	1	0.003378	0.010134
税務署	1	0.003378	0.010134
脱税	1	0.003378	0.010134
モバイラー	1	0.003378	0.010134
向き	1	0.003378	0.010134
タッチダウンオフィス	1	0.003378	0.010134
スケジュール	1	0.003378	0.010134
風潮	1	0.003378	0.010134
サテライト	1	0.003378	0.010134
貸与	1	0.003378	0.010134
転送	1	0.003378	0.010134
応対	1	0.003378	0.010134
迅速	1	0.003378	0.010134
ベンダー	1	0.003378	0.010134
兼用	1	0.003378	0.010134
賃料	1	0.003378	0.010134
私設	1	0.003378	0.010134
私書箱	1	0.003378	0.010134
ビューロー	1	0.003378	0.010134
コンビニ	1	0.003378	0.010134
シェアードオフィス	1	0.003378	0.010134
シェアリング	1	0.003378	0.010134
コーポラティブオフィス	1	0.003378	0.010134
インキュベーションオフィス	1	0.003378	0.010134
よう	2	0.006757	0.009303
一	2	0.006757	0.009234
執務	1	0.003378	0.009117
インフラ	1	0.003378	0.009117
オーナー	1	0.003378	0.009117
起業	1	0.003378	0.009117
都内	1	0.003378	0.009117
費用	1	0.003378	0.009117
パソコン	1	0.003378	0.009117
メール	1	0.003378	0.009117
チェック	1	0.003378	0.009117
充実	1	0.003378	0.009117
個人	1	0.003378	0.009117
PR	1	0.003378	0.009117
都心	1	0.003378	0.009117
開き	1	0.003378	0.009117
代行	1	0.003378	0.009117
ルーム	1	0.003378	0.009117
空間	1	0.003378	0.008522
ビル	1	0.003378	0.008522
総称	1	0.003378	0.008522
届	1	0.003378	0.008522
調整	1	0.003378	0.008522
地図	1	0.003378	0.008522
設備	1	0.003378	0.008522
昨今	1	0.003378	0.008522
配慮	1	0.003378	0.008522
郵便	1	0.003378	0.008522
駆使	1	0.003378	0.008522
住居	1	0.003378	0.008522
スペック	1	0.003378	0.008522
分類	1	0.003378	0.008100
ひとつ	1	0.003378	0.008100
事務	1	0.003378	0.008100
機器	1	0.003378	0.008100
普段	1	0.003378	0.008100
訪問	1	0.003378	0.008100
先	1	0.003378	0.008100
番号	1	0.003378	0.008100
対外	1	0.003378	0.008100
中小	1	0.003378	0.008100
登録	1	0.003378	0.008100
業務	1	0.003378	0.007773
違い	1	0.003378	0.007773
箇所	1	0.003378	0.007773
メーカー	1	0.003378	0.007773
確認	1	0.003378	0.007773
300	1	0.003378	0.007773
こと	2	0.006757	0.007762
項目	2	0.006757	0.007721
関連	2	0.006757	0.007562
いずれ	1	0.003378	0.007505
開設	1	0.003378	0.007505
そこ	1	0.003378	0.007505
北海道	1	0.003378	0.007505
九州	1	0.003378	0.007505
ヶ月	1	0.003378	0.007505
タイプ	1	0.003378	0.007279
企業	1	0.003378	0.007279
カバー	1	0.003378	0.007279
方法	1	0.003378	0.007083
番	1	0.003378	0.007083
対応	1	0.003378	0.007083
デザイン	1	0.003378	0.007083
建築	1	0.003378	0.007083
期	1	0.003378	0.006911
期間	1	0.003378	0.006911
開業	1	0.003378	0.006911
法人	1	0.003378	0.006911
程度	1	0.003378	0.006911
様々	1	0.003378	0.006756
ところ	1	0.003378	0.006616
保護	1	0.003378	0.006616
BF	1	0.003378	0.006616
規模	1	0.003378	0.006489
以上	1	0.003378	0.006371
事業	1	0.003378	0.006371
センター	1	0.003378	0.006262
100	1	0.003378	0.006161
所在地	1	0.003378	0.006161
95	1	0.003378	0.005894
AA	1	0.003378	0.005814
所	1	0.003378	0.005739
AC	1	0.003378	0.005739
AB	1	0.003378	0.005739
必要	1	0.003378	0.005534
情報	1	0.003378	0.005534
部	1	0.003378	0.005472
場合	1	0.003378	0.005246
20	1	0.003378	0.004918
ため	1	0.003378	0.004152
目次	1	0.003378	0.003860
表示	1	0.003378	0.003860
/%	1	0.003378	0.003484
http	1	0.003378	0.003393
://	1	0.003378	0.003393
ja	1	0.003378	0.003393
wikipedia	1	0.003378	0.003393
org	1	0.003378	0.003393
wiki	1	0.003378	0.003393
作成	1	0.003378	0.003393
カテゴリ	1	0.003378	0.003393
出典	1	0.003378	0.003378
フリー	1	0.003378	0.003378
百科	1	0.003378	0.003378
事典	1	0.003378	0.003378
ウィキペディア	1	0.003378	0.003378
Wikipedia	1	0.003378	0.003378
移動	1	0.003378	0.003378
ナビゲーション	1	0.003378	0.003378
検索	1	0.003378	0.003378
