MBA	23	0.040280	0.120840
学位	11	0.019264	0.057792
大学院	12	0.021016	0.056722
経営	15	0.026270	0.055086
スクール	8	0.014011	0.037815
認証	7	0.012259	0.036777
職	9	0.015762	0.033966
専門	10	0.017513	0.033639
ビジネス	8	0.014011	0.033598
企業	8	0.014011	0.030192
修士	6	0.010508	0.028361
コース	7	0.012259	0.028208
実務	5	0.008757	0.023635
課程	5	0.008757	0.020999
プログラム	4	0.007005	0.018906
教育	5	0.008757	0.016516
家	6	0.010508	0.015853
学修	3	0.005254	0.015762
AMBA	3	0.005254	0.015762
米国	3	0.005254	0.015762
論文	3	0.005254	0.015762
AACSB	3	0.005254	0.015762
取得	4	0.007005	0.015095
年	8	0.014011	0.014585
日本	7	0.012259	0.014553
よう	6	0.010508	0.014467
起業	3	0.005254	0.014180
養成	3	0.005254	0.013255
研究	4	0.007005	0.013212
大学	4	0.007005	0.012986
士	3	0.005254	0.012599
幹部	3	0.005254	0.012599
機関	4	0.007005	0.012580
編集	7	0.012259	0.012476
こと	6	0.010508	0.012071
従来	3	0.005254	0.011674
末	3	0.005254	0.011322
発行	3	0.005254	0.011322
校	3	0.005254	0.011322
Business	2	0.003503	0.010509
アプローチ	2	0.003503	0.010509
EMBA	2	0.003503	0.010509
成果	2	0.003503	0.010509
本拠	2	0.003503	0.010509
Association	2	0.003503	0.010509
European	2	0.003503	0.010509
名古屋商科大学	2	0.003503	0.010509
tips	2	0.003503	0.010509
Universum	2	0.003503	0.010509
of	3	0.005254	0.010291
科学	3	0.005254	0.010291
授与	2	0.003503	0.009454
文部	2	0.003503	0.009454
考え方	2	0.003503	0.009454
エリート	2	0.003503	0.009454
価値	2	0.003503	0.009454
多く	3	0.005254	0.009436
現在	4	0.007005	0.009434
もの	4	0.007005	0.009302
概説	2	0.003503	0.008838
一定	2	0.003503	0.008838
年代	3	0.005254	0.008709
質	2	0.003503	0.008400
for	2	0.003503	0.008400
能力	2	0.003503	0.008061
さまざま	2	0.003503	0.007783
圏	2	0.003503	0.007783
省	2	0.003503	0.007549
外国	2	0.003503	0.007549
これ	3	0.005254	0.007403
制度	2	0.003503	0.007345
採用	2	0.003503	0.007345
米	2	0.003503	0.007166
英	2	0.003503	0.007006
開発	2	0.003503	0.007006
的	3	0.005254	0.006790
人	3	0.005254	0.006618
高等	2	0.003503	0.006607
学	2	0.003503	0.006291
登場	2	0.003503	0.006291
設置	2	0.003503	0.006291
アメリカ	2	0.003503	0.006030
世界	2	0.003503	0.005495
化	2	0.003503	0.005386
出典	3	0.005254	0.005254
Master	1	0.001751	0.005253
Administration	1	0.001751	0.005253
両者	1	0.001751	0.005253
マネジメント	1	0.001751	0.005253
ウォートン・スクール	1	0.001751	0.005253
ハー	1	0.001751	0.005253
メソッド	1	0.001751	0.005253
パスポート	1	0.001751	0.005253
同窓	1	0.001751	0.005253
人脈	1	0.001751	0.005253
高額	1	0.001751	0.005253
給与	1	0.001751	0.005253
エグゼクティブ	1	0.001751	0.005253
皮切り	1	0.001751	0.005253
修了	1	0.001751	0.005253
パートタイム	1	0.001751	0.005253
職務	1	0.001751	0.005253
中断	1	0.001751	0.005253
昇給	1	0.001751	0.005253
金融	1	0.001751	0.005253
会計	1	0.001751	0.005253
法務	1	0.001751	0.005253
不要	1	0.001751	0.005253
履修	1	0.001751	0.005253
習得	1	0.001751	0.005253
営利	1	0.001751	0.005253
Accreditation	1	0.001751	0.005253
保証	1	0.001751	0.005253
MBAs	1	0.001751	0.005253
ベルギー	1	0.001751	0.005253
EFMD	1	0.001751	0.005253
Foundation	1	0.001751	0.005253
Management	1	0.001751	0.005253
Development	1	0.001751	0.005253
EQUIS	1	0.001751	0.005253
Improvement	1	0.001751	0.005253
System	1	0.001751	0.005253
慶應義塾	1	0.001751	0.005253
Exduco	1	0.001751	0.005253
Graduate	1	0.001751	0.005253
School	1	0.001751	0.005253
Guide	1	0.001751	0.005253
Advance	1	0.001751	0.005253
Collegiate	1	0.001751	0.005253
Schools	1	0.001751	0.005253
Sciences	1	0.001751	0.005253
Po	1	0.001751	0.005253
skoolix	1	0.001751	0.005253
admission	1	0.001751	0.005253
search	1	0.001751	0.005253
tool	1	0.001751	0.005253
programs	1	0.001751	0.005253
Fortune	1	0.001751	0.005253
Top	1	0.001751	0.005253
Employers	1	0.001751	0.005253
ディプロマ	1	0.001751	0.005253
ディグリー	1	0.001751	0.005253
リクルート	1	0.001751	0.005253
net	1	0.001751	0.005253
スキル	1	0.001751	0.005253
えい	1	0.001751	0.004726
がく	1	0.001751	0.004726
経験	1	0.001751	0.004726
規定	1	0.001751	0.004726
バード	1	0.001751	0.004726
狙い	1	0.001751	0.004726
併設	1	0.001751	0.004726
短期	1	0.001751	0.004726
週末	1	0.001751	0.004726
転機	1	0.001751	0.004726
志向	1	0.001751	0.004726
意味合い	1	0.001751	0.004726
特	1	0.001751	0.004726
有利	1	0.001751	0.004726
危機	1	0.001751	0.004726
知識	1	0.001751	0.004726
重き	1	0.001751	0.004726
欧米	1	0.001751	0.004726
第三者	1	0.001751	0.004726
意図	1	0.001751	0.004726
カ国	1	0.001751	0.004726
Quality	1	0.001751	0.004726
Best	1	0.001751	0.004726
US	1	0.001751	0.004726
ミル	1	0.001751	0.004726
高度	1	0.001751	0.004726
外部	2	0.003503	0.004588
リンク	2	0.003503	0.004498
1881	1	0.001751	0.004418
分析	1	0.001751	0.004418
訓練	1	0.001751	0.004418
ケース	1	0.001751	0.004418
シカゴ	1	0.001751	0.004418
現役	1	0.001751	0.004418
夜間	1	0.001751	0.004418
配慮	1	0.001751	0.004418
観	1	0.001751	0.004418
私立	1	0.001751	0.004418
レベル	1	0.001751	0.004418
公認	1	0.001751	0.004418
ランキング	1	0.001751	0.004418
職業	1	0.001751	0.004418
ため	2	0.003503	0.004306
界	1	0.001751	0.004199
定着	1	0.001751	0.004199
トップ	1	0.001751	0.004199
利便	1	0.001751	0.004199
標準	1	0.001751	0.004199
通信	1	0.001751	0.004199
昇進	1	0.001751	0.004199
要求	1	0.001751	0.004199
重視	1	0.001751	0.004199
民間	1	0.001751	0.004199
認定	1	0.001751	0.004199
to	1	0.001751	0.004199
者	2	0.003503	0.004158
けい	1	0.001751	0.004029
相当	1	0.001751	0.004029
新設	1	0.001751	0.004029
1940	1	0.001751	0.004029
独立	1	0.001751	0.004029
育成	1	0.001751	0.004029
思想	1	0.001751	0.004029
意見	1	0.001751	0.004029
提出	1	0.001751	0.004029
授業	1	0.001751	0.004029
基準	1	0.001751	0.004029
執筆	1	0.001751	0.004029
加盟	1	0.001751	0.004029
項目	2	0.003503	0.004003
関連	2	0.003503	0.003921
略称	1	0.001751	0.003890
状況	1	0.001751	0.003890
判断	1	0.001751	0.003890
候補	1	0.001751	0.003890
それら	1	0.001751	0.003890
定期	1	0.001751	0.003890
評価	1	0.001751	0.003890
1920	1	0.001751	0.003773
後半	1	0.001751	0.003773
向け	1	0.001751	0.003773
システム	1	0.001751	0.003773
提供	1	0.001751	0.003672
例	1	0.001751	0.003672
初	1	0.001751	0.003672
学生	1	0.001751	0.003672
国立	1	0.001751	0.003672
and	1	0.001751	0.003672
96	1	0.001751	0.003672
名称	1	0.001751	0.003582
通り	1	0.001751	0.003582
近代	1	0.001751	0.003582
もと	1	0.001751	0.003582
形態	1	0.001751	0.003582
団体	1	0.001751	0.003582
イギリス	1	0.001751	0.003582
AE	1	0.001751	0.003582
アメリカ合衆国	1	0.001751	0.003582
作成	2	0.003503	0.003518
世紀	1	0.001751	0.003502
設立	1	0.001751	0.003502
一つ	1	0.001751	0.003502
対象	1	0.001751	0.003430
管理	1	0.001751	0.003430
政府	1	0.001751	0.003430
500	1	0.001751	0.003430
BF	1	0.001751	0.003430
最初	1	0.001751	0.003363
1970	1	0.001751	0.003302
平成	1	0.001751	0.003246
面	1	0.001751	0.003194
年度	1	0.001751	0.003194
100	1	0.001751	0.003194
問題	1	0.001751	0.003194
18	1	0.001751	0.003145
社会	1	0.001751	0.003098
本	1	0.001751	0.003098
中心	1	0.001751	0.003098
型	1	0.001751	0.003055
版	1	0.001751	0.003014
1980	1	0.001751	0.003014
29	1	0.001751	0.003014
ほか	1	0.001751	0.003014
19	1	0.001751	0.002975
さ	1	0.001751	0.002975
AB	1	0.001751	0.002975
2003	1	0.001751	0.002938
AD	1	0.001751	0.002938
一覧	1	0.001751	0.002902
2008	1	0.001751	0.002869
]。	1	0.001751	0.002869
数	1	0.001751	0.002775
30	1	0.001751	0.002775
存在	1	0.001751	0.002747
2007	1	0.001751	0.002747
主	1	0.001751	0.002747
性	1	0.001751	0.002667
号	1	0.001751	0.002667
.^	1	0.001751	0.002594
二	1	0.001751	0.002549
の	1	0.001751	0.002411
中	1	0.001751	0.002393
日	1	0.001751	0.002044
目次	1	0.001751	0.002001
表示	1	0.001751	0.002001
月	1	0.001751	0.001980
/%	1	0.001751	0.001806
http	1	0.001751	0.001759
://	1	0.001751	0.001759
ja	1	0.001751	0.001759
wikipedia	1	0.001751	0.001759
org	1	0.001751	0.001759
wiki	1	0.001751	0.001759
カテゴリ	1	0.001751	0.001759
フリー	1	0.001751	0.001751
百科	1	0.001751	0.001751
事典	1	0.001751	0.001751
ウィキペディア	1	0.001751	0.001751
Wikipedia	1	0.001751	0.001751
移動	1	0.001751	0.001751
ナビゲーション	1	0.001751	0.001751
検索	1	0.001751	0.001751
