競争	52	0.030093	0.090279
不正	51	0.029514	0.088542
行為	44	0.025463	0.061059
商品	46	0.026620	0.057363
防止	29	0.016782	0.038616
法	36	0.020833	0.037997
改正	27	0.015625	0.034716
等	30	0.017361	0.026191
経済	16	0.009259	0.022203
要件	12	0.006944	0.020832
営業	18	0.010417	0.020009
こと	29	0.016782	0.019278
知的	11	0.006366	0.019098
商標	11	0.006366	0.019098
形態	16	0.009259	0.018942
他人	12	0.006944	0.018742
平成	17	0.009838	0.018238
財産	11	0.006366	0.017182
類似	12	0.006944	0.016651
表示	24	0.013889	0.015871
保護	14	0.008102	0.015869
侵害	9	0.005208	0.015624
模倣	9	0.005208	0.015624
権利	9	0.005208	0.015624
秘密	10	0.005787	0.015619
産業	12	0.006944	0.015429
省	12	0.006944	0.014964
法律	12	0.006944	0.014561
号	16	0.009259	0.014100
年	22	0.012731	0.013252
使用	15	0.008681	0.012748
編集	20	0.011574	0.011779
請求	7	0.004051	0.010934
提供	9	0.005208	0.010921
権	10	0.005787	0.010915
性	12	0.006944	0.010575
的	14	0.008102	0.010471
公正	6	0.003472	0.010416
損害	6	0.003472	0.010416
役務	6	0.003472	0.010416
法令	7	0.004051	0.010220
訴訟	7	0.004051	0.009714
販売	8	0.004630	0.009709
.^	11	0.006366	0.009431
刑事	6	0.003472	0.009371
コピー	6	0.003472	0.009371
禁止	7	0.004051	0.009321
技術	8	0.004630	0.008893
よう	11	0.006366	0.008764
目的	8	0.004630	0.008732
競	5	0.002894	0.008682
類型	5	0.002894	0.008682
ドメイン	5	0.002894	0.008682
年度	8	0.004630	0.008445
製造	6	0.003472	0.008326
条	6	0.003472	0.007989
市場	6	0.003472	0.007989
上	9	0.005208	0.007931
規定	5	0.002894	0.007811
輸入	5	0.002894	0.007811
品	6	0.003472	0.007714
一部	8	0.004630	0.007585
政策	6	0.003472	0.007482
譲渡	5	0.002894	0.007301
同一	5	0.002894	0.007301
条文	4	0.002315	0.006945
賠償	4	0.002315	0.006945
民法	4	0.002315	0.006945
商号	4	0.002315	0.006945
利益	4	0.002315	0.006945
者	10	0.005787	0.006870
管理	6	0.003472	0.006800
制限	5	0.002894	0.006659
][	5	0.002894	0.006659
ため	9	0.005208	0.006401
罰	4	0.002315	0.006248
混同	4	0.002315	0.006248
取得	5	0.002894	0.006236
外国	5	0.002894	0.006236
著名	5	0.002894	0.005920
不法	4	0.002315	0.005840
強化	4	0.002315	0.005840
]。	6	0.003472	0.005688
手段	4	0.002315	0.005551
場合	6	0.003472	0.005391
執筆	4	0.002315	0.005327
抗弁	3	0.001736	0.005208
虚偽	3	0.001736	0.005208
709	3	0.001736	0.005208
信用	3	0.001736	0.005208
期限	3	0.001736	0.005208
有用	3	0.001736	0.005208
デッド	3	0.001736	0.005208
周知	3	0.001736	0.005208
旨	3	0.001736	0.005208
11	6	0.003472	0.004854
日本	7	0.004051	0.004809
名称	4	0.002315	0.004736
節	4	0.002315	0.004736
迂回	3	0.001736	0.004685
顧客	3	0.001736	0.004685
株式会社	3	0.001736	0.004685
もの	6	0.003472	0.004610
事件	4	0.002315	0.004447
全部	3	0.001736	0.004380
装置	3	0.001736	0.004380
輸出	3	0.001736	0.004380
事例	3	0.001736	0.004380
加筆	5	0.002894	0.004366
訂正	5	0.002894	0.004366
名	5	0.002894	0.004326
協力	5	0.002894	0.004178
確保	3	0.001736	0.004163
相手	3	0.001736	0.004163
業	3	0.001736	0.004163
機能	3	0.001736	0.003995
制定	3	0.001736	0.003995
条約	3	0.001736	0.003995
工業	3	0.001736	0.003857
情報	4	0.002315	0.003793
利用	4	0.002315	0.003709
例	3	0.001736	0.003640
会社	3	0.001736	0.003640
13	4	0.002315	0.003631
14	4	0.002315	0.003631
化	4	0.002315	0.003560
近年	3	0.001736	0.003472
的確	2	0.001157	0.003471
事由	2	0.001157	0.003471
粗悪	2	0.001157	0.003471
公知	2	0.001157	0.003471
取引	2	0.001157	0.003471
弾力	2	0.001157	0.003471
景気	2	0.001157	0.003471
贈賄	2	0.001157	0.003471
引き渡し	2	0.001157	0.003471
惹起	2	0.001157	0.003471
カニ	2	0.001157	0.003471
看板	2	0.001157	0.003471
渡し	2	0.001157	0.003471
無効	2	0.001157	0.003471
原産地	2	0.001157	0.003471
誤認	2	0.001157	0.003471
数量	2	0.001157	0.003471
みりん	2	0.001157	0.003471
誹謗	2	0.001157	0.003471
流布	2	0.001157	0.003471
代理人	2	0.001157	0.003471
iMac	2	0.001157	0.003471
アップルコンピュータ	2	0.001157	0.003471
15	4	0.002315	0.003461
日	5	0.002894	0.003379
大正	3	0.001736	0.003335
国際	3	0.001736	0.003274
関連	5	0.002894	0.003239
以下	3	0.001736	0.003218
内容	3	0.001736	0.003166
中	4	0.002315	0.003164
約束	2	0.001157	0.003123
健全	2	0.001157	0.003123
意義	2	0.001157	0.003123
判例	2	0.001157	0.003123
止	2	0.001157	0.003123
否認	2	0.001157	0.003123
ノウハウ	2	0.001157	0.003123
乗り	2	0.001157	0.003123
ハ	2	0.001157	0.003123
ニ	2	0.001157	0.003123
製品	2	0.001157	0.003123
追加	2	0.001157	0.003123
定義	2	0.001157	0.003123
公務員	2	0.001157	0.003123
氏名	2	0.001157	0.003123
標	2	0.001157	0.003123
特定	2	0.001157	0.003123
同種	2	0.001157	0.003123
用途	2	0.001157	0.003123
法学	2	0.001157	0.003123
17	3	0.001736	0.002949
総務	2	0.001157	0.002919
措置	2	0.001157	0.002919
経緯	2	0.001157	0.002919
適用	2	0.001157	0.002919
一定	2	0.001157	0.002919
違法	2	0.001157	0.002919
展示	2	0.001157	0.002919
ライバル	2	0.001157	0.002919
案	2	0.001157	0.002919
必要	3	0.001736	0.002844
概要	3	0.001736	0.002844
会	3	0.001736	0.002812
差	2	0.001157	0.002774
無断	2	0.001157	0.002774
判決	2	0.001157	0.002774
対外	2	0.001157	0.002774
導入	2	0.001157	0.002774
通信	2	0.001157	0.002774
国	3	0.001736	0.002696
国民	2	0.001157	0.002662
業務	2	0.001157	0.002662
サービス	2	0.001157	0.002662
自己	2	0.001157	0.002662
主張	2	0.001157	0.002662
項目	4	0.002315	0.002645
47	2	0.001157	0.002571
データ	2	0.001157	0.002571
実施	2	0.001157	0.002571
規制	2	0.001157	0.002571
設定	2	0.001157	0.002571
システム	2	0.001157	0.002493
リスト	2	0.001157	0.002493
室	2	0.001157	0.002493
批判	2	0.001157	0.002426
集	2	0.001157	0.002426
10	3	0.001736	0.002372
章	2	0.001157	0.002367
事実	2	0.001157	0.002367
店	2	0.001157	0.002314
製	2	0.001157	0.002314
発展	2	0.001157	0.002266
サイト	2	0.001157	0.002266
リンク	3	0.001736	0.002229
以上	2	0.001157	0.002182
形	2	0.001157	0.002182
初期	2	0.001157	0.002182
月	3	0.001736	0.001963
昭和	2	0.001157	0.001941
AD	2	0.001157	0.001941
脚注	2	0.001157	0.001854
関係	2	0.001157	0.001834
主	2	0.001157	0.001815
間	2	0.001157	0.001815
歴史	2	0.001157	0.001815
16	2	0.001157	0.001779
それ	2	0.001157	0.001762
効力	1	0.000579	0.001737
ょうそうぼうしほう	1	0.000579	0.001737
所管	1	0.000579	0.001737
寄与	1	0.000579	0.001737
正常	1	0.000579	0.001737
真似	1	0.000579	0.001737
スパイ	1	0.000579	0.001737
安心	1	0.000579	0.001737
意匠	1	0.000579	0.001737
実質	1	0.000579	0.001737
無体物	1	0.000579	0.001737
効能	1	0.000579	0.001737
盗用	1	0.000579	0.001737
様態	1	0.000579	0.001737
酷似	1	0.000579	0.001737
顕著	1	0.000579	0.001737
コピー・プロテクション	1	0.000579	0.001737
湯	1	0.000579	0.001737
オ	1	0.000579	0.001737
625	1	0.000579	0.001737
大審院	1	0.000579	0.001737
民事	1	0.000579	0.001737
湯屋	1	0.000579	0.001737
舗其	1	0.000579	0.001737
若	1	0.000579	0.001737
之	1	0.000579	0.001737
却	1	0.000579	0.001737
スルコトニ	1	0.000579	0.001737
リテ	1	0.000579	0.001737
得	1	0.000579	0.001737
ヘキ	1	0.000579	0.001737
條	1	0.000579	0.001737
權利	1	0.000579	0.001737
該當	1	0.000579	0.001737
スルモノトス	1	0.000579	0.001737
判示	1	0.000579	0.001737
恐慌	1	0.000579	0.001737
上海	1	0.000579	0.001737
事変	1	0.000579	0.001737
賃金	1	0.000579	0.001737
大量	1	0.000579	0.001737
偽造	1	0.000579	0.001737
通商	1	0.000579	0.001737
ヘーグ	1	0.000579	0.001737
批准	1	0.000579	0.001737
立国	1	0.000579	0.001737
拡充	1	0.000579	0.001737
犯	1	0.000579	0.001737
窃盗	1	0.000579	0.001737
容器	1	0.000579	0.001737
包装	1	0.000579	0.001737
回線	1	0.000579	0.001737
需要	1	0.000579	0.001737
道楽	1	0.000579	0.001737
札幌	1	0.000579	0.001737
ラーメン	1	0.000579	0.001737
図形	1	0.000579	0.001737
McDonald	1	0.000579	0.001737
マック	1	0.000579	0.001737
冒用	1	0.000579	0.001737
ただ	1	0.000579	0.001737
フリーライド	1	0.000579	0.001737
希釈	1	0.000579	0.001737
ダイリューション	1	0.000579	0.001737
ポリューション	1	0.000579	0.001737
VOGUE	1	0.000579	0.001737
ベルト	1	0.000579	0.001737
シャネル	1	0.000579	0.001737
効用	1	0.000579	0.001737
先行	1	0.000579	0.001737
マイナスイオンブラシ	1	0.000579	0.001737
秘匿	1	0.000579	0.001737
複写	1	0.000579	0.001737
転職	1	0.000579	0.001737
転売	1	0.000579	0.001737
ソフト	1	0.000579	0.001737
プロテクト	1	0.000579	0.001737
保有	1	0.000579	0.001737
国産	1	0.000579	0.001737
洋服	1	0.000579	0.001737
生地	1	0.000579	0.001737
押捺	1	0.000579	0.001737
MADE	1	0.000579	0.001737
KOREA	1	0.000579	0.001737
特許	1	0.000579	0.001737
承諾	1	0.000579	0.001737
無し	1	0.000579	0.001737
許諾	1	0.000579	0.001737
ボルトカッタ	1	0.000579	0.001737
不可欠	1	0.000579	0.001737
仮処分	1	0.000579	0.001737
ヨ	1	0.000579	0.001737
22125	1	0.000579	0.001737
地方裁判所	1	0.000579	0.001737
ソーテック	1	0.000579	0.001737
差止め	1	0.000579	0.001737
事案	1	0.000579	0.001737
本条	1	0.000579	0.001737
余談	1	0.000579	0.001737
審議	1	0.000579	0.001737
部会	1	0.000579	0.001737
見直し	1	0.000579	0.001737
弁護士	1	0.000579	0.001737
法制	1	0.000579	0.001737
これ	2	0.001157	0.001630
時代	2	0.001157	0.001630
風評	1	0.000579	0.001563
消費	1	0.000579	0.001563
救済	1	0.000579	0.001563
九	1	0.000579	0.001563
謂	1	0.000579	0.001563
軍需	1	0.000579	0.001563
廉価	1	0.000579	0.001563
貿易	1	0.000579	0.001563
戦前	1	0.000579	0.001563
国外	1	0.000579	0.001563
処罰	1	0.000579	0.001563
海賊版	1	0.000579	0.001563
バッグ	1	0.000579	0.001563
以内	1	0.000579	0.001563
貸し	1	0.000579	0.001563
マニュアル	1	0.000579	0.001563
デジタル	1	0.000579	0.001563
コンテンツ	1	0.000579	0.001563
プログラム	1	0.000579	0.001563
チップ	1	0.000579	0.001563
書類	1	0.000579	0.001563
品質	1	0.000579	0.001563
マンチェスター	1	0.000579	0.001563
服	1	0.000579	0.001563
調味	1	0.000579	0.001563
代理	1	0.000579	0.001563
勝手	1	0.000579	0.001563
分の	1	0.000579	0.001563
棄却	1	0.000579	0.001563
パソコン	1	0.000579	0.001563
色彩	1	0.000579	0.001563
素材	1	0.000579	0.001563
申	1	0.000579	0.001563
立て	1	0.000579	0.001563
指針	1	0.000579	0.001563
・	2	0.001157	0.001547
外部	2	0.001157	0.001515
遭遇	1	0.000579	0.001461
相談	1	0.000579	0.001461
免責	1	0.000579	0.001461
現行	1	0.000579	0.001461
購入	1	0.000579	0.001461
蔓延	1	0.000579	0.001461
ロゴ	1	0.000579	0.001461
モノ	1	0.000579	0.001461
広範	1	0.000579	0.001461
勃発	1	0.000579	0.001461
額	1	0.000579	0.001461
推定	1	0.000579	0.001461
売却	1	0.000579	0.001461
名簿	1	0.000579	0.001461
入手	1	0.000579	0.001461
大手	1	0.000579	0.001461
IN	1	0.000579	0.001461
工具	1	0.000579	0.001461
割合	1	0.000579	0.001461
裁判所	1	0.000579	0.001461
人	2	0.001157	0.001457
最新	1	0.000579	0.001388
反映	1	0.000579	0.001388
現実	1	0.000579	0.001388
番号	1	0.000579	0.001388
期待	1	0.000579	0.001388
十分	1	0.000579	0.001388
マーク	1	0.000579	0.001388
否定	1	0.000579	0.001388
外交	1	0.000579	0.001388
所有	1	0.000579	0.001388
要求	1	0.000579	0.001388
明記	1	0.000579	0.001388
罪	1	0.000579	0.001388
認識	1	0.000579	0.001388
汚染	1	0.000579	0.001388
大衆	1	0.000579	0.001388
ファッション	1	0.000579	0.001388
飲食	1	0.000579	0.001388
機器	1	0.000579	0.001388
信号	1	0.000579	0.001388
広告	1	0.000579	0.001388
質	1	0.000579	0.001388
料	1	0.000579	0.001388
当該	1	0.000579	0.001388
認定	1	0.000579	0.001388
模様	1	0.000579	0.001332
成立	1	0.000579	0.001332
積極	1	0.000579	0.001332
パリ	1	0.000579	0.001332
整理	1	0.000579	0.001332
電気	1	0.000579	0.001332
内部	1	0.000579	0.001332
独立	1	0.000579	0.001332
メーカー	1	0.000579	0.001332
非常	1	0.000579	0.001332
意見	1	0.000579	0.001332
略称	1	0.000579	0.001286
種類	1	0.000579	0.001286
範囲	1	0.000579	0.001286
特別	1	0.000579	0.001286
限定	1	0.000579	0.001286
文字	1	0.000579	0.001286
北海道	1	0.000579	0.001286
ゲーム	1	0.000579	0.001286
開設	1	0.000579	0.001286
領域	1	0.000579	0.001286
小	1	0.000579	0.001286
連合	1	0.000579	0.001286
限り	1	0.000579	0.001248
解説	1	0.000579	0.001248
運用	1	0.000579	0.001248
七	1	0.000579	0.001248
1927	1	0.000579	0.001248
1932	1	0.000579	0.001248
機会	1	0.000579	0.001248
向け	1	0.000579	0.001248
企業	1	0.000579	0.001248
比較	1	0.000579	0.001248
方向	1	0.000579	0.001248
分野	1	0.000579	0.001248
98	1	0.000579	0.001248
事項	1	0.000579	0.001214
デザイン	1	0.000579	0.001214
体制	1	0.000579	0.001214
百	1	0.000579	0.001214
1934	1	0.000579	0.001214
直接	1	0.000579	0.001214
さん	1	0.000579	0.001214
経営	1	0.000579	0.001214
通常	1	0.000579	0.001214
方法	1	0.000579	0.001214
中国	1	0.000579	0.001214
近く	1	0.000579	0.001214
重要	1	0.000579	0.001214
委員	1	0.000579	0.001214
紹介	1	0.000579	0.001214
記述	1	0.000579	0.001184
国内	1	0.000579	0.001184
アクセス	1	0.000579	0.001184
代表	1	0.000579	0.001158
元	1	0.000579	0.001158
様々	1	0.000579	0.001158
雑誌	1	0.000579	0.001158
CD	1	0.000579	0.001158
風	1	0.000579	0.001158
構造	1	0.000579	0.001158
通称	1	0.000579	0.001134
対象	1	0.000579	0.001134
同様	1	0.000579	0.001134
変更	1	0.000579	0.001134
政府	1	0.000579	0.001134
1993	1	0.000579	0.001134
専門	1	0.000579	0.001112
明治	1	0.000579	0.001112
子	1	0.000579	0.001112
最初	1	0.000579	0.001112
用	1	0.000579	0.001112
書	1	0.000579	0.001112
自身	1	0.000579	0.001092
基本	1	0.000579	0.001092
事業	1	0.000579	0.001092
高等	1	0.000579	0.001092
研究	1	0.000579	0.001092
大学	1	0.000579	0.001073
ら	1	0.000579	0.001056
多く	1	0.000579	0.001040
社会	1	0.000579	0.001025
その他	1	0.000579	0.001025
下	1	0.000579	0.001025
東京	1	0.000579	0.001010
95	1	0.000579	0.001010
開始	1	0.000579	0.000997
ほか	1	0.000579	0.000997
19	1	0.000579	0.000984
28	1	0.000579	0.000984
所	1	0.000579	0.000984
2005	1	0.000579	0.000984
可能	1	0.000579	0.000984
PJ	1	0.000579	0.000984
AB	1	0.000579	0.000984
BA	1	0.000579	0.000984
2003	1	0.000579	0.000971
際	1	0.000579	0.000971
参考	1	0.000579	0.000971
81	1	0.000579	0.000960
89	1	0.000579	0.000960
部	1	0.000579	0.000938
2001	1	0.000579	0.000938
三	1	0.000579	0.000918
数	1	0.000579	0.000918
存在	1	0.000579	0.000908
2004	1	0.000579	0.000908
世界	1	0.000579	0.000908
家	1	0.000579	0.000874
記事	1	0.000579	0.000850
二	1	0.000579	0.000843
20	1	0.000579	0.000843
話	1	0.000579	0.000785
表	1	0.000579	0.000780
編	1	0.000579	0.000769
12	1	0.000579	0.000758
後	1	0.000579	0.000729
目次	1	0.000579	0.000662
/%	1	0.000579	0.000597
http	1	0.000579	0.000582
://	1	0.000579	0.000582
ja	1	0.000579	0.000582
wikipedia	1	0.000579	0.000582
org	1	0.000579	0.000582
wiki	1	0.000579	0.000582
作成	1	0.000579	0.000582
カテゴリ	1	0.000579	0.000582
出典	1	0.000579	0.000579
フリー	1	0.000579	0.000579
百科	1	0.000579	0.000579
事典	1	0.000579	0.000579
ウィキペディア	1	0.000579	0.000579
Wikipedia	1	0.000579	0.000579
移動	1	0.000579	0.000579
ナビゲーション	1	0.000579	0.000579
検索	1	0.000579	0.000579
