PL	35	0.020468	0.061404
教団	37	0.021637	0.058398
教	37	0.021637	0.049787
教祖	17	0.009942	0.029826
会	25	0.014620	0.023681
宗教	17	0.009942	0.022877
木徳	12	0.007018	0.021054
神道	13	0.007602	0.019179
教会	13	0.007602	0.019179
祭	16	0.009357	0.019142
日	26	0.015205	0.017752
宗	12	0.007018	0.015593
年	25	0.014620	0.015219
花火	9	0.005263	0.014205
パーフェクト	8	0.004678	0.014034
リバティー	8	0.004678	0.014034
感謝	8	0.004678	0.014034
神	12	0.007018	0.013480
祭典	8	0.004678	0.012626
系	11	0.006433	0.011224
芸術	8	0.004678	0.011218
平和	8	0.004678	0.010764
近	6	0.003509	0.010527
ISBN	9	0.005263	0.009599
一	12	0.007018	0.009590
本庁	6	0.003509	0.009471
みち	6	0.003509	0.009471
天	6	0.003509	0.009471
編集	15	0.008772	0.008928
初代	7	0.004094	0.008822
光	7	0.004094	0.008822
1930	7	0.004094	0.008822
1942	7	0.004094	0.008822
立教	5	0.002924	0.008772
ひと	5	0.002924	0.008772
孝	5	0.002924	0.008772
佛	5	0.002924	0.008772
念	5	0.002924	0.008772
世界	9	0.005263	0.008256
塔	5	0.002924	0.007892
その他	7	0.004094	0.007245
学校	7	0.004094	0.007245
神霊	4	0.002339	0.007017
祈願	4	0.002339	0.007017
毎月	4	0.002339	0.007017
御嶽	4	0.002339	0.007017
仏教	4	0.002339	0.007017
正宗	4	0.002339	0.007017
学園	5	0.002924	0.007012
日本	10	0.005848	0.006942
1936	6	0.003509	0.006873
身	5	0.002924	0.006728
1951	5	0.002924	0.006728
心	5	0.002924	0.006497
個人	4	0.002339	0.006313
1938	5	0.002924	0.006301
団	5	0.002924	0.006301
世	5	0.002924	0.006131
こと	9	0.005263	0.006046
活動	6	0.003509	0.006040
宗派	4	0.002339	0.005901
祖	4	0.002339	0.005901
83	8	0.004678	0.005893
霊	4	0.002339	0.005609
生活	5	0.002924	0.005421
1948	4	0.002339	0.005382
法	5	0.002924	0.005333
練	3	0.001754	0.005262
教主	3	0.001754	0.005262
宇宙	3	0.001754	0.005262
正殿	3	0.001754	0.005262
万国戦争犠牲者慰霊大平和祈念塔	3	0.001754	0.005262
聖地	3	0.001754	0.005262
扶桑	3	0.001754	0.005262
木	4	0.002339	0.005197
本部	4	0.002339	0.005197
人	7	0.004094	0.005157
派	4	0.002339	0.005040
1983	4	0.002339	0.005040
1978	4	0.002339	0.005040
野球	4	0.002339	0.004905
中学校	4	0.002339	0.004785
法人	4	0.002339	0.004785
止	3	0.001754	0.004734
真理	3	0.001754	0.004734
教え	3	0.001754	0.004734
癖	3	0.001754	0.004734
式典	3	0.001754	0.004734
殿	3	0.001754	0.004734
本殿	3	0.001754	0.004734
ほん	3	0.001754	0.004734
1912	3	0.001754	0.004734
華	3	0.001754	0.004734
語	4	0.002339	0.004678
会員	3	0.001754	0.004425
キリスト	3	0.001754	0.004425
行	3	0.001754	0.004425
1970	4	0.002339	0.004411
1949	3	0.001754	0.004206
1977	3	0.001754	0.004206
順	3	0.001754	0.004036
1954	3	0.001754	0.004036
施設	4	0.002339	0.004026
月	6	0.003509	0.003968
関連	6	0.003509	0.003927
1916	3	0.001754	0.003897
産業	3	0.001754	0.003897
中山	3	0.001754	0.003897
1928	3	0.001754	0.003780
1953	3	0.001754	0.003780
三	4	0.002339	0.003707
自由	3	0.001754	0.003678
井上	3	0.001754	0.003678
1950	3	0.001754	0.003678
ため	5	0.002924	0.003594
病院	3	0.001754	0.003588
建設	3	0.001754	0.003588
市	4	0.002339	0.003562
祈念	2	0.001170	0.003510
大祭	2	0.001170	0.003510
富田林	2	0.001170	0.003510
奥津城	2	0.001170	0.003510
ゴルフ	2	0.001170	0.003510
心得	2	0.001170	0.003510
参拝	2	0.001170	0.003510
神業	2	0.001170	0.003510
行事	2	0.001170	0.003510
遷座	2	0.001170	0.003510
不敬	2	0.001170	0.003510
弾圧	2	0.001170	0.003510
理事	2	0.001170	0.003510
衆院	2	0.001170	0.003510
指摘	2	0.001170	0.003510
ローマ	2	0.001170	0.003510
教皇	2	0.001170	0.003510
パウロ	2	0.001170	0.003510
目録	2	0.001170	0.003510
黒住	2	0.001170	0.003510
1814	2	0.001170	0.003510
1838	2	0.001170	0.003510
修成	2	0.001170	0.003510
1872	2	0.001170	0.003510
1873	2	0.001170	0.003510
大本	2	0.001170	0.003510
荒	2	0.001170	0.003510
薙	2	0.001170	0.003510
一燈園	2	0.001170	0.003510
国教	2	0.001170	0.003510
1908	2	0.001170	0.003510
生長の家	2	0.001170	0.003510
救世	2	0.001170	0.003510
璽宇	2	0.001170	0.003510
如来	2	0.001170	0.003510
1802	2	0.001170	0.003510
妙法寺	2	0.001170	0.003510
伽	2	0.001170	0.003510
解脱	2	0.001170	0.003510
霊友会	2	0.001170	0.003510
創価学会	2	0.001170	0.003510
道教	2	0.001170	0.003510
真如苑	2	0.001170	0.003510
立正佼成会	2	0.001170	0.003510
思親	2	0.001170	0.003510
冨士	2	0.001170	0.003510
大石寺	2	0.001170	0.003510
顕正	2	0.001170	0.003510
辯天	2	0.001170	0.003510
真光	2	0.001170	0.003510
イエス	2	0.001170	0.003510
）(	2	0.001170	0.003510
協会	3	0.001754	0.003508
大阪	3	0.001754	0.003435
為	3	0.001754	0.003369
完成	3	0.001754	0.003369
高等	3	0.001754	0.003308
形	3	0.001754	0.003308
代	3	0.001754	0.003308
誕生	3	0.001754	0.003308
研究	3	0.001754	0.003308
所属	3	0.001754	0.003199
幼稚園	2	0.001170	0.003158
人生	2	0.001170	0.003158
脇	2	0.001170	0.003158
徳光	2	0.001170	0.003158
開校	2	0.001170	0.003158
國學院大學	2	0.001170	0.003158
天理教	2	0.001170	0.003158
金光	2	0.001170	0.003158
1859	2	0.001170	0.003158
1869	2	0.001170	0.003158
大社	2	0.001170	0.003158
1882	2	0.001170	0.003158
1892	2	0.001170	0.003158
1900	2	0.001170	0.003158
1913	2	0.001170	0.003158
居	2	0.001170	0.003158
1857	2	0.001170	0.003158
1884	2	0.001170	0.003158
眞	2	0.001170	0.003158
崇	2	0.001170	0.003158
妙	2	0.001170	0.003158
現在	4	0.002339	0.003150
学	3	0.001754	0.003150
長	3	0.001754	0.003104
文献	3	0.001754	0.002980
大	2	0.001170	0.002952
慰霊	2	0.001170	0.002952
遊園	2	0.001170	0.002952
真	2	0.001170	0.002952
成	2	0.001170	0.002952
会館	2	0.001170	0.002952
会談	2	0.001170	0.002952
出雲	2	0.001170	0.002952
理	2	0.001170	0.002952
1880	2	0.001170	0.002952
1905	2	0.001170	0.002952
立	2	0.001170	0.002952
柱	2	0.001170	0.002952
僧	2	0.001170	0.002952
浄土真宗	2	0.001170	0.002952
場	3	0.001754	0.002943
事典	5	0.002924	0.002924
情報	3	0.001754	0.002874
部	3	0.001754	0.002841
表記	2	0.001170	0.002806
信仰	2	0.001170	0.002806
師	2	0.001170	0.002806
展望	2	0.001170	0.002806
継承	2	0.001170	0.002806
照	2	0.001170	0.002806
1946	2	0.001170	0.002806
清水	2	0.001170	0.002806
運営	2	0.001170	0.002806
研究所	2	0.001170	0.002806
1917	2	0.001170	0.002806
一切	2	0.001170	0.002806
聖	2	0.001170	0.002806
者	4	0.002339	0.002777
地	3	0.001754	0.002697
自分	2	0.001170	0.002692
表現	2	0.001170	0.002692
1925	2	0.001170	0.002692
—	2	0.001170	0.002600
門	2	0.001170	0.002600
1947	2	0.001170	0.002600
明	2	0.001170	0.002600
1966	2	0.001170	0.002600
二	3	0.001754	0.002554
女子	2	0.001170	0.002521
死去	2	0.001170	0.002521
1959	2	0.001170	0.002521
1927	2	0.001170	0.002521
1935	2	0.001170	0.002521
1929	2	0.001170	0.002521
1952	2	0.001170	0.002521
1979	2	0.001170	0.002521
1987	2	0.001170	0.002521
府	2	0.001170	0.002453
各地	2	0.001170	0.002453
1934	2	0.001170	0.002453
委員	2	0.001170	0.002453
経営	2	0.001170	0.002453
山	2	0.001170	0.002453
11	3	0.001754	0.002452
四	2	0.001170	0.002394
完全	2	0.001170	0.002394
団体	2	0.001170	0.002394
1941	2	0.001170	0.002394
・	3	0.001754	0.002346
沿革	2	0.001170	0.002340
様々	2	0.001170	0.002340
意味	2	0.001170	0.002340
以後	2	0.001170	0.002340
もの	3	0.001754	0.002329
編	3	0.001754	0.002329
通称	2	0.001170	0.002292
小学校	2	0.001170	0.002292
年間	2	0.001170	0.002292
記念	2	0.001170	0.002292
1973	2	0.001170	0.002292
出版	2	0.001170	0.002292
1986	2	0.001170	0.002292
的	3	0.001754	0.002267
82	3	0.001754	0.002267
リンク	3	0.001754	0.002252
専門	2	0.001170	0.002247
十	2	0.001170	0.002247
台	2	0.001170	0.002207
道	2	0.001170	0.002207
内容	2	0.001170	0.002134
社会	2	0.001170	0.002070
文化	2	0.001170	0.002070
本	2	0.001170	0.002070
駅	2	0.001170	0.002041
95	2	0.001170	0.002041
1980	2	0.001170	0.002014
社	2	0.001170	0.002014
表示	3	0.001754	0.002004
参考	2	0.001170	0.001963
式	2	0.001170	0.001963
昭和	2	0.001170	0.001963
概要	2	0.001170	0.001917
21	2	0.001170	0.001917
BC	2	0.001170	0.001917
時間	2	0.001170	0.001854
関係	2	0.001170	0.001854
主	2	0.001170	0.001835
国	2	0.001170	0.001817
人物	2	0.001170	0.001765
きょう	1	0.000585	0.001755
成道	1	0.000585	0.001755
みき	1	0.000585	0.001755
大元	1	0.000585	0.001755
おかみ	1	0.000585	0.001755
げん	1	0.000585	0.001755
れい	1	0.000585	0.001755
万国	1	0.000585	0.001755
戦没	1	0.000585	0.001755
桜ケ丘	1	0.000585	0.001755
旧名	1	0.000585	0.001755
練習	1	0.000585	0.001755
各人	1	0.000585	0.001755
個性	1	0.000585	0.001755
最大限	1	0.000585	0.001755
身の回り	1	0.000585	0.001755
苦痛	1	0.000585	0.001755
苦難	1	0.000585	0.001755
啓示	1	0.000585	0.001755
下付	1	0.000585	0.001755
戒律	1	0.000585	0.001755
処世	1	0.000585	0.001755
訓	1	0.000585	0.001755
新年	1	0.000585	0.001755
平穏	1	0.000585	0.001755
無事	1	0.000585	0.001755
今年	1	0.000585	0.001755
祈り	1	0.000585	0.001755
迫力	1	0.000585	0.001755
風物詩	1	0.000585	0.001755
教義	1	0.000585	0.001755
鎮座	1	0.000585	0.001755
葬	1	0.000585	0.001755
愛児	1	0.000585	0.001755
地鎮祭	1	0.000585	0.001755
先祖	1	0.000585	0.001755
参詣	1	0.000585	0.001755
座談	1	0.000585	0.001755
バトントワリング	1	0.000585	0.001755
PLMBA	1	0.000585	0.001755
錬成	1	0.000585	0.001755
道場	1	0.000585	0.001755
グランド	1	0.000585	0.001755
ぷらっと	1	0.000585	0.001755
世間	1	0.000585	0.001755
必勝	1	0.000585	0.001755
平癒	1	0.000585	0.001755
祈祷	1	0.000585	0.001755
遂断	1	0.000585	0.001755
神事	1	0.000585	0.001755
無碍	1	0.000585	0.001755
天職	1	0.000585	0.001755
全う	1	0.000585	0.001755
標榜	1	0.000585	0.001755
神葬	1	0.000585	0.001755
位置づけ	1	0.000585	0.001755
冠	1	0.000585	0.001755
転属	1	0.000585	0.001755
道徳	1	0.000585	0.001755
008	1	0.000585	0.001755
畳	1	0.000585	0.001755
敷	1	0.000585	0.001755
大広間	1	0.000585	0.001755
鉄筋	1	0.000585	0.001755
東大阪	1	0.000585	0.001755
特高	1	0.000585	0.001755
勅語	1	0.000585	0.001755
憂き目	1	0.000585	0.001755
鍬	1	0.000585	0.001755
入	1	0.000585	0.001755
看護	1	0.000585	0.001755
ヨハネ	1	0.000585	0.001755
決算	1	0.000585	0.001755
資金	1	0.000585	0.001755
サラ金	1	0.000585	0.001755
流出	1	0.000585	0.001755
役員	1	0.000585	0.001755
一彦	1	0.000585	0.001755
代務	1	0.000585	0.001755
過料	1	0.000585	0.001755
落成	1	0.000585	0.001755
挙行	1	0.000585	0.001755
明治大学	1	0.000585	0.001755
育英	1	0.000585	0.001755
河内永和	1	0.000585	0.001755
光丘	1	0.000585	0.001755
宝生	1	0.000585	0.001755
三郎	1	0.000585	0.001755
楽天	1	0.000585	0.001755
イーグルス	1	0.000585	0.001755
コーチ	1	0.000585	0.001755
清原	1	0.000585	0.001755
和博	1	0.000585	0.001755
桑田	1	0.000585	0.001755
真澄	1	0.000585	0.001755
パーフェクトリバティー教団	1	0.000585	0.001755
文教	1	0.000585	0.001755
讃仰	1	0.000585	0.001755
二代教祖御木徳近日知	1	0.000585	0.001755
4328012789	1	0.000585	0.001755
雅人	1	0.000585	0.001755
4804352058	1	0.000585	0.001755
YTV	1	0.000585	0.001755
操作	1	0.000585	0.001755
4377302396	1	0.000585	0.001755
4335160372	1	0.000585	0.001755
4335160283	1	0.000585	0.001755
4335160259	1	0.000585	0.001755
4335160232	1	0.000585	0.001755
4335160356	1	0.000585	0.001755
4022586060	1	0.000585	0.001755
集成	1	0.000585	0.001755
後編	1	0.000585	0.001755
松野	1	0.000585	0.001755
純孝	1	0.000585	0.001755
ディレクトリ	1	0.000585	0.001755
歴戦	1	0.000585	0.001755
)-	1	0.000585	0.001755
大神宮	1	0.000585	0.001755
円応教	1	0.000585	0.001755
大山ねずの命神示教会	1	0.000585	0.001755
善隣	1	0.000585	0.001755
紀元	1	0.000585	0.001755
慈秀	1	0.000585	0.001755
光波	1	0.000585	0.001755
ワールドメイト	1	0.000585	0.001755
法華	1	0.000585	0.001755
敬神	1	0.000585	0.001755
自修	1	0.000585	0.001755
普	1	0.000585	0.001755
法会	1	0.000585	0.001755
護	1	0.000585	0.001755
智	1	0.000585	0.001755
會教	1	0.000585	0.001755
法師	1	0.000585	0.001755
正信会	1	0.000585	0.001755
在家	1	0.000585	0.001755
こころ	1	0.000585	0.001755
浄土	1	0.000585	0.001755
長生	1	0.000585	0.001755
浄土真宗親鸞会	1	0.000585	0.001755
三寶山無量壽寺	1	0.000585	0.001755
密教	1	0.000585	0.001755
光明	1	0.000585	0.001755
阿含宗	1	0.000585	0.001755
言	1	0.000585	0.001755
オウム真理教	1	0.000585	0.001755
ホアハオ	1	0.000585	0.001755
末日	1	0.000585	0.001755
聖徒	1	0.000585	0.001755
モル	1	0.000585	0.001755
モン	1	0.000585	0.001755
1830	1	0.000585	0.001755
エホバ	1	0.000585	0.001755
証人	1	0.000585	0.001755
ブランチ・ダビディアン	1	0.000585	0.001755
御霊	1	0.000585	0.001755
幕屋	1	0.000585	0.001755
統一教会	1	0.000585	0.001755
ファミリー	1	0.000585	0.001755
摂理	1	0.000585	0.001755
イスラム教	1	0.000585	0.001755
バーブ	1	0.000585	0.001755
1844	1	0.000585	0.001755
バハーイー	1	0.000585	0.001755
1863	1	0.000585	0.001755
アフマディーヤ	1	0.000585	0.001755
UFO	1	0.000585	0.001755
サイエントロジー	1	0.000585	0.001755
ヘヴンズ・ゲート	1	0.000585	0.001755
）—　	1	0.000585	0.001755
ラエリアン	1	0.000585	0.001755
アバターコース	1	0.000585	0.001755
神智	1	0.000585	0.001755
人智	1	0.000585	0.001755
カオダイ	1	0.000585	0.001755
瑠璃	1	0.000585	0.001755
シルバメソッド	1	0.000585	0.001755
GLA	1	0.000585	0.001755
千乃	1	0.000585	0.001755
正法	1	0.000585	0.001755
偕和	1	0.000585	0.001755
會	1	0.000585	0.001755
幸福	1	0.000585	0.001755
ランドマーク・エデュケーション	1	0.000585	0.001755
法輪	1	0.000585	0.001755
教派	1	0.000585	0.001755
名	2	0.001170	0.001749
県	2	0.001170	0.001675
時代	2	0.001170	0.001648
これ	2	0.001170	0.001648
よう	2	0.001170	0.001611
10	2	0.001170	0.001599
話	2	0.001170	0.001587
タワー	1	0.000585	0.001579
短大	1	0.000585	0.001579
ランド	1	0.000585	0.001579
目標	1	0.000585	0.001579
傾き	1	0.000585	0.001579
個々	1	0.000585	0.001579
代々	1	0.000585	0.001579
元旦	1	0.000585	0.001579
正月	1	0.000585	0.001579
気持ち	1	0.000585	0.001579
結婚式	1	0.000585	0.001579
華道	1	0.000585	0.001579
硬式	1	0.000585	0.001579
合格	1	0.000585	0.001579
意味合い	1	0.000585	0.001579
上部	1	0.000585	0.001579
モニュメント	1	0.000585	0.001579
永和	1	0.000585	0.001579
翌日	1	0.000585	0.001579
盛岡	1	0.000585	0.001579
支部	1	0.000585	0.001579
強姦	1	0.000585	0.001579
解釈	1	0.000585	0.001579
当局	1	0.000585	0.001579
鳥栖	1	0.000585	0.001579
発足	1	0.000585	0.001579
衛生	1	0.000585	0.001579
呼称	1	0.000585	0.001579
財産	1	0.000585	0.001579
書類	1	0.000585	0.001579
地裁	1	0.000585	0.001579
最寄り駅	1	0.000585	0.001579
食堂	1	0.000585	0.001579
給食	1	0.000585	0.001579
米田	1	0.000585	0.001579
是	1	0.000585	0.001579
朝日新聞社	1	0.000585	0.001579
第一法規出版	1	0.000585	0.001579
辞典	1	0.000585	0.001579
皇	1	0.000585	0.001579
ス	1	0.000585	0.001579
慧	1	0.000585	0.001579
キリスト教	1	0.000585	0.001579
クリスチャン	1	0.000585	0.001579
サイエンス	1	0.000585	0.001579
1879	1	0.000585	0.001579
インターナショナル	1	0.000585	0.001579
ネーション・オブ・イスラム	1	0.000585	0.001579
1875	1	0.000585	0.001579
悪魔	1	0.000585	0.001579
ライフ	1	0.000585	0.001579
学会	1	0.000585	0.001579
表	2	0.001170	0.001576
外部	2	0.001170	0.001532
だい	1	0.000585	0.001476
とも	1	0.000585	0.001476
短期大学	1	0.000585	0.001476
発揮	1	0.000585	0.001476
人類	1	0.000585	0.001476
邪魔	1	0.000585	0.001476
日常	1	0.000585	0.001476
出現	1	0.000585	0.001476
幸せ	1	0.000585	0.001476
まち	1	0.000585	0.001476
茶道	1	0.000585	0.001476
芸	1	0.000585	0.001476
生	1	0.000585	0.001476
球場	1	0.000585	0.001476
決意	1	0.000585	0.001476
日々	1	0.000585	0.001476
葬儀	1	0.000585	0.001476
閉鎖	1	0.000585	0.001476
ABC	1	0.000585	0.001476
月曜日	1	0.000585	0.001476
階	1	0.000585	0.001476
建	1	0.000585	0.001476
大神	1	0.000585	0.001476
解散	1	0.000585	0.001476
佐賀	1	0.000585	0.001476
現在地	1	0.000585	0.001476
名簿	1	0.000585	0.001476
三宅	1	0.000585	0.001476
財団	1	0.000585	0.001476
旧制	1	0.000585	0.001476
裕	1	0.000585	0.001476
生態	1	0.000585	0.001476
岩波	1	0.000585	0.001476
昭	1	0.000585	0.001476
録	1	0.000585	0.001476
堂	1	0.000585	0.001476
文明	1	0.000585	0.001476
正義	1	0.000585	0.001476
真宗	1	0.000585	0.001476
眼	1	0.000585	0.001476
1881	1	0.000585	0.001476
統一	1	0.000585	0.001476
人民	1	0.000585	0.001476
寺院	1	0.000585	0.001476
1889	1	0.000585	0.001476
1919	1	0.000585	0.001476
功	1	0.000585	0.001476
_%	1	0.000585	0.001476
後	2	0.001170	0.001474
敷地	1	0.000585	0.001403
永遠	1	0.000585	0.001403
貢献	1	0.000585	0.001403
前年	1	0.000585	0.001403
世界中	1	0.000585	0.001403
過程	1	0.000585	0.001403
代目	1	0.000585	0.001403
病気	1	0.000585	0.001403
お願い	1	0.000585	0.001403
毎日	1	0.000585	0.001403
犠牲	1	0.000585	0.001403
1931	1	0.000585	0.001403
罪	1	0.000585	0.001403
静岡	1	0.000585	0.001403
男子	1	0.000585	0.001403
無断	1	0.000585	0.001403
中野	1	0.000585	0.001403
前身	1	0.000585	0.001403
医療	1	0.000585	0.001403
慶	1	0.000585	0.001403
大衆	1	0.000585	0.001403
新書	1	0.000585	0.001403
裁判	1	0.000585	0.001403
オープン	1	0.000585	0.001403
発祥	1	0.000585	0.001403
希	1	0.000585	0.001403
1956	1	0.000585	0.001403
高校	1	0.000585	0.001346
福祉	1	0.000585	0.001346
自己	1	0.000585	0.001346
明確	1	0.000585	0.001346
娘	1	0.000585	0.001346
容疑	1	0.000585	0.001346
違い	1	0.000585	0.001346
加盟	1	0.000585	0.001346
国有	1	0.000585	0.001346
1974	1	0.000585	0.001346
提出	1	0.000585	0.001346
育成	1	0.000585	0.001346
池田	1	0.000585	0.001346
書房	1	0.000585	0.001346
政治	1	0.000585	0.001346
波	1	0.000585	0.001346
項目	2	0.001170	0.001337
ん	1	0.000585	0.001300
夜	1	0.000585	0.001300
地元	1	0.000585	0.001300
生誕	1	0.000585	0.001300
左	1	0.000585	0.001300
安全	1	0.000585	0.001300
本来	1	0.000585	0.001300
いずれ	1	0.000585	0.001300
1937	1	0.000585	0.001300
連合	1	0.000585	0.001300
入学	1	0.000585	0.001300
1963	1	0.000585	0.001300
改正	1	0.000585	0.001300
付属	1	0.000585	0.001300
千	1	0.000585	0.001300
精神	1	0.000585	0.001300
マルチメディア	1	0.000585	0.001300
仏	1	0.000585	0.001300
1939	1	0.000585	0.001300
理解	1	0.000585	0.001261
右	1	0.000585	0.001261
逮捕	1	0.000585	0.001261
校	1	0.000585	0.001261
円	1	0.000585	0.001261
グループ	1	0.000585	0.001261
資料	1	0.000585	0.001261
1962	1	0.000585	0.001261
1975	1	0.000585	0.001261
1969	1	0.000585	0.001261
スペース	1	0.000585	0.001261
1991	1	0.000585	0.001261
全体	1	0.000585	0.001227
すべて	1	0.000585	0.001227
重要	1	0.000585	0.001227
専用	1	0.000585	0.001227
人間	1	0.000585	0.001227
00	1	0.000585	0.001227
改称	1	0.000585	0.001227
移転	1	0.000585	0.001227
1955	1	0.000585	0.001227
プロ	1	0.000585	0.001227
集	1	0.000585	0.001227
1958	1	0.000585	0.001227
有名	1	0.000585	0.001197
もと	1	0.000585	0.001197
国内	1	0.000585	0.001197
就任	1	0.000585	0.001197
組織	1	0.000585	0.001197
開業	1	0.000585	0.001197
選手	1	0.000585	0.001197
出典	2	0.001170	0.001170
特徴	1	0.000585	0.001170
ラジオ	1	0.000585	0.001170
現代	1	0.000585	0.001170
世紀	1	0.000585	0.001170
1945	1	0.000585	0.001170
1968	1	0.000585	0.001170
91	1	0.000585	0.001170
対象	1	0.000585	0.001146
ところ	1	0.000585	0.001146
戦争	1	0.000585	0.001146
50	1	0.000585	0.001146
当初	1	0.000585	0.001146
発展	1	0.000585	0.001146
1967	1	0.000585	0.001146
変更	1	0.000585	0.001146
科学	1	0.000585	0.001146
99	1	0.000585	0.001146
大正	1	0.000585	0.001124
規模	1	0.000585	0.001124
事件	1	0.000585	0.001124
1985	1	0.000585	0.001124
中央	1	0.000585	0.001124
1992	1	0.000585	0.001124
自身	1	0.000585	0.001103
全国	1	0.000585	0.001103
放送	1	0.000585	0.001103
教育	1	0.000585	0.001103
1999	1	0.000585	0.001103
1995	1	0.000585	0.001103
AF	1	0.000585	0.001103
86	1	0.000585	0.001103
種	1	0.000585	0.001085
ウィキメディア・コモンズ	1	0.000585	0.001085
事	1	0.000585	0.001067
以外	1	0.000585	0.001067
2010	1	0.000585	0.001067
多く	1	0.000585	0.001051
参照	1	0.000585	0.001051
万	1	0.000585	0.001035
軍	1	0.000585	0.001035
88	1	0.000585	0.001035
史	1	0.000585	0.001021
東京	1	0.000585	0.001021
公式	1	0.000585	0.001007
ほか	1	0.000585	0.001007
29	1	0.000585	0.001007
交通	1	0.000585	0.001007
AA	1	0.000585	0.001007
所	1	0.000585	0.000994
当時	1	0.000585	0.000970
他	1	0.000585	0.000970
必要	1	0.000585	0.000958
90	1	0.000585	0.000958
内	1	0.000585	0.000948
利用	1	0.000585	0.000937
前	1	0.000585	0.000927
存在	1	0.000585	0.000918
2004	1	0.000585	0.000918
上	1	0.000585	0.000891
等	1	0.000585	0.000883
使用	1	0.000585	0.000859
12	1	0.000585	0.000766
目次	1	0.000585	0.000668
/%	1	0.000585	0.000603
http	1	0.000585	0.000588
://	1	0.000585	0.000588
ja	1	0.000585	0.000588
wikipedia	1	0.000585	0.000588
org	1	0.000585	0.000588
wiki	1	0.000585	0.000588
作成	1	0.000585	0.000588
カテゴリ	1	0.000585	0.000588
フリー	1	0.000585	0.000585
百科	1	0.000585	0.000585
ウィキペディア	1	0.000585	0.000585
Wikipedia	1	0.000585	0.000585
移動	1	0.000585	0.000585
ナビゲーション	1	0.000585	0.000585
検索	1	0.000585	0.000585
