年	27	0.087662	0.091253
建築	11	0.035714	0.074889
周	5	0.016234	0.040956
忠	5	0.016234	0.040956
浜岡	4	0.012987	0.038961
事務所	5	0.016234	0.036069
工芸	3	0.009740	0.029220
新制	3	0.009740	0.029220
聖蹟	3	0.009740	0.029220
グロピウス	3	0.009740	0.029220
東京	5	0.016234	0.028324
記念	4	0.012987	0.025436
1922	3	0.009740	0.024573
前身	3	0.009740	0.023356
学校	4	0.012987	0.022981
1926	3	0.009740	0.022412
会	4	0.012987	0.021036
1927	3	0.009740	0.020989
都市	3	0.009740	0.020424
蔵田	2	0.006494	0.019482
武蔵工業大学	2	0.006494	0.019482
入所	2	0.006494	0.019482
曽	2	0.006494	0.019482
千葉大学	2	0.006494	0.019482
森口	2	0.006494	0.019482
高等	3	0.009740	0.018370
1895	2	0.006494	0.017527
関根	2	0.006494	0.017527
多摩	2	0.006494	0.017527
館	3	0.009740	0.017492
文化	3	0.009740	0.017235
1924	2	0.006494	0.016384
著作	2	0.006494	0.015572
教員	2	0.006494	0.015572
分離	2	0.006494	0.014943
山口	2	0.006494	0.014943
里	2	0.006494	0.014943
家	3	0.009740	0.014694
1966	2	0.006494	0.014429
派	2	0.006494	0.013994
1930	2	0.006494	0.013994
設計	2	0.006494	0.013617
著	2	0.006494	0.013617
近代	2	0.006494	0.013285
計画	2	0.006494	0.012988
参加	2	0.006494	0.012039
大学	2	0.006494	0.012039
ら	2	0.006494	0.011844
94	2	0.006494	0.011491
史	2	0.006494	0.011330
出身	2	0.006494	0.010764
作品	2	0.006494	0.010639
編集	3	0.009740	0.009913
ちかただ	1	0.003247	0.009741
後進	1	0.003247	0.009741
旧姓	1	0.003247	0.009741
工手	1	0.003247	0.009741
工学院大学	1	0.003247	0.009741
三橋	1	0.003247	0.009741
四郎	1	0.003247	0.009741
禰達	1	0.003247	0.009741
禰	1	0.003247	0.009741
早稲田大学	1	0.003247	0.009741
選科	1	0.003247	0.009741
上野公園	1	0.003247	0.009741
堀口	1	0.003247	0.009741
捨己	1	0.003247	0.009741
要太郎	1	0.003247	0.009741
京王	1	0.003247	0.009741
閣	1	0.003247	0.009741
ワイマール	1	0.003247	0.009741
バウハウス	1	0.003247	0.009741
モダニズム	1	0.003247	0.009741
工科	1	0.003247	0.009741
会堂	1	0.003247	0.009741
等々力	1	0.003247	0.009741
ジードルンク	1	0.003247	0.009741
印度	1	0.003247	0.009741
思潮	1	0.003247	0.009741
ロダン	1	0.003247	0.009741
ルネッサンス	1	0.003247	0.009741
ブルー	1	0.003247	0.009741
タウト	1	0.003247	0.009741
創造	1	0.003247	0.009741
戸川	1	0.003247	0.009741
講義	1	0.003247	0.009741
県	2	0.006494	0.009298
くら	1	0.003247	0.008764
萩	1	0.003247	0.008764
1913	1	0.003247	0.008764
中條	1	0.003247	0.008764
1921	1	0.003247	0.008764
博覧	1	0.003247	0.008764
先輩	1	0.003247	0.008764
講師	1	0.003247	0.008764
工学	1	0.003247	0.008764
シオン	1	0.003247	0.008764
エジプト	1	0.003247	0.008764
帖	1	0.003247	0.008764
敬一	1	0.003247	0.008764
編	2	0.006494	0.008623
蔵	1	0.003247	0.008192
生	1	0.003247	0.008192
共和	1	0.003247	0.008192
政	1	0.003247	0.008192
訳書	1	0.003247	0.008192
民家	1	0.003247	0.008192
空間	1	0.003247	0.008192
彰	1	0.003247	0.008192
録	1	0.003247	0.008192
1914	1	0.003247	0.007786
学部	1	0.003247	0.007786
武蔵	1	0.003247	0.007786
教授	1	0.003247	0.007786
聖	1	0.003247	0.007786
日本	2	0.006494	0.007709
指導	1	0.003247	0.007471
平和	1	0.003247	0.007471
橋	1	0.003247	0.007471
1943	1	0.003247	0.007471
農家	1	0.003247	0.007471
現存	1	0.003247	0.007471
1965	1	0.003247	0.007471
共	1	0.003247	0.007471
入学	1	0.003247	0.007214
居住	1	0.003247	0.007214
訳	1	0.003247	0.007214
移住	1	0.003247	0.007214
1920	1	0.003247	0.006997
1932	1	0.003247	0.006997
1962	1	0.003247	0.006997
博士	1	0.003247	0.006997
取得	1	0.003247	0.006997
1942	1	0.003247	0.006997
1953	1	0.003247	0.006997
ドイツ	1	0.003247	0.006809
1955	1	0.003247	0.006809
1958	1	0.003247	0.006809
卒業	1	0.003247	0.006643
建設	1	0.003247	0.006643
就任	1	0.003247	0.006643
経歴	1	0.003247	0.006494
以後	1	0.003247	0.006494
元	1	0.003247	0.006494
91	1	0.003247	0.006494
員	1	0.003247	0.006360
BF	1	0.003247	0.006360
没	1	0.003247	0.006360
技術	1	0.003247	0.006237
研究	1	0.003247	0.006124
担当	1	0.003247	0.006020
生活	1	0.003247	0.006020
ここ	1	0.003247	0.005831
施設	1	0.003247	0.005589
社	1	0.003247	0.005589
アメリカ	1	0.003247	0.005589
年生	1	0.003247	0.005517
関係	1	0.003247	0.005147
三	1	0.003247	0.005147
国	1	0.003247	0.005042
その後	1	0.003247	0.004993
性	1	0.003247	0.004945
号	1	0.003247	0.004945
人物	1	0.003247	0.004899
時代	1	0.003247	0.004575
後	1	0.003247	0.004090
/%	1	0.003247	0.003349
http	1	0.003247	0.003261
://	1	0.003247	0.003261
ja	1	0.003247	0.003261
wikipedia	1	0.003247	0.003261
org	1	0.003247	0.003261
wiki	1	0.003247	0.003261
作成	1	0.003247	0.003261
カテゴリ	1	0.003247	0.003261
出典	1	0.003247	0.003247
フリー	1	0.003247	0.003247
百科	1	0.003247	0.003247
事典	1	0.003247	0.003247
ウィキペディア	1	0.003247	0.003247
Wikipedia	1	0.003247	0.003247
移動	1	0.003247	0.003247
ナビゲーション	1	0.003247	0.003247
検索	1	0.003247	0.003247
