ヒメチョウゲンボウ	8	0.016878	0.050634
ハヤブサ	7	0.014768	0.044304
鳥類	7	0.014768	0.044304
動物	7	0.014768	0.032812
頁	6	0.012658	0.029126
IUCN	4	0.008439	0.025317
Falco	4	0.008439	0.025317
naumanni	4	0.008439	0.025317
ペア	4	0.008439	0.025317
門	5	0.010549	0.023438
属	4	0.008439	0.022777
色彩	4	0.008439	0.022777
科	5	0.010549	0.022732
鳥	4	0.008439	0.019418
Red	3	0.006329	0.018987
List	3	0.006329	0.018987
越冬	3	0.006329	0.018987
羽毛	3	0.006329	0.018987
黄色	3	0.006329	0.018987
野鳥	3	0.006329	0.018987
編集	8	0.016878	0.017177
綱	3	0.006329	0.015967
改訂	3	0.006329	0.015967
83	6	0.012658	0.015944
界	3	0.006329	0.015177
生息	3	0.006329	0.015177
日本	6	0.012658	0.015026
II	3	0.006329	0.014563
年	6	0.012658	0.013176
脊索	2	0.004219	0.012657
タカ	2	0.004219	0.012657
ユーラシア	2	0.004219	0.012657
切	2	0.004219	0.012657
嘴	2	0.004219	0.012657
成鳥	2	0.004219	0.012657
上面	2	0.004219	0.012657
獲物	2	0.004219	0.012657
増補	2	0.004219	0.012657
目	3	0.006329	0.012157
ワシントン	2	0.004219	0.011387
大陸	2	0.004219	0.011387
列	2	0.004219	0.011387
亜	2	0.004219	0.010644
生態	2	0.004219	0.010644
平凡社	2	0.004219	0.010644
分類	2	0.004219	0.010117
画像	2	0.004219	0.010117
食	2	0.004219	0.010117
小型	2	0.004219	0.010117
監修	2	0.004219	0.010117
数	3	0.006329	0.010032
地	3	0.006329	0.009731
条約	2	0.004219	0.009708
分布	2	0.004219	0.009708
項目	4	0.008439	0.009643
関連	4	0.008439	0.009445
島	2	0.004219	0.009092
減少	2	0.004219	0.009092
人間	2	0.004219	0.008847
形態	2	0.004219	0.008631
類	2	0.004219	0.008438
cm	2	0.004219	0.008438
風	2	0.004219	0.008438
形成	2	0.004219	0.008263
82	3	0.006329	0.008180
書	2	0.004219	0.008104
日	3	0.006329	0.007389
版	2	0.004219	0.007262
2009	2	0.004219	0.007262
文献	2	0.004219	0.007168
28	2	0.004219	0.007168
参考	2	0.004219	0.007079
2000	2	0.004219	0.006993
関係	2	0.004219	0.006687
2004	2	0.004219	0.006618
世界	2	0.004219	0.006618
VULNERABLE	1	0.002110	0.006330
Ver	1	0.002110	0.006330
))	1	0.002110	0.006330
Animalia	1	0.002110	0.006330
Chordata	1	0.002110	0.006330
脊椎動物	1	0.002110	0.006330
Vertebrata	1	0.002110	0.006330
Aves	1	0.002110	0.006330
Falconiformes	1	0.002110	0.006330
Falconidae	1	0.002110	0.006330
学名	1	0.002110	0.006330
Fleischer	1	0.002110	0.006330
1818	1	0.002110	0.006330
和名	1	0.002110	0.006330
英名	1	0.002110	0.006330
Lesser	1	0.002110	0.006330
kestrel	1	0.002110	0.006330
坊	1	0.002110	0.006330
夏季	1	0.002110	0.006330
緯度	1	0.002110	0.006330
冬季	1	0.002110	0.006330
迷鳥	1	0.002110	0.006330
対馬	1	0.002110	0.006330
与那国	1	0.002110	0.006330
開張	1	0.002110	0.006330
下面	1	0.002110	0.006330
褐色	1	0.002110	0.006330
斑点	1	0.002110	0.006330
アイリング	1	0.002110	0.006330
肉質	1	0.002110	0.006330
蝋	1	0.002110	0.006330
先端	1	0.002110	0.006330
後肢	1	0.002110	0.006330
オス	1	0.002110	0.006330
灰色	1	0.002110	0.006330
メス	1	0.002110	0.006330
幼鳥	1	0.002110	0.006330
赤褐色	1	0.002110	0.006330
頭部	1	0.002110	0.006330
頸部	1	0.002110	0.006330
縦縞	1	0.002110	0.006330
尾羽	1	0.002110	0.006330
横縞	1	0.002110	0.006330
草原	1	0.002110	0.006330
農耕	1	0.002110	0.006330
群れ	1	0.002110	0.006330
哺乳類	1	0.002110	0.006330
集団	1	0.002110	0.006330
岩穴	1	0.002110	0.006330
コロニー	1	0.002110	0.006330
卵	1	0.002110	0.006330
抱卵	1	0.002110	0.006330
日数	1	0.002110	0.006330
雛	1	0.002110	0.006330
孵化	1	0.002110	0.006330
農薬	1	0.002110	0.006330
130	1	0.002110	0.006330
ウィキスピーシーズ	1	0.002110	0.006330
550	1	0.002110	0.006330
山野	1	0.002110	0.006330
小原	1	0.002110	0.006330
秀雄	1	0.002110	0.006330
浦	1	0.002110	0.006330
昌紀	1	0.002110	0.006330
英利	1	0.002110	0.006330
正文	1	0.002110	0.006330
遺産	1	0.002110	0.006330
データ・アニマルズ	1	0.002110	0.006330
188	1	0.002110	0.006330
真木	1	0.002110	0.006330
広造	1	0.002110	0.006330
大西	1	0.002110	0.006330
長久	1	0.002110	0.006330
新版	1	0.002110	0.006330
図鑑	1	0.002110	0.006330
世界文化社	1	0.002110	0.006330
日高	1	0.002110	0.006330
敏隆	1	0.002110	0.006330
森岡	1	0.002110	0.006330
弘之	1	0.002110	0.006330
山岸	1	0.002110	0.006330
哲	1	0.002110	0.006330
CITES	1	0.002110	0.006330
homepage	1	0.002110	0.006330
Appendices	1	0.002110	0.006330
Home	1	0.002110	0.006330
Page	1	0.002110	0.006330
BirdLife	1	0.002110	0.006330
In	1	0.002110	0.006330
Threatened	1	0.002110	0.006330
Species	1	0.002110	0.006330
Version	1	0.002110	0.006330
Vulnerable	1	0.002110	0.006330
以南	1	0.002110	0.005695
南下	1	0.002110	0.005695
西表	1	0.002110	0.005695
翼	1	0.002110	0.005695
膜	1	0.002110	0.005695
爪	1	0.002110	0.005695
昆虫	1	0.002110	0.005695
崖	1	0.002110	0.005695
樹	1	0.002110	0.005695
洞	1	0.002110	0.005695
産卵	1	0.002110	0.005695
ギリシャ	1	0.002110	0.005695
320	1	0.002110	0.005695
ルーマニア	1	0.002110	0.005695
松井	1	0.002110	0.005695
編著	1	0.002110	0.005695
高野	1	0.002110	0.005695
伸二	1	0.002110	0.005695
フィールド	1	0.002110	0.005695
ガイド	1	0.002110	0.005695
182	1	0.002110	0.005695
183	1	0.002110	0.005695
敏一	1	0.002110	0.005695
590	1	0.002110	0.005695
181	1	0.002110	0.005695
黒田	1	0.002110	0.005695
広	1	0.002110	0.005695
Ⅰ	1	0.002110	0.005695
175	1	0.002110	0.005695
III	1	0.002110	0.005695
International	1	0.002110	0.005695
編	2	0.004219	0.005602
外部	2	0.004219	0.005526
リンク	2	0.004219	0.005417
保全	1	0.002110	0.005323
附属	1	0.002110	0.005323
繁殖	1	0.002110	0.005323
高知	1	0.002110	0.005323
66	1	0.002110	0.005323
眼	1	0.002110	0.005323
白	1	0.002110	0.005323
背中	1	0.002110	0.005323
推定	1	0.002110	0.005323
イラスト	1	0.002110	0.005323
レッド	1	0.002110	0.005323
生物	1	0.002110	0.005323
芳	1	0.002110	0.005323
姫	1	0.002110	0.005060
輪	1	0.002110	0.005060
汚染	1	0.002110	0.005060
400	1	0.002110	0.005060
沢	1	0.002110	0.005060
講談社	1	0.002110	0.005060
樋口	1	0.002110	0.005060
中部	1	0.002110	0.004855
61	1	0.002110	0.004855
周囲	1	0.002110	0.004855
模様	1	0.002110	0.004855
建物	1	0.002110	0.004855
個	1	0.002110	0.004855
スペイン	1	0.002110	0.004855
イタリア	1	0.002110	0.004855
120	1	0.002110	0.004855
文	1	0.002110	0.004855
太田	1	0.002110	0.004855
評価	1	0.002110	0.004688
西部	1	0.002110	0.004688
アフリカ	1	0.002110	0.004688
雨	1	0.002110	0.004688
マルチメディア	1	0.002110	0.004688
総合	1	0.002110	0.004688
付属	1	0.002110	0.004688
丸	1	0.002110	0.004547
巻	1	0.002110	0.004547
全長	1	0.002110	0.004424
百	1	0.002110	0.004424
and	1	0.002110	0.004424
状態	1	0.002110	0.004317
32	1	0.002110	0.004220
200	1	0.002110	0.004220
000	1	0.002110	0.004220
百科	2	0.004219	0.004219
出版	1	0.002110	0.004133
97	1	0.002110	0.004133
of	1	0.002110	0.004133
ポータル	1	0.002110	0.004133
92	1	0.002110	0.004133
記録	1	0.002110	0.004053
五	1	0.002110	0.003980
60	1	0.002110	0.003980
北	1	0.002110	0.003980
1996	1	0.002110	0.003980
種	1	0.002110	0.003912
ウィキメディア・コモンズ	1	0.002110	0.003912
100	1	0.002110	0.003848
長	1	0.002110	0.003734
地方	1	0.002110	0.003734
文化	1	0.002110	0.003734
26	1	0.002110	0.003681
85	1	0.002110	0.003681
29	1	0.002110	0.003632
1980	1	0.002110	0.003632
アメリカ	1	0.002110	0.003632
PJ	1	0.002110	0.003585
年代	1	0.002110	0.003497
81	1	0.002110	0.003497
情報	1	0.002110	0.003457
2008	1	0.002110	0.003457
2001	1	0.002110	0.003418
会	1	0.002110	0.003418
主	1	0.002110	0.003310
2007	1	0.002110	0.003310
上	1	0.002110	0.003213
性	1	0.002110	0.003213
加筆	1	0.002110	0.003183
訂正	1	0.002110	0.003183
協力	1	0.002110	0.003046
県	1	0.002110	0.003021
中	1	0.002110	0.002883
一	1	0.002110	0.002883
後	1	0.002110	0.002658
者	1	0.002110	0.002505
目次	1	0.002110	0.002411
表示	1	0.002110	0.002411
月	1	0.002110	0.002386
/%	1	0.002110	0.002177
http	1	0.002110	0.002119
://	1	0.002110	0.002119
ja	1	0.002110	0.002119
wikipedia	1	0.002110	0.002119
org	1	0.002110	0.002119
wiki	1	0.002110	0.002119
作成	1	0.002110	0.002119
カテゴリ	1	0.002110	0.002119
出典	1	0.002110	0.002110
フリー	1	0.002110	0.002110
事典	1	0.002110	0.002110
ウィキペディア	1	0.002110	0.002110
Wikipedia	1	0.002110	0.002110
移動	1	0.002110	0.002110
ナビゲーション	1	0.002110	0.002110
検索	1	0.002110	0.002110
