実弾	17	0.014298	0.042894
訓練	20	0.016821	0.042437
射撃	17	0.014298	0.038590
原野	15	0.012616	0.037848
火災	15	0.012616	0.037848
日	38	0.031960	0.037313
月	39	0.032801	0.037090
年	38	0.031960	0.033269
焼失	15	0.012616	0.030252
基地	13	0.010934	0.029511
移設	12	0.010093	0.025463
反対	14	0.011775	0.025374
発生	15	0.012616	0.023794
000	14	0.011775	0.023550
調査	14	0.011775	0.023550
普天間	8	0.006728	0.020184
派	10	0.008410	0.018123
キャンプ・シュワブ	7	0.005887	0.017661
海兵	7	0.005887	0.017661
辺野古	7	0.005887	0.017661
米	10	0.008410	0.017205
軍	11	0.009251	0.016370
名護	6	0.005046	0.015138
在日	6	0.005046	0.015138
沖縄	8	0.006728	0.014949
隊	8	0.006728	0.013764
.^	11	0.009251	0.013705
2007	10	0.008410	0.013192
海	6	0.005046	0.011611
掃海	4	0.003364	0.010092
ダイバー	4	0.003364	0.010092
派遣	5	0.004205	0.010083
19	7	0.005887	0.010002
]。	7	0.005887	0.009645
11	8	0.006728	0.009405
ぶん	4	0.003364	0.009079
防衛	4	0.003364	0.008487
抗議	4	0.003364	0.008487
保全	4	0.003364	0.008487
ため	8	0.006728	0.008270
情報	6	0.005046	0.008267
10	7	0.005887	0.008045
市	6	0.005046	0.007684
シュワブ	3	0.002523	0.007569
海域	3	0.002523	0.007569
妨害	3	0.002523	0.007569
海上	3	0.002523	0.007569
自衛隊	3	0.002523	0.007569
現況	3	0.002523	0.007569
暴行	3	0.002523	0.007569
琉球新報	3	0.002523	0.007569
保坂	3	0.002523	0.007569
守屋	3	0.002523	0.007569
128	3	0.002523	0.007569
83	7	0.005887	0.007415
市民	4	0.003364	0.007249
施設	5	0.004205	0.007238
活動	5	0.004205	0.007238
編集	8	0.006728	0.006847
区域	3	0.002523	0.006810
母艦	3	0.002523	0.006810
暴力	3	0.002523	0.006810
12	6	0.005046	0.006609
1994	4	0.003364	0.006589
行動	3	0.002523	0.006365
20	5	0.004205	0.006122
行為	3	0.002523	0.006050
機器	3	0.002523	0.006050
監視	3	0.002523	0.006050
18	4	0.003364	0.006041
部隊	3	0.002523	0.005805
主張	3	0.002523	0.005805
作業	3	0.002523	0.005805
度	4	0.003364	0.005790
中	5	0.004205	0.005746
部	4	0.003364	0.005449
逮捕	3	0.002523	0.005437
省	3	0.002523	0.005437
人	5	0.004205	0.005297
40	3	0.002523	0.005161
団体	3	0.002523	0.005161
環境	3	0.002523	0.005161
計画	3	0.002523	0.005046
Schwab	2	0.001682	0.005046
宜野座	2	0.001682	0.005046
%(	2	0.001682	0.005046
強襲	2	0.001682	0.005046
水陸	2	0.001682	0.005046
不当	2	0.001682	0.005046
水中	2	0.001682	0.005046
北海道新聞	2	0.001682	0.005046
瑞穂	2	0.001682	0.005046
阻止	2	0.001682	0.005046
サンゴ	2	0.001682	0.005046
どこ	2	0.001682	0.005046
52472	2	0.001682	0.005046
04444	2	0.001682	0.005046
名	4	0.003364	0.005029
員	3	0.002523	0.004942
使用	4	0.003364	0.004940
23	3	0.002523	0.004846
km	3	0.002523	0.004602
問題	3	0.002523	0.004602
キャンプ	2	0.001682	0.004540
任務	2	0.001682	0.004540
大隊	2	0.001682	0.004540
廃	2	0.001682	0.004540
弾	2	0.001682	0.004540
両用	2	0.001682	0.004540
進行	2	0.001682	0.004540
代替	2	0.001682	0.004540
住民	2	0.001682	0.004540
次官	2	0.001682	0.004540
沿岸	2	0.001682	0.004540
参照	3	0.002523	0.004531
機関	3	0.002523	0.004531
設置	3	0.002523	0.004531
26	3	0.002523	0.004402
アメリカ	3	0.002523	0.004343
29	3	0.002523	0.004343
2006	3	0.002523	0.004343
可能	3	0.002523	0.004287
沖	2	0.001682	0.004243
処理	2	0.001682	0.004243
銃	2	0.001682	0.004243
ヘリコプター	2	0.001682	0.004243
福島	2	0.001682	0.004243
議員	2	0.001682	0.004243
日記	2	0.001682	0.004243
政党	2	0.001682	0.004243
21	3	0.002523	0.004133
展	2	0.001682	0.004033
飛行場	2	0.001682	0.004033
16	3	0.002523	0.003879
1984	2	0.001682	0.003870
車両	2	0.001682	0.003870
][	2	0.001682	0.003870
報道	2	0.001682	0.003870
東経	2	0.001682	0.003870
性	3	0.002523	0.003842
地理	2	0.001682	0.003737
外	2	0.001682	0.003737
地元	2	0.001682	0.003737
被害	2	0.001682	0.003737
面積	2	0.001682	0.003625
運動	2	0.001682	0.003625
mm	2	0.001682	0.003625
北緯	2	0.001682	0.003625
秒	2	0.001682	0.003625
県	3	0.002523	0.003612
村	2	0.001682	0.003527
地区	2	0.001682	0.003527
1981	2	0.001682	0.003527
決定	2	0.001682	0.003527
批判	2	0.001682	0.003527
移転	2	0.001682	0.003527
の	3	0.002523	0.003474
節	2	0.001682	0.003441
事実	2	0.001682	0.003441
現在	3	0.002523	0.003398
沿革	2	0.001682	0.003364
何	2	0.001682	0.003364
24	2	0.001682	0.003231
1995	2	0.001682	0.003172
31	2	0.001682	0.003021
その他	2	0.001682	0.002976
こと	3	0.002523	0.002898
2002	2	0.001682	0.002895
分	2	0.001682	0.002788
概要	2	0.001682	0.002756
90	2	0.001682	0.002756
14	2	0.001682	0.002638
地	2	0.001682	0.002586
キャンプ・シュワブキャンプ・シュワブ	1	0.000841	0.002523
Camp	1	0.000841	0.002523
国頭	1	0.000841	0.002523
上空	1	0.000841	0.002523
フィート	1	0.000841	0.002523
アルバート	1	0.000841	0.002523
アーネスト	1	0.000841	0.002523
Albert	1	0.000841	0.002523
Earnest	1	0.000841	0.002523
オクラホマ	1	0.000841	0.002523
タルサ	1	0.000841	0.002523
私有地	1	0.000841	0.002523
金額	1	0.000841	0.002523
賃借	1	0.000841	0.002523
地主	1	0.000841	0.002523
揚陸	1	0.000841	0.002523
内陸	1	0.000841	0.002523
弾薬	1	0.000841	0.002523
庫	1	0.000841	0.002523
銃弾	1	0.000841	0.002523
命中	1	0.000841	0.002523
落下	1	0.000841	0.002523
UH	1	0.000841	0.002523
墜落	1	0.000841	0.002523
重軽傷	1	0.000841	0.002523
全員	1	0.000841	0.002523
285	1	0.000841	0.002523
事象	1	0.000841	0.002523
沖合	1	0.000841	0.002523
危惧	1	0.000841	0.002523
北限	1	0.000841	0.002523
反戦	1	0.000841	0.002523
公務	1	0.000841	0.002523
釈放	1	0.000841	0.002523
久間	1	0.000841	0.002523
章生	1	0.000841	0.002523
相	1	0.000841	0.002523
短時間	1	0.000841	0.002523
防衛施設庁	1	0.000841	0.002523
警備	1	0.000841	0.002523
武装	1	0.000841	0.002523
威圧	1	0.000841	0.002523
仲井	1	0.000841	0.002523
真弘	1	0.000841	0.002523
銃剣	1	0.000841	0.002523
連想	1	0.000841	0.002523
強烈	1	0.000841	0.002523
やり方	1	0.000841	0.002523
デリカシー	1	0.000841	0.002523
隊員	1	0.000841	0.002523
海中	1	0.000841	0.002523
レギュレーター	1	0.000841	0.002523
申告	1	0.000841	0.002523
反論	1	0.000841	0.002523
海上保安庁	1	0.000841	0.002523
悪質	1	0.000841	0.002523
物的	1	0.000841	0.002523
珊瑚	1	0.000841	0.002523
時事通信社	1	0.000841	0.002523
判明	1	0.000841	0.002523
社会民主党	1	0.000841	0.002523
党首	1	0.000841	0.002523
市ヶ谷	1	0.000841	0.002523
昌	1	0.000841	0.002523
事務次官	1	0.000841	0.002523
記者	1	0.000841	0.002523
非公式	1	0.000841	0.002523
受注	1	0.000841	0.002523
スクーバダイビング	1	0.000841	0.002523
閉止	1	0.000841	0.002523
投開票	1	0.000841	0.002523
無所属	1	0.000841	0.002523
稲	1	0.000841	0.002523
嶺	1	0.000841	0.002523
当選	1	0.000841	0.002523
暗礁	1	0.000841	0.002523
由紀夫	1	0.000841	0.002523
沖縄タイムス	1	0.000841	0.002523
自艦	1	0.000841	0.002523
辺野古崎	1	0.000841	0.002523
近海	1	0.000841	0.002523
母船	1	0.000841	0.002523
読売新聞	1	0.000841	0.002523
」-	1	0.000841	0.002523
痛切	1	0.000841	0.002523
日刊	1	0.000841	0.002523
ベリタ	1	0.000841	0.002523
機材	1	0.000841	0.002523
支柱	1	0.000841	0.002523
時事通信	1	0.000841	0.002523
どきどき	1	0.000841	0.002523
座標	1	0.000841	0.002523
戦死	1	0.000841	0.002270
一等	1	0.000841	0.002270
比率	1	0.000841	0.002270
師団	1	0.000841	0.002270
演習	1	0.000841	0.002270
連隊	1	0.000841	0.002270
歩兵	1	0.000841	0.002270
329	1	0.000841	0.002270
復帰	1	0.000841	0.002270
畑	1	0.000841	0.002270
発射	1	0.000841	0.002270
CH	1	0.000841	0.002270
ドア	1	0.000841	0.002270
沈没	1	0.000841	0.002270
絶滅	1	0.000841	0.002270
ジュゴン	1	0.000841	0.002270
牧師	1	0.000841	0.002270
異例	1	0.000841	0.002270
砲	1	0.000841	0.002270
そのもの	1	0.000841	0.002270
県知事	1	0.000841	0.002270
誤解	1	0.000841	0.002270
結局	1	0.000841	0.002270
タンク	1	0.000841	0.002270
管区	1	0.000841	0.002270
捜査	1	0.000841	0.002270
現時点	1	0.000841	0.002270
証拠	1	0.000841	0.002270
発覚	1	0.000841	0.002270
事後	1	0.000841	0.002270
収集	1	0.000841	0.002270
言及	1	0.000841	0.002270
会見	1	0.000841	0.002270
両論	1	0.000841	0.002270
併記	1	0.000841	0.002270
未遂	1	0.000841	0.002270
市長	1	0.000841	0.002270
同市	1	0.000841	0.002270
進	1	0.000841	0.002270
確定	1	0.000841	0.002270
鳩山	1	0.000841	0.002270
内閣	1	0.000841	0.002270
結論	1	0.000841	0.002270
兵舎	1	0.000841	0.002270
".	1	0.000841	0.002270
朝日新聞	1	0.000841	0.002270
海底	1	0.000841	0.002270
接触	1	0.000841	0.002270
管	1	0.000841	0.002270
アピール	1	0.000841	0.002270
床	1	0.000841	0.002270
原発	1	0.000841	0.002270
外部	2	0.001682	0.002203
82	2	0.001682	0.002174
リンク	2	0.001682	0.002160
名誉	1	0.000841	0.002122
受章	1	0.000841	0.002122
市町村	1	0.000841	0.002122
土地	1	0.000841	0.002122
民家	1	0.000841	0.002122
乗組	1	0.000841	0.002122
救助	1	0.000841	0.002122
案	1	0.000841	0.002122
執行	1	0.000841	0.002122
器具	1	0.000841	0.002122
艦艇	1	0.000841	0.002122
姿	1	0.000841	0.002122
空気	1	0.000841	0.002122
職員	1	0.000841	0.002122
届	1	0.000841	0.002122
破壊	1	0.000841	0.002122
不法	1	0.000841	0.002122
ブログ	1	0.000841	0.002122
各社	1	0.000841	0.002122
現地	1	0.000841	0.002122
中止	1	0.000841	0.002122
殺人	1	0.000841	0.002122
同然	1	0.000841	0.002122
装備	1	0.000841	0.002122
バルブ	1	0.000841	0.002122
実行	1	0.000841	0.002122
明らか	1	0.000841	0.002122
閲覧	1	0.000841	0.002122
着手	1	0.000841	0.002122
待機	1	0.000841	0.002122
追跡	1	0.000841	0.002122
損傷	1	0.000841	0.002122
県民	1	0.000841	0.002122
遠征	1	0.000841	0.002122
再編	1	0.000841	0.002122
63	1	0.000841	0.002017
勲章	1	0.000841	0.002017
兵	1	0.000841	0.002017
司令	1	0.000841	0.002017
料	1	0.000841	0.002017
東側	1	0.000841	0.002017
海岸	1	0.000841	0.002017
1956	1	0.000841	0.002017
停車	1	0.000841	0.002017
53	1	0.000841	0.002017
民間	1	0.000841	0.002017
最新	1	0.000841	0.002017
反映	1	0.000841	0.002017
生息	1	0.000841	0.002017
76	1	0.000841	0.002017
インターネット	1	0.000841	0.002017
保安	1	0.000841	0.002017
態度	1	0.000841	0.002017
訪問	1	0.000841	0.002017
報告	1	0.000841	0.002017
否定	1	0.000841	0.002017
要求	1	0.000841	0.002017
選挙	1	0.000841	0.002017
合意	1	0.000841	0.002017
自動	1	0.000841	0.002017
者	2	0.001682	0.001997
)、	1	0.000841	0.001935
西側	1	0.000841	0.001935
飛行	1	0.000841	0.001935
死亡	1	0.000841	0.001935
文化財	1	0.000841	0.001935
容疑	1	0.000841	0.001935
平和	1	0.000841	0.001935
連絡	1	0.000841	0.001935
国家	1	0.000841	0.001935
行政	1	0.000841	0.001935
活発	1	0.000841	0.001935
口	1	0.000841	0.001935
現場	1	0.000841	0.001935
新人	1	0.000841	0.001935
事情	1	0.000841	0.001935
項目	2	0.001682	0.001922
関連	2	0.001682	0.001882
億	1	0.000841	0.001869
隣接	1	0.000841	0.001869
声	1	0.000841	0.001869
本部	1	0.000841	0.001869
警察	1	0.000841	0.001869
今	1	0.000841	0.001869
一方	1	0.000841	0.001869
有力	1	0.000841	0.001869
候補	1	0.000841	0.001869
43	1	0.000841	0.001812
円	1	0.000841	0.001812
戦闘	1	0.000841	0.001812
1972	1	0.000841	0.001812
1978	1	0.000841	0.001812
道路	1	0.000841	0.001812
団	1	0.000841	0.001812
政権	1	0.000841	0.001812
支援	1	0.000841	0.001812
ドイツ	1	0.000841	0.001764
国道	1	0.000841	0.001764
提供	1	0.000841	0.001764
車	1	0.000841	0.001764
1982	1	0.000841	0.001764
共同	1	0.000841	0.001764
対応	1	0.000841	0.001764
会社	1	0.000841	0.001764
方法	1	0.000841	0.001764
武	1	0.000841	0.001764
96	1	0.000841	0.001764
郡	1	0.000841	0.001720
建設	1	0.000841	0.001720
組織	1	0.000841	0.001720
1945	1	0.000841	0.001682
自然	1	0.000841	0.001682
代表	1	0.000841	0.001682
99	1	0.000841	0.001647
管理	1	0.000841	0.001647
年間	1	0.000841	0.001647
1986	1	0.000841	0.001647
500	1	0.000841	0.001647
1993	1	0.000841	0.001647
はじめ	1	0.000841	0.001647
保護	1	0.000841	0.001647
依頼	1	0.000841	0.001647
これら	1	0.000841	0.001647
ところ	1	0.000841	0.001647
97	1	0.000841	0.001647
うち	1	0.000841	0.001615
1985	1	0.000841	0.001615
1992	1	0.000841	0.001615
別	1	0.000841	0.001586
60	1	0.000841	0.001586
1996	1	0.000841	0.001586
台	1	0.000841	0.001586
側	1	0.000841	0.001586
事業	1	0.000841	0.001586
自身	1	0.000841	0.001586
教育	1	0.000841	0.001586
AF	1	0.000841	0.001586
戦	1	0.000841	0.001559
州	1	0.000841	0.001559
位置	1	0.000841	0.001559
種	1	0.000841	0.001559
内容	1	0.000841	0.001534
法	1	0.000841	0.001534
事	1	0.000841	0.001534
2010	1	0.000841	0.001534
とき	1	0.000841	0.001534
歳	1	0.000841	0.001510
長	1	0.000841	0.001488
系	1	0.000841	0.001467
以降	1	0.000841	0.001467
25	1	0.000841	0.001467
開始	1	0.000841	0.001448
2009	1	0.000841	0.001448
22	1	0.000841	0.001429
際	1	0.000841	0.001411
AD	1	0.000841	0.001411
2000	1	0.000841	0.001394
出身	1	0.000841	0.001394
内	1	0.000841	0.001362
2001	1	0.000841	0.001362
会	1	0.000841	0.001362
関係	1	0.000841	0.001333
BB	1	0.000841	0.001333
13	1	0.000841	0.001319
存在	1	0.000841	0.001319
国	1	0.000841	0.001306
その後	1	0.000841	0.001293
号	1	0.000841	0.001281
上	1	0.000841	0.001281
それ	1	0.000841	0.001281
等	1	0.000841	0.001269
15	1	0.000841	0.001257
記事	1	0.000841	0.001235
よう	1	0.000841	0.001158
もの	1	0.000841	0.001117
後	1	0.000841	0.001059
日本	1	0.000841	0.000998
目次	1	0.000841	0.000961
表示	1	0.000841	0.000961
/%	1	0.000841	0.000868
http	1	0.000841	0.000845
://	1	0.000841	0.000845
ja	1	0.000841	0.000845
wikipedia	1	0.000841	0.000845
org	1	0.000841	0.000845
wiki	1	0.000841	0.000845
作成	1	0.000841	0.000845
カテゴリ	1	0.000841	0.000845
出典	1	0.000841	0.000841
フリー	1	0.000841	0.000841
百科	1	0.000841	0.000841
事典	1	0.000841	0.000841
ウィキペディア	1	0.000841	0.000841
Wikipedia	1	0.000841	0.000841
移動	1	0.000841	0.000841
ナビゲーション	1	0.000841	0.000841
検索	1	0.000841	0.000841
