影	11	0.023758	0.071274
RED	7	0.015119	0.045357
SHADOW	7	0.015119	0.045357
赤	9	0.019438	0.044727
映画	8	0.017279	0.033190
製作	5	0.010799	0.027245
裕之	4	0.008639	0.025917
横山	4	0.008639	0.025917
光輝	4	0.008639	0.025917
作品	7	0.015119	0.024769
東映	4	0.008639	0.023316
中野	4	0.008639	0.020716
アクション	3	0.006479	0.019437
原作	4	0.008639	0.019195
-------------------------	4	0.008639	0.018616
漫画	3	0.006479	0.014395
編集	6	0.012959	0.013189
雅俊	2	0.004320	0.012960
政信	2	0.004320	0.012960
奥菜	2	0.004320	0.012960
竹中	2	0.004320	0.012960
直人	2	0.004320	0.012960
陣内	2	0.004320	0.012960
孝則	2	0.004320	0.012960
英夫	2	0.004320	0.012960
忍者	2	0.004320	0.012960
布袋	2	0.004320	0.012960
寅泰	2	0.004320	0.012960
プロデューサー	2	0.004320	0.012960
高岡	2	0.004320	0.012960
蒼	2	0.004320	0.012960
音楽	3	0.006479	0.012445
脚本	2	0.004320	0.011660
斉藤	2	0.004320	0.011660
ひろし	2	0.004320	0.011660
安藤	2	0.004320	0.011660
久美子	2	0.004320	0.011660
岸	2	0.004320	0.011660
利	2	0.004320	0.011660
至	2	0.004320	0.011660
撮影	2	0.004320	0.011660
米田	2	0.004320	0.011660
配給	2	0.004320	0.011660
仮面	2	0.004320	0.011660
淳	2	0.004320	0.010899
麻生	2	0.004320	0.010899
朗	2	0.004320	0.010899
ストーリー	2	0.004320	0.010899
核心	2	0.004320	0.010899
裕	2	0.004320	0.010899
東郷	2	0.004320	0.010899
2001	3	0.006479	0.010495
木村	2	0.004320	0.010359
山本	2	0.004320	0.010359
公開	2	0.004320	0.010359
キャスト	2	0.004320	0.010359
者	4	0.008639	0.010255
村上	2	0.004320	0.009940
スタッフ	2	0.004320	0.009940
効果	2	0.004320	0.009940
執筆	2	0.004320	0.009940
恵	2	0.004320	0.009598
制作	2	0.004320	0.009598
特殊	2	0.004320	0.009309
企画	2	0.004320	0.009309
監督	2	0.004320	0.009059
武	2	0.004320	0.009059
記述	2	0.004320	0.008838
物語	2	0.004320	0.008461
登場	2	0.004320	0.007758
部分	2	0.004320	0.007758
日本	3	0.006479	0.007691
概要	2	0.004320	0.007077
三	2	0.004320	0.006847
年	3	0.006479	0.006744
人物	2	0.004320	0.006517
加筆	2	0.004320	0.006517
訂正	2	0.004320	0.006517
ENTERTAINMENT	1	0.002160	0.006480
電通	1	0.002160	0.006480
allcinema	1	0.002160	0.006480
シャドー	1	0.002160	0.006480
大胆	1	0.002160	0.006480
加倉井	1	0.002160	0.006480
エースネクスト	1	0.002160	0.006480
雅夫	1	0.002160	0.006480
信也	1	0.002160	0.006480
芳賀	1	0.002160	0.006480
吉孝	1	0.002160	0.006480
キム	1	0.002160	0.006480
スンブム	1	0.002160	0.006480
正久	1	0.002160	0.006480
淳司	1	0.002160	0.006480
賢司	1	0.002160	0.006480
ヤン	1	0.002160	0.006480
兵頭	1	0.002160	0.006480
茂行	1	0.002160	0.006480
厨子	1	0.002160	0.006480
稔雄	1	0.002160	0.006480
遠谷	1	0.002160	0.006480
信幸	1	0.002160	0.006480
行雄	1	0.002160	0.006480
津島	1	0.002160	0.006480
欣哉	1	0.002160	0.006480
良	1	0.002160	0.006480
羽鳥	1	0.002160	0.006480
博幸	1	0.002160	0.006480
宇田川	1	0.002160	0.006480
幸夫	1	0.002160	0.006480
擬斗	1	0.002160	0.006480
菅原	1	0.002160	0.006480
太	1	0.002160	0.006480
スタント	1	0.002160	0.006480
ビジュアルエフェクト	1	0.002160	0.006480
マックレイラボラトリー	1	0.002160	0.006480
ガレージ	1	0.002160	0.006480
琴	1	0.002160	0.006480
竹之内	1	0.002160	0.006480
飛鳥	1	0.002160	0.006480
秀信	1	0.002160	0.006480
津川	1	0.002160	0.006480
雅彦	1	0.002160	0.006480
根来	1	0.002160	0.006480
弦斎	1	0.002160	0.006480
根津	1	0.002160	0.006480
甚八	1	0.002160	0.006480
藤井	1	0.002160	0.006480
フミヤ	1	0.002160	0.006480
力丸	1	0.002160	0.006480
舞の海	1	0.002160	0.006480
秀平	1	0.002160	0.006480
老師	1	0.002160	0.006480
おりん	1	0.002160	0.006480
長老	1	0.002160	0.006480
凡野	1	0.002160	0.006480
兵衛	1	0.002160	0.006480
京極	1	0.002160	0.006480
兼光	1	0.002160	0.006480
上条	1	0.002160	0.006480
高虎	1	0.002160	0.006480
松重	1	0.002160	0.006480
野武士	1	0.002160	0.006480
越前屋俵太	1	0.002160	0.006480
不動	1	0.002160	0.006480
ピエール	1	0.002160	0.006480
金剛	1	0.002160	0.006480
スティーヴ・エトウ	1	0.002160	0.006480
風祭	1	0.002160	0.006480
龍之介	1	0.002160	0.006480
六角	1	0.002160	0.006480
直正	1	0.002160	0.006480
風間	1	0.002160	0.006480
杜夫	1	0.002160	0.006480
半月	1	0.002160	0.006480
吹越	1	0.002160	0.006480
桔平	1	0.002160	0.006480
オリ	1	0.002160	0.006480
アリーナ・カバエワ	1	0.002160	0.006480
笹井	1	0.002160	0.006480
一磨	1	0.002160	0.006480
福本	1	0.002160	0.006480
戦車	1	0.002160	0.006480
郎党	1	0.002160	0.006480
要	1	0.002160	0.006480
医者	1	0.002160	0.006480
矢沢	1	0.002160	0.006480
幸治	1	0.002160	0.006480
甫	1	0.002160	0.006480
剣	1	0.002160	0.006480
見張り	1	0.002160	0.006480
丞	1	0.002160	0.006480
リメイク	1	0.002160	0.006480
劇映画	1	0.002160	0.006480
協力	2	0.004320	0.006237
時代	2	0.004320	0.006087
11	2	0.004320	0.006039
角川書店	1	0.002160	0.005830
TUBE	1	0.002160	0.005830
108	1	0.002160	0.005830
キネマ旬報	1	0.002160	0.005830
IMDb	1	0.002160	0.005830
かげ	1	0.002160	0.005830
アレンジ	1	0.002160	0.005830
タイアップ	1	0.002160	0.005830
ミサイル	1	0.002160	0.005830
WAR	1	0.002160	0.005830
DANCE	1	0.002160	0.005830
江川	1	0.002160	0.005830
赤井	1	0.002160	0.005830
菅野	1	0.002160	0.005830
シオン	1	0.002160	0.005830
秀樹	1	0.002160	0.005830
遠藤	1	0.002160	0.005830
大川	1	0.002160	0.005830
玄	1	0.002160	0.005830
内藤	1	0.002160	0.005830
立石	1	0.002160	0.005830
操	1	0.002160	0.005830
演	1	0.002160	0.005830
鍛冶	1	0.002160	0.005830
ジャパン	1	0.002160	0.005830
エンタープライズ	1	0.002160	0.005830
フィルム	1	0.002160	0.005830
篠原	1	0.002160	0.005830
神山	1	0.002160	0.005830
繁	1	0.002160	0.005830
頭領	1	0.002160	0.005830
瀧	1	0.002160	0.005830
満	1	0.002160	0.005830
善	1	0.002160	0.005830
椎名	1	0.002160	0.005830
日月	1	0.002160	0.005830
中田	1	0.002160	0.005830
大輔	1	0.002160	0.005830
八郎	1	0.002160	0.005830
佑	1	0.002160	0.005830
倉庫	1	0.002160	0.005830
雪	1	0.002160	0.005830
実写	1	0.002160	0.005830
レッド	1	0.002160	0.005449
あか	1	0.002160	0.005449
トレードマーク	1	0.002160	0.005449
駆使	1	0.002160	0.005449
主題歌	1	0.002160	0.005449
昭	1	0.002160	0.005449
内田	1	0.002160	0.005449
録音	1	0.002160	0.005449
俊夫	1	0.002160	0.005449
白	1	0.002160	0.005449
啓	1	0.002160	0.005449
涼子	1	0.002160	0.005449
_%	1	0.002160	0.005449
劇	1	0.002160	0.005180
月刊	1	0.002160	0.005180
姫	1	0.002160	0.005180
基	1	0.002160	0.005180
ガ	1	0.002160	0.005180
田中	1	0.002160	0.005180
照	1	0.002160	0.005180
日	2	0.004320	0.005044
ビデオ	1	0.002160	0.004970
上映	1	0.002160	0.004970
創立	1	0.002160	0.004970
乱	1	0.002160	0.004970
清	1	0.002160	0.004970
源	1	0.002160	0.004970
月	2	0.004320	0.004885
人気	1	0.002160	0.004799
連載	1	0.002160	0.004799
愛	1	0.002160	0.004799
佐藤	1	0.002160	0.004799
中山	1	0.002160	0.004799
美術	1	0.002160	0.004799
豊	1	0.002160	0.004799
言語	1	0.002160	0.004655
周年	1	0.002160	0.004655
注意	1	0.002160	0.004655
丸	1	0.002160	0.004655
谷	1	0.002160	0.004655
委員	1	0.002160	0.004529
出演	1	0.002160	0.004529
日本語	1	0.002160	0.004529
テーマ	1	0.002160	0.004529
さん	1	0.002160	0.004529
節	1	0.002160	0.004419
章	1	0.002160	0.004419
森	1	0.002160	0.004419
BD	1	0.002160	0.004419
元	1	0.002160	0.004320
現代	1	0.002160	0.004320
風	1	0.002160	0.004320
英	1	0.002160	0.004320
50	1	0.002160	0.004231
記念	1	0.002160	0.004231
男	1	0.002160	0.004231
神	1	0.002160	0.004149
同年	1	0.002160	0.004074
以上	1	0.002160	0.004074
北	1	0.002160	0.004074
以降	1	0.002160	0.003769
版	1	0.002160	0.003718
PJ	1	0.002160	0.003670
分	1	0.002160	0.003580
会	1	0.002160	0.003499
時間	1	0.002160	0.003424
国	1	0.002160	0.003354
二	1	0.002160	0.003145
中	1	0.002160	0.002952
一	1	0.002160	0.002952
話	1	0.002160	0.002930
表	1	0.002160	0.002909
・	1	0.002160	0.002888
編	1	0.002160	0.002868
目次	1	0.002160	0.002468
表示	1	0.002160	0.002468
項目	1	0.002160	0.002468
関連	1	0.002160	0.002417
http	1	0.002160	0.002169
://	1	0.002160	0.002169
ja	1	0.002160	0.002169
wikipedia	1	0.002160	0.002169
org	1	0.002160	0.002169
wiki	1	0.002160	0.002169
作成	1	0.002160	0.002169
カテゴリ	1	0.002160	0.002169
出典	1	0.002160	0.002160
フリー	1	0.002160	0.002160
百科	1	0.002160	0.002160
事典	1	0.002160	0.002160
ウィキペディア	1	0.002160	0.002160
Wikipedia	1	0.002160	0.002160
移動	1	0.002160	0.002160
ナビゲーション	1	0.002160	0.002160
検索	1	0.002160	0.002160
