流	19	0.036122	0.091131
音楽	23	0.043726	0.083990
琉球	13	0.024715	0.074145
古典	12	0.022814	0.054707
冨	9	0.017110	0.051330
祖	9	0.017110	0.043166
野村	9	0.017110	0.043166
節	10	0.019011	0.038892
工	8	0.015209	0.038370
湛	7	0.013308	0.035918
設立	8	0.015209	0.030418
沖縄	7	0.013308	0.029568
水流	5	0.009506	0.028518
年	12	0.022814	0.023748
流派	4	0.007605	0.022815
聞覚	4	0.007605	0.022815
絃聲	4	0.007605	0.022815
安	5	0.009506	0.022795
曲	6	0.011407	0.021911
文化財	5	0.009506	0.021874
無形	4	0.007605	0.020526
編集	10	0.019011	0.019348
会	6	0.011407	0.018477
認定	4	0.007605	0.018236
喜名	3	0.005703	0.017109
作田	3	0.005703	0.017109
楽曲	4	0.007605	0.016897
朝	4	0.007605	0.016388
指定	4	0.007605	0.015947
よう	6	0.011407	0.015705
四	4	0.007605	0.015558
国宝	3	0.005703	0.015392
楽譜	3	0.005703	0.015392
特徴	4	0.007605	0.015210
照	3	0.005703	0.013675
県	5	0.009506	0.013611
伝統	3	0.005703	0.013123
47	3	0.005703	0.012671
保存	3	0.005703	0.012289
人間	3	0.005703	0.011959
主	4	0.007605	0.011929
1960	3	0.005703	0.011667
作法	2	0.003802	0.011406
親方	2	0.003802	0.011406
知念	2	0.003802	0.011406
弟子	2	0.003802	0.011406
深山	2	0.003802	0.011406
幽谷	2	0.003802	0.011406
協会	3	0.005703	0.011406
28	3	0.005703	0.009689
線	3	0.005703	0.009689
来歴	2	0.003802	0.009592
昭和	3	0.005703	0.009568
三	3	0.005703	0.009039
声	2	0.003802	0.008447
歌	2	0.003802	0.008193
世	2	0.003802	0.007972
12	3	0.005703	0.007470
水	2	0.003802	0.006935
者	3	0.005703	0.006770
日	3	0.005703	0.006658
項目	3	0.005703	0.006517
文献	2	0.003802	0.006459
月	3	0.005703	0.006449
関連	3	0.005703	0.006383
参考	2	0.003802	0.006379
概要	2	0.003802	0.006229
90	2	0.003802	0.006229
ゅうきゅうこてんおんがく	1	0.001901	0.005703
宮廷	1	0.001901	0.005703
士族	1	0.001901	0.005703
封	1	0.001901	0.005703
使	1	0.001901	0.005703
接	1	0.001901	0.005703
遇	1	0.001901	0.005703
舞踊	1	0.001901	0.005703
組踊	1	0.001901	0.005703
幸地	1	0.001901	0.005703
屋嘉	1	0.001901	0.005703
謡曲	1	0.001901	0.005703
当流	1	0.001901	0.005703
平民	1	0.001901	0.005703
姓	1	0.001901	0.005703
績	1	0.001901	0.005703
績高	1	0.001901	0.005703
趙	1	0.001901	0.005703
1867	1	0.001901	0.005703
欽定	1	0.001901	0.005703
安室	1	0.001901	0.005703
対称	1	0.001901	0.005703
兄弟子	1	0.001901	0.005703
会派	1	0.001901	0.005703
技巧	1	0.001901	0.005703
奏法	1	0.001901	0.005703
首	1	0.001901	0.005703
ぢ	1	0.001901	0.005703
諸鈍	1	0.001901	0.005703
暁	1	0.001901	0.005703
揚	1	0.001901	0.005703
新里	1	0.001901	0.005703
考え	1	0.001901	0.005703
抑揚	1	0.001901	0.005703
節回し	1	0.001901	0.005703
師匠	1	0.001901	0.005703
歌唱	1	0.001901	0.005703
仕草	1	0.001901	0.005703
模	1	0.001901	0.005703
口承	1	0.001901	0.005703
厦高	1	0.001901	0.005703
楼	1	0.001901	0.005703
伊差川	1	0.001901	0.005703
瑞	1	0.001901	0.005703
国男	1	0.001901	0.005703
発刊	1	0.001901	0.005703
松村	1	0.001901	0.005703
統	1	0.001901	0.005703
絃会	1	0.001901	0.005703
保持	1	0.001901	0.005703
島袋	1	0.001901	0.005703
正雄	1	0.001901	0.005703
朝一	1	0.001901	0.005703
城間	1	0.001901	0.005703
德太	1	0.001901	0.005703
御座	1	0.001901	0.005703
おき	1	0.001901	0.005703
悠久	1	0.001901	0.005703
誘い	1	0.001901	0.005703
読み方	1	0.001901	0.005703
安富祖	1	0.001901	0.005703
王朝	1	0.001901	0.005131
羽	1	0.001901	0.005131
秀	1	0.001901	0.005131
教養	1	0.001901	0.005131
奨励	1	0.001901	0.005131
冊	1	0.001901	0.005131
披露	1	0.001901	0.005131
曲目	1	0.001901	0.005131
余	1	0.001901	0.005131
始まり	1	0.001901	0.005131
技法	1	0.001901	0.005131
実績	1	0.001901	0.005131
晩年	1	0.001901	0.005131
泰	1	0.001901	0.005131
簡素	1	0.001901	0.005131
編纂	1	0.001901	0.005131
持	1	0.001901	0.005131
昔	1	0.001901	0.005131
端	1	0.001901	0.005131
住	1	0.001901	0.005131
礼	1	0.001901	0.005131
楽	1	0.001901	0.005131
劇場	1	0.001901	0.005131
考察	1	0.001901	0.005131
現在	2	0.003802	0.005120
もの	2	0.003802	0.005049
外部	2	0.003802	0.004980
的	2	0.003802	0.004914
リンク	2	0.003802	0.004882
総称	1	0.001901	0.004796
薩摩	1	0.001901	0.004796
複数	1	0.001901	0.004796
賢	1	0.001901	0.004796
忠	1	0.001901	0.004796
寄	1	0.001901	0.004796
創始	1	0.001901	0.004796
独特	1	0.001901	0.004796
附	1	0.001901	0.004796
誰	1	0.001901	0.004796
1924	1	0.001901	0.004796
伝承	1	0.001901	0.004796
幕府	1	0.001901	0.004558
継承	1	0.001901	0.004558
王	1	0.001901	0.004558
歌詞	1	0.001901	0.004558
大衆	1	0.001901	0.004558
1931	1	0.001901	0.004558
郎	1	0.001901	0.004558
演奏	1	0.001901	0.004374
里	1	0.001901	0.004374
不明	1	0.001901	0.004374
記載	1	0.001901	0.004374
創立	1	0.001901	0.004374
一種	1	0.001901	0.004224
藩	1	0.001901	0.004224
命	1	0.001901	0.004224
今日	1	0.001901	0.004224
今	1	0.001901	0.004224
政策	1	0.001901	0.004096
比	1	0.001901	0.004096
独自	1	0.001901	0.004096
1983	1	0.001901	0.004096
様	1	0.001901	0.004096
八	1	0.001901	0.004096
周年	1	0.001901	0.004096
1955	1	0.001901	0.003986
1982	1	0.001901	0.003986
重要	1	0.001901	0.003986
国立	1	0.001901	0.003986
方法	1	0.001901	0.003986
詳細	1	0.001901	0.003889
BD	1	0.001901	0.003889
200	1	0.001901	0.003802
以後	1	0.001901	0.003802
元	1	0.001901	0.003802
江戸	1	0.001901	0.003723
高	1	0.001901	0.003723
手	1	0.001901	0.003723
記念	1	0.001901	0.003723
ポータル	1	0.001901	0.003723
技術	1	0.001901	0.003651
完成	1	0.001901	0.003651
十	1	0.001901	0.003651
形	1	0.001901	0.003585
ウィキプロジェクト	1	0.001901	0.003585
種	1	0.001901	0.003524
以下	1	0.001901	0.003524
結果	1	0.001901	0.003414
文化	1	0.001901	0.003364
以降	1	0.001901	0.003317
85	1	0.001901	0.003317
出身	1	0.001901	0.003151
一覧	1	0.001901	0.003151
89	1	0.001901	0.003151
場合	1	0.001901	0.002952
国	1	0.001901	0.002952
地	1	0.001901	0.002923
化	1	0.001901	0.002923
上	1	0.001901	0.002895
性	1	0.001901	0.002895
加筆	1	0.001901	0.002868
訂正	1	0.001901	0.002868
協力	1	0.001901	0.002744
時代	1	0.001901	0.002678
一	1	0.001901	0.002598
後	1	0.001901	0.002395
83	1	0.001901	0.002395
日本	1	0.001901	0.002257
こと	1	0.001901	0.002184
目次	1	0.001901	0.002172
表示	1	0.001901	0.002172
/%	1	0.001901	0.001961
http	1	0.001901	0.001909
://	1	0.001901	0.001909
ja	1	0.001901	0.001909
wikipedia	1	0.001901	0.001909
org	1	0.001901	0.001909
wiki	1	0.001901	0.001909
作成	1	0.001901	0.001909
カテゴリ	1	0.001901	0.001909
出典	1	0.001901	0.001901
フリー	1	0.001901	0.001901
百科	1	0.001901	0.001901
事典	1	0.001901	0.001901
ウィキペディア	1	0.001901	0.001901
Wikipedia	1	0.001901	0.001901
移動	1	0.001901	0.001901
ナビゲーション	1	0.001901	0.001901
検索	1	0.001901	0.001901
