海軍	18	0.026866	0.064423
ミッチャー	11	0.016418	0.049254
月	23	0.034328	0.038817
指揮	11	0.016418	0.037778
官	11	0.016418	0.036478
年	23	0.034328	0.035734
彼	10	0.014925	0.028668
空母	7	0.010448	0.028199
部隊	8	0.011940	0.027474
Mitscher	6	0.008955	0.026865
機	8	0.011940	0.024426
日	14	0.020896	0.024396
航空	7	0.010448	0.022514
大戦	7	0.010448	0.021909
艦隊	6	0.008955	0.021474
就任	7	0.010448	0.021374
NC	5	0.007463	0.020142
ホー	5	0.007463	0.020142
海戦	4	0.005970	0.017910
諸島	4	0.005970	0.017910
次	7	0.010448	0.017529
飛行	5	0.007463	0.017173
ネット	5	0.007463	0.017173
83	9	0.013433	0.016921
1947	5	0.007463	0.016582
世界	7	0.010448	0.016389
任務	4	0.005970	0.016113
団	5	0.007463	0.016082
攻撃	5	0.007463	0.016082
艦長	4	0.005970	0.015062
沖	4	0.005970	0.015062
作戦	4	0.005970	0.014316
軍人	4	0.005970	0.014316
勤務	4	0.005970	0.014316
Marc	3	0.004478	0.013434
1887	3	0.004478	0.013434
大西洋	3	0.004478	0.013434
マリアナ	3	0.004478	0.013434
配属	3	0.004478	0.013434
パイロット	3	0.004478	0.013434
二	6	0.008955	0.013038
島	4	0.005970	0.012865
アメリカ	5	0.007463	0.012846
アメリカ合衆国	4	0.005970	0.012213
期	4	0.005970	0.012213
大将	3	0.004478	0.012086
本土	3	0.004478	0.012086
州	4	0.005970	0.011068
司令	3	0.004478	0.010738
戦い	3	0.004478	0.010304
1944	3	0.004478	0.010304
戦闘	3	0.004478	0.009650
間	4	0.005970	0.009365
その後	4	0.005970	0.009179
章	3	0.004478	0.009161
マーク・ミッチャー	2	0.002985	0.008955
ピート	2	0.002985	0.008955
ウィスコンシン	2	0.002985	0.008955
ヒルスボロ	2	0.002985	0.008955
バージニア	2	0.002985	0.008955
ノーフォーク	2	0.002985	0.008955
太平洋	2	0.002985	0.008955
機動	2	0.002985	0.008955
次長	2	0.002985	0.008955
打撃	2	0.002985	0.008955
パラオ	2	0.002985	0.008955
USS	2	0.002985	0.008955
Official	2	0.002985	0.008955
日本	5	0.007463	0.008859
戦	3	0.004478	0.008302
一	4	0.005970	0.008158
10	4	0.005970	0.008158
Andrew	2	0.002985	0.008056
階級	2	0.002985	0.008056
硫黄	2	0.002985	0.008056
フィリピン	2	0.002985	0.008056
26	3	0.004478	0.007813
1910	2	0.002985	0.007531
ライト	2	0.002985	0.007531
生い立ち	2	0.002985	0.007531
訓練	2	0.002985	0.007531
艦艇	2	0.002985	0.007531
水上	2	0.002985	0.007531
合流	2	0.002985	0.007531
受章	2	0.002985	0.007531
マーク	2	0.002985	0.007158
昇進	2	0.002985	0.007158
58	2	0.002985	0.007158
侵攻	2	0.002985	0.007158
1946	2	0.002985	0.007158
字	2	0.002985	0.006632
沖縄	2	0.002985	0.006632
最終	2	0.002985	0.006432
1942	2	0.002985	0.006432
1941	2	0.002985	0.006107
隊	2	0.002985	0.006107
編集	4	0.005970	0.006076
経歴	2	0.002985	0.005970
the	2	0.002985	0.005970
没	2	0.002985	0.005846
十	2	0.002985	0.005734
後	3	0.004478	0.005641
所属	2	0.002985	0.005444
軍	2	0.002985	0.005282
歴	2	0.002985	0.005208
BC	2	0.002985	0.004890
内	2	0.002985	0.004835
地	2	0.002985	0.004590
レキシントン	1	0.001493	0.004479
艦上	1	0.001493	0.004479
渾名	1	0.001493	0.004479
CV	1	0.001493	0.004479
ホーネット	1	0.001493	0.004479
レイテ	1	0.001493	0.004479
殊勲	1	0.001493	0.004479
レジオン・オブ・メリット	1	0.001493	0.004479
アンドリュー	1	0.001493	0.004479
Pete	1	0.001493	0.004479
海軍兵学校	1	0.001493	0.004479
コロラド	1	0.001493	0.004479
墨	1	0.001493	0.004479
サンディエゴ	1	0.001493	0.004479
ノースカロライナ	1	0.001493	0.004479
隻	1	0.001493	0.004479
東海岸	1	0.001493	0.004479
軍団	1	0.001493	0.004479
カーティス	1	0.001493	0.004479
艇	1	0.001493	0.004479
ニューファンドランド	1	0.001493	0.004479
出発	1	0.001493	0.004479
搭乗	1	0.001493	0.004479
濃霧	1	0.001493	0.004479
アゾレス	1	0.001493	0.004479
着陸	1	0.001493	0.004479
功績	1	0.001493	0.004479
殊	1	0.001493	0.004479
サラト	1	0.001493	0.004479
航空局	1	0.001493	0.004479
就役	1	0.001493	0.004479
ドーリットル	1	0.001493	0.004479
ミッドウェー	1	0.001493	0.004479
決定的	1	0.001493	0.004479
働き	1	0.001493	0.004479
不手際	1	0.001493	0.004479
艦載	1	0.001493	0.004479
雷撃	1	0.001493	0.004479
切れ	1	0.001493	0.004479
察	1	0.001493	0.004479
ヌーメア	1	0.001493	0.004479
ソロモン	1	0.001493	0.004479
西海岸	1	0.001493	0.004479
船舶	1	0.001493	0.004479
ニューギニア	1	0.001493	0.004479
戦果	1	0.001493	0.004479
エベール	1	0.001493	0.004479
セント	1	0.001493	0.004479
撃沈	1	0.001493	0.004479
特攻	1	0.001493	0.004479
心身	1	0.001493	0.004479
消耗	1	0.001493	0.004479
帰還	1	0.001493	0.004479
在職	1	0.001493	0.004479
同職	1	0.001493	0.004479
Admiral	1	0.001493	0.004479
biography	1	0.001493	0.004479
Navy	1	0.001493	0.004479
website	1	0.001493	0.004479
site	1	0.001493	0.004479
destroyer	1	0.001493	0.004479
DDG	1	0.001493	0.004479
Includes	1	0.001493	0.004479
biographical	1	0.001493	0.004479
information	1	0.001493	0.004479
ADM	1	0.001493	0.004479
死没	1	0.001493	0.004030
政体	1	0.001493	0.004030
AV	1	0.001493	0.004030
賞罰	1	0.001493	0.004030
戦線	1	0.001493	0.004030
1912	1	0.001493	0.004030
少尉	1	0.001493	0.004030
任官	1	0.001493	0.004030
装甲	1	0.001493	0.004030
巡洋艦	1	0.001493	0.004030
幾度	1	0.001493	0.004030
ラン	1	0.001493	0.004030
母艦	1	0.001493	0.004030
偵察	1	0.001493	0.004030
全滅	1	0.001493	0.004030
中将	1	0.001493	0.004030
交互	1	0.001493	0.004030
沿岸	1	0.001493	0.004030
先頭	1	0.001493	0.004030
駆逐	1	0.001493	0.004030
マナー	1	0.001493	0.004030
ト	1	0.001493	0.004030
本国	1	0.001493	0.004030
短期間	1	0.001493	0.004030
長官	1	0.001493	0.004030
at	1	0.001493	0.004030
on	1	0.001493	0.004030
外部	2	0.002985	0.003910
リンク	2	0.002985	0.003833
1915	1	0.001493	0.003767
1919	1	0.001493	0.003767
横断	1	0.001493	0.003767
遠征	1	0.001493	0.003767
陸上	1	0.001493	0.003767
グレイ	1	0.001493	0.003767
空襲	1	0.001493	0.003767
明らか	1	0.001493	0.003767
護衛	1	0.001493	0.003767
サンタ	1	0.001493	0.003767
クルーズ	1	0.001493	0.003767
トラック	1	0.001493	0.003767
艦	1	0.001493	0.003767
ロー	1	0.001493	0.003767
ため	2	0.002985	0.003669
航空機	1	0.001493	0.003580
飛行場	1	0.001493	0.003580
勲章	1	0.001493	0.003580
ガ	1	0.001493	0.003580
標準	1	0.001493	0.003580
燃料	1	0.001493	0.003580
民間	1	0.001493	0.003580
敵	1	0.001493	0.003580
太平洋戦争	1	0.001493	0.003580
海	1	0.001493	0.003435
1943	1	0.001493	0.003435
軍事	1	0.001493	0.003435
解放	1	0.001493	0.003435
いくつ	1	0.001493	0.003435
57	1	0.001493	0.003435
こと	2	0.002985	0.003429
生誕	1	0.001493	0.003317
1916	1	0.001493	0.003317
本部	1	0.001493	0.003317
1939	1	0.001493	0.003317
一方	1	0.001493	0.003317
ヶ月	1	0.001493	0.003317
体重	1	0.001493	0.003317
キロ	1	0.001493	0.003317
後半	1	0.001493	0.003217
運用	1	0.001493	0.003217
省	1	0.001493	0.003217
初代	1	0.001493	0.003217
八	1	0.001493	0.003217
死去	1	0.001493	0.003217
高速	1	0.001493	0.003131
近く	1	0.001493	0.003131
彼ら	1	0.001493	0.003131
初	1	0.001493	0.003131
38	1	0.001493	0.003131
翌年	1	0.001493	0.003131
組織	1	0.001493	0.003054
有名	1	0.001493	0.003054
卒業	1	0.001493	0.003054
米	1	0.001493	0.003054
33	1	0.001493	0.003054
45	1	0.001493	0.002986
年間	1	0.001493	0.002924
戦争	1	0.001493	0.002924
全て	1	0.001493	0.002924
これら	1	0.001493	0.002924
of	1	0.001493	0.002924
中央	1	0.001493	0.002868
60	1	0.001493	0.002816
AF	1	0.001493	0.002816
以下	1	0.001493	0.002768
歳	1	0.001493	0.002681
下	1	0.001493	0.002642
長	1	0.001493	0.002642
施設	1	0.001493	0.002570
年生	1	0.001493	0.002537
81	1	0.001493	0.002475
21	1	0.001493	0.002446
三	1	0.001493	0.002366
30	1	0.001493	0.002366
前	1	0.001493	0.002366
BB	1	0.001493	0.002366
歴史	1	0.001493	0.002342
号	1	0.001493	0.002274
人物	1	0.001493	0.002252
名	1	0.001493	0.002232
20	1	0.001493	0.002174
の	1	0.001493	0.002055
中	1	0.001493	0.002040
話	1	0.001493	0.002025
表	1	0.001493	0.002011
・	1	0.001493	0.001997
編	1	0.001493	0.001983
12	1	0.001493	0.001956
的	1	0.001493	0.001930
82	1	0.001493	0.001930
者	1	0.001493	0.001772
目次	1	0.001493	0.001706
表示	1	0.001493	0.001706
/%	1	0.001493	0.001540
http	1	0.001493	0.001500
://	1	0.001493	0.001500
ja	1	0.001493	0.001500
wikipedia	1	0.001493	0.001500
org	1	0.001493	0.001500
wiki	1	0.001493	0.001500
作成	1	0.001493	0.001500
カテゴリ	1	0.001493	0.001500
出典	1	0.001493	0.001493
フリー	1	0.001493	0.001493
百科	1	0.001493	0.001493
事典	1	0.001493	0.001493
ウィキペディア	1	0.001493	0.001493
Wikipedia	1	0.001493	0.001493
移動	1	0.001493	0.001493
ナビゲーション	1	0.001493	0.001493
検索	1	0.001493	0.001493
