近鉄	18	0.033272	0.083941
製鉄	14	0.025878	0.069844
釜石	12	0.022181	0.066543
神戸製鋼	12	0.022181	0.066543
新日鉄	11	0.020333	0.060999
八幡	14	0.025878	0.059546
トヨタ	10	0.018484	0.055452
三洋電機	9	0.016636	0.049908
工	10	0.018484	0.046633
府中	8	0.014787	0.044361
東芝	8	0.014787	0.039910
大会	9	0.016636	0.036963
サントリー	7	0.012939	0.034922
優勝	7	0.012939	0.031027
選手権	6	0.011091	0.029934
トヨタ自動車	6	0.011091	0.029934
チーム	8	0.014787	0.029574
19	9	0.016636	0.028264
リコー	5	0.009242	0.027726
83	10	0.018484	0.023283
三菱自工	4	0.007394	0.022182
15	8	0.014787	0.022104
決勝	4	0.007394	0.019956
27	6	0.011091	0.019918
京都	5	0.009242	0.017752
出場	4	0.007394	0.017014
ラグビーフットボール	3	0.005545	0.016635
トーナメント	3	0.005545	0.016635
日本	7	0.012939	0.015360
ラグビー	3	0.005545	0.014966
13	5	0.009242	0.014497
進出	3	0.005545	0.013297
31	4	0.007394	0.013279
東京	4	0.007394	0.012901
BC	4	0.007394	0.012113
16	4	0.007394	0.011369
九州電力	2	0.003697	0.011091
実況	2	0.003697	0.011091
24	3	0.005545	0.010651
11	4	0.007394	0.010336
戦	3	0.005545	0.010280
上位	2	0.003697	0.009978
18	3	0.005545	0.009958
25	3	0.005545	0.009675
26	3	0.005545	0.009675
29	3	0.005545	0.009544
17	3	0.005545	0.009421
22	3	0.005545	0.009421
28	3	0.005545	0.009421
テレビ朝日	2	0.003697	0.008865
14	3	0.005545	0.008698
リーグ	2	0.003697	0.008214
39	2	0.003697	0.008214
アナウンサー	2	0.003697	0.008214
シーズン	2	0.003697	0.007967
37	2	0.003697	0.007967
36	2	0.003697	0.007752
38	2	0.003697	0.007752
10	3	0.005545	0.007577
32	2	0.003697	0.007394
1994	2	0.003697	0.007241
35	2	0.003697	0.007241
50	2	0.003697	0.007241
23	2	0.003697	0.007101
全国	2	0.003697	0.006973
1995	2	0.003697	0.006973
放送	2	0.003697	0.006973
担当	2	0.003697	0.006854
年度	2	0.003697	0.006743
社会	2	0.003697	0.006542
2002	2	0.003697	0.006363
BA	2	0.003697	0.006281
21	2	0.003697	0.006057
編集	3	0.005545	0.005643
ぜん	1	0.001848	0.005544
ゃかいじん	1	0.001848	0.005544
ジャパンラグビートップリーグ	1	0.001848	0.005544
予選	1	0.001848	0.005544
各組	1	0.001848	0.005544
直接的	1	0.001848	0.005544
マイクロソフト	1	0.001848	0.005544
配	1	0.001848	0.005544
炭	1	0.001848	0.005544
公団	1	0.001848	0.005544
三井化学	1	0.001848	0.005544
住友	1	0.001848	0.005544
奔別	1	0.001848	0.005544
川崎重工	1	0.001848	0.005544
大映	1	0.001848	0.005544
谷藤	1	0.001848	0.005544
辞退	1	0.001848	0.005544
抽選	1	0.001848	0.005544
トライ	1	0.001848	0.005544
太字	1	0.001848	0.005544
全国ネット	1	0.001848	0.005544
秩父宮	1	0.001848	0.005544
近鉄花園ラグビー場	1	0.001848	0.005544
サンケイ	1	0.001848	0.005544
社会人選手権	1	0.001848	0.005544
20	2	0.003697	0.005383
解消	1	0.001848	0.004988
市役所	1	0.001848	0.004988
代替	1	0.001848	0.004988
杯	1	0.001848	0.004988
交互	1	0.001848	0.004988
朝日放送	1	0.001848	0.004988
朝日新聞社	1	0.001848	0.004988
12	2	0.003697	0.004842
関西	1	0.001848	0.004662
組	1	0.001848	0.004662
後継	1	0.001848	0.004662
カップ	1	0.001848	0.004662
機械	1	0.001848	0.004662
富士	1	0.001848	0.004662
拡張	1	0.001848	0.004662
51	1	0.001848	0.004662
ワールド	1	0.001848	0.004662
人	2	0.003697	0.004657
ため	2	0.003697	0.004544
創設	1	0.001848	0.004431
プール	1	0.001848	0.004431
トップ	1	0.001848	0.004431
役割	1	0.001848	0.004431
備考	1	0.001848	0.004431
1949	1	0.001848	0.004431
1956	1	0.001848	0.004431
鉄	1	0.001848	0.004431
1977	1	0.001848	0.004431
49	1	0.001848	0.004431
53	1	0.001848	0.004431
NHK	1	0.001848	0.004431
成績	1	0.001848	0.004431
競技	1	0.001848	0.004431
東日本	1	0.001848	0.004252
1948	1	0.001848	0.004252
57	1	0.001848	0.004252
1951	1	0.001848	0.004252
1954	1	0.001848	0.004252
1964	1	0.001848	0.004252
1965	1	0.001848	0.004252
1971	1	0.001848	0.004252
1974	1	0.001848	0.004252
1976	1	0.001848	0.004252
1984	1	0.001848	0.004252
1988	1	0.001848	0.004252
42	1	0.001848	0.004252
枠	1	0.001848	0.004252
模様	1	0.001848	0.004252
系列	1	0.001848	0.004252
会場	1	0.001848	0.004252
現存	1	0.001848	0.004252
西日本	1	0.001848	0.004106
歴代	1	0.001848	0.004106
1957	1	0.001848	0.004106
1963	1	0.001848	0.004106
1966	1	0.001848	0.004106
41	1	0.001848	0.004106
46	1	0.001848	0.004106
47	1	0.001848	0.004106
52	1	0.001848	0.004106
スポーツ	1	0.001848	0.004106
イベント	1	0.001848	0.004106
1952	1	0.001848	0.003982
1953	1	0.001848	0.003982
1959	1	0.001848	0.003982
1961	1	0.001848	0.003982
1962	1	0.001848	0.003982
1969	1	0.001848	0.003982
1972	1	0.001848	0.003982
1975	1	0.001848	0.003982
1978	1	0.001848	0.003982
1979	1	0.001848	0.003982
1983	1	0.001848	0.003982
1987	1	0.001848	0.003982
43	1	0.001848	0.003982
1991	1	0.001848	0.003982
48	1	0.001848	0.003982
54	1	0.001848	0.003982
55	1	0.001848	0.003982
地区	1	0.001848	0.003875
以前	1	0.001848	0.003875
1950	1	0.001848	0.003875
1955	1	0.001848	0.003875
1958	1	0.001848	0.003875
1981	1	0.001848	0.003875
1982	1	0.001848	0.003875
44	1	0.001848	0.003875
毎年	1	0.001848	0.003875
年	2	0.003697	0.003848
完全	1	0.001848	0.003781
開催	1	0.001848	0.003781
1960	1	0.001848	0.003781
33	1	0.001848	0.003781
34	1	0.001848	0.003781
40	1	0.001848	0.003781
1989	1	0.001848	0.003781
最後	1	0.001848	0.003781
BD	1	0.001848	0.003781
時期	1	0.001848	0.003696
1968	1	0.001848	0.003696
45	1	0.001848	0.003696
1997	1	0.001848	0.003696
発展	1	0.001848	0.003620
当初	1	0.001848	0.003620
1967	1	0.001848	0.003620
1973	1	0.001848	0.003620
1986	1	0.001848	0.003620
1993	1	0.001848	0.003620
93	1	0.001848	0.003620
記録	1	0.001848	0.003550
1985	1	0.001848	0.003550
1992	1	0.001848	0.003550
権	1	0.001848	0.003485
回	1	0.001848	0.003485
1970	1	0.001848	0.003485
1996	1	0.001848	0.003485
1999	1	0.001848	0.003485
BE	1	0.001848	0.003485
位	1	0.001848	0.003426
1990	1	0.001848	0.003371
1998	1	0.001848	0.003371
結果	1	0.001848	0.003319
88	1	0.001848	0.003270
85	1	0.001848	0.003224
95	1	0.001848	0.003224
1980	1	0.001848	0.003181
AB	1	0.001848	0.003140
2003	1	0.001848	0.003101
場	1	0.001848	0.003101
2000	1	0.001848	0.003063
一覧	1	0.001848	0.003063
2001	1	0.001848	0.002993
30	1	0.001848	0.002929
数	1	0.001848	0.002929
2004	1	0.001848	0.002899
外部	1	0.001848	0.002421
82	1	0.001848	0.002388
リンク	1	0.001848	0.002373
/%	1	0.001848	0.001906
http	1	0.001848	0.001856
://	1	0.001848	0.001856
ja	1	0.001848	0.001856
wikipedia	1	0.001848	0.001856
org	1	0.001848	0.001856
wiki	1	0.001848	0.001856
作成	1	0.001848	0.001856
カテゴリ	1	0.001848	0.001856
出典	1	0.001848	0.001848
フリー	1	0.001848	0.001848
百科	1	0.001848	0.001848
事典	1	0.001848	0.001848
ウィキペディア	1	0.001848	0.001848
Wikipedia	1	0.001848	0.001848
移動	1	0.001848	0.001848
ナビゲーション	1	0.001848	0.001848
検索	1	0.001848	0.001848
