町	65	0.054899	0.098592
清水	47	0.039696	0.095189
村	53	0.044764	0.093866
有田	20	0.016892	0.045591
和歌山	19	0.016047	0.043310
年	35	0.029561	0.030772
、[	10	0.008446	0.025338
]）	10	0.008446	0.025338
県	20	0.016892	0.024186
二川	9	0.007601	0.022803
町立	10	0.008446	0.022796
郡	12	0.010135	0.020734
金屋	8	0.006757	0.020271
川	10	0.008446	0.019434
城山	7	0.005912	0.017736
諦	7	0.005912	0.017736
粟生	7	0.005912	0.017736
月	17	0.014358	0.016236
日	16	0.013514	0.015777
安	7	0.005912	0.014177
都市	8	0.006757	0.014169
編集	16	0.013514	0.013754
昭和	9	0.007601	0.012753
合併	6	0.005068	0.012153
小学校	7	0.005912	0.011579
木造	5	0.004223	0.011398
現在	10	0.008446	0.011375
温泉	6	0.005068	0.011260
地区	6	0.005068	0.010627
栽培	4	0.003378	0.010134
久野原	4	0.003378	0.010134
棚田	4	0.003378	0.010134
八幡	5	0.004223	0.009717
文化財	5	0.004223	0.009717
産業	5	0.004223	0.009383
10	8	0.006757	0.009234
岩倉	4	0.003378	0.009117
締結	4	0.003378	0.009117
民俗	4	0.003378	0.009117
姉妹	5	0.004223	0.009100
観光	5	0.004223	0.008855
スポット	4	0.003378	0.008522
鉄道	5	0.004223	0.008446
廃止	5	0.004223	0.007965
五	5	0.004223	0.007965
それ	6	0.005068	0.007718
号	6	0.005068	0.007718
吉備	3	0.002534	0.007602
楠本	3	0.002534	0.007602
押手	3	0.002534	0.007602
板尾	3	0.002534	0.007602
就業	3	0.002534	0.007602
ょうがっこう	3	0.002534	0.007602
滝	3	0.002534	0.007602
部分	5	0.004223	0.007584
名	6	0.005068	0.007576
1979	4	0.003378	0.007279
線	5	0.004223	0.007175
指定	4	0.003378	0.007083
日本	7	0.005912	0.007018
中学校	4	0.003378	0.006911
提携	3	0.002534	0.006839
ダム	3	0.002534	0.006839
高野	3	0.002534	0.006839
ゅうがっこう	3	0.002534	0.006839
無形	3	0.002534	0.006839
歴史	5	0.004223	0.006624
町内	3	0.002534	0.006393
市町村	3	0.002534	0.006393
誕生	4	0.003378	0.006371
道	4	0.003378	0.006371
発祥	3	0.002534	0.006076
公園	3	0.002534	0.005461
神社	3	0.002534	0.005461
国道	3	0.002534	0.005314
重要	3	0.002534	0.005314
34	3	0.002534	0.005184
美里	2	0.001689	0.005067
野上	2	0.001689	0.005067
野迫川	2	0.001689	0.005067
しみず	2	0.001689	0.005067
旧跡	2	0.001689	0.005067
催事	2	0.001689	0.005067
嶮	2	0.001689	0.005067
竜神	2	0.001689	0.005067
紀州	2	0.001689	0.005067
和紙	2	0.001689	0.005067
シュロ	2	0.001689	0.005067
境川	2	0.001689	0.005067
下湯川	2	0.001689	0.005067
杉野原	2	0.001689	0.005067
山椒	2	0.001689	0.005067
坐像	2	0.001689	0.005067
立像	2	0.001689	0.005067
歌舞伎	2	0.001689	0.005067
芝居	2	0.001689	0.005067
嶋	2	0.001689	0.005067
御田	2	0.001689	0.005067
生石	2	0.001689	0.005067
有田川	2	0.001689	0.005067
江戸	3	0.002534	0.004963
時代	4	0.003378	0.004759
祭事	2	0.001689	0.004559
農村	2	0.001689	0.004559
国定	2	0.001689	0.004559
養蚕	2	0.001689	0.004559
盛ん	2	0.001689	0.004559
町村	2	0.001689	0.004559
分校	2	0.001689	0.004559
龍神	2	0.001689	0.004559
選	2	0.001689	0.004559
高原	2	0.001689	0.004559
18	3	0.002534	0.004551
2006	3	0.002534	0.004362
名所	2	0.001689	0.004261
域	2	0.001689	0.004261
白馬	2	0.001689	0.004261
当	2	0.001689	0.004261
景勝	2	0.001689	0.004261
1889	2	0.001689	0.004261
あら	2	0.001689	0.004261
次	3	0.002534	0.004251
自治体	2	0.001689	0.004050
経済	2	0.001689	0.004050
別名	2	0.001689	0.004050
渓谷	2	0.001689	0.004050
30	3	0.002534	0.004016
数	3	0.002534	0.004016
国	3	0.002534	0.003935
行政	2	0.001689	0.003886
県立	2	0.001689	0.003886
データ	2	0.001689	0.003753
隣接	2	0.001689	0.003753
地理	2	0.001689	0.003753
北部	2	0.001689	0.003753
編入	2	0.001689	0.003753
生産	2	0.001689	0.003753
明	2	0.001689	0.003753
二	3	0.002534	0.003689
道路	2	0.001689	0.003640
1959	2	0.001689	0.003640
制	2	0.001689	0.003542
1955	2	0.001689	0.003542
百	2	0.001689	0.003542
量	2	0.001689	0.003455
外部	3	0.002534	0.003319
リンク	3	0.002534	0.003254
中央	2	0.001689	0.003244
最初	2	0.001689	0.003244
明治	2	0.001689	0.003244
教育	2	0.001689	0.003186
高等	2	0.001689	0.003186
位置	2	0.001689	0.003131
以下	2	0.001689	0.003131
平成	2	0.001689	0.003131
センター	2	0.001689	0.003131
者	3	0.002534	0.003008
地方	2	0.001689	0.002989
学校	2	0.001689	0.002989
駅	2	0.001689	0.002947
こと	3	0.002534	0.002911
度	2	0.001689	0.002907
交通	2	0.001689	0.002907
22	2	0.001689	0.002870
分	2	0.001689	0.002800
]。	2	0.001689	0.002767
部	2	0.001689	0.002736
脚注	2	0.001689	0.002706
地	2	0.001689	0.002597
市	2	0.001689	0.002572
30365	1	0.000845	0.002535
195	1	0.000845	0.002535
961	1	0.000845	0.002535
かつらぎ	1	0.000845	0.002535
高川	1	0.000845	0.002535
ミヤマツツジ	1	0.000845	0.002535
ヤマガラ	1	0.000845	0.002535
643	1	0.000845	0.002535
0592	1	0.000845	0.002535
387	1	0.000845	0.002535
特記	1	0.000845	0.002535
紀伊	1	0.000845	0.002535
寄り	1	0.000845	0.002535
長峰山脈	1	0.000845	0.002535
雨山	1	0.000845	0.002535
床山	1	0.000845	0.002535
尖峰山	1	0.000845	0.002535
堂鳴海山	1	0.000845	0.002535
生石ヶ峰	1	0.000845	0.002535
山脈	1	0.000845	0.002535
白馬山	1	0.000845	0.002535
白井山	1	0.000845	0.002535
若藪山	1	0.000845	0.002535
しき	1	0.000845	0.002535
典型	1	0.000845	0.002535
山村	1	0.000845	0.002535
支流	1	0.000845	0.002535
点在	1	0.000845	0.002535
随一	1	0.000845	0.002535
東大谷	1	0.000845	0.002535
日物川	1	0.000845	0.002535
三田	1	0.000845	0.002535
宮川	1	0.000845	0.002535
大蔵	1	0.000845	0.002535
西原	1	0.000845	0.002535
上湯川	1	0.000845	0.002535
遠井	1	0.000845	0.002535
井谷	1	0.000845	0.002535
沼谷	1	0.000845	0.002535
川合	1	0.000845	0.002535
二沢	1	0.000845	0.002535
北野川	1	0.000845	0.002535
三瀬川	1	0.000845	0.002535
岩野河	1	0.000845	0.002535
谷村	1	0.000845	0.002535
捷	1	0.000845	0.002535
ゆき	1	0.000845	0.002535
561	1	0.000845	0.002535
789	1	0.000845	0.002535
1046	1	0.000845	0.002535
過疎	1	0.000845	0.002535
ぶどう	1	0.000845	0.002535
実	1	0.000845	0.002535
有数	1	0.000845	0.002535
高石	1	0.000845	0.002535
お互い	1	0.000845	0.002535
ゅうおうこうとうがっこうしみずぶんこう	1	0.000845	0.002535
1028	1	0.000845	0.002535
はたち	1	0.000845	0.002535
430	1	0.000845	0.002535
361	1	0.000845	0.002535
八幡野	1	0.000845	0.002535
や	1	0.000845	0.002535
1235	1	0.000845	0.002535
139	1	0.000845	0.002535
紀勢本線	1	0.000845	0.002535
藤並	1	0.000845	0.002535
花園	1	0.000845	0.002535
480	1	0.000845	0.002535
371	1	0.000845	0.002535
スカイライン	1	0.000845	0.002535
吉祥寺	1	0.000845	0.002535
平安	1	0.000845	0.002535
お寺	1	0.000845	0.002535
薬師堂	1	0.000845	0.002535
薬師如来	1	0.000845	0.002535
大日如来	1	0.000845	0.002535
不動明王	1	0.000845	0.002535
童子	1	0.000845	0.002535
聖観音	1	0.000845	0.002535
講	1	0.000845	0.002535
徒	1	0.000845	0.002535
町北	1	0.000845	0.002535
死者	1	0.000845	0.002535
丹生	1	0.000845	0.002535
湯川	1	0.000845	0.002535
段	1	0.000845	0.002535
銚子	1	0.000845	0.002535
扇形	1	0.000845	0.002535
庄屋	1	0.000845	0.002535
太夫	1	0.000845	0.002535
開墾	1	0.000845	0.002535
蘭島	1	0.000845	0.002535
産物	1	0.000845	0.002535
ぎ	1	0.000845	0.002535
五郷	1	0.000845	0.002535
おこし	1	0.000845	0.002535
八つ	1	0.000845	0.002535
亀甲	1	0.000845	0.002535
八角	1	0.000845	0.002535
屋根	1	0.000845	0.002535
附近	1	0.000845	0.002535
宿泊	1	0.000845	0.002535
ぎり	1	0.000845	0.002535
社団	1	0.000845	0.002535
川町	1	0.000845	0.002535
15	2	0.001689	0.002525
.^	2	0.001689	0.002502
これ	2	0.001689	0.002380
の	2	0.001689	0.002325
人口	1	0.000845	0.002281
スギ	1	0.000845	0.002281
半島	1	0.000845	0.002281
山間	1	0.000845	0.002281
上流	1	0.000845	0.002281
山々	1	0.000845	0.002281
日本一	1	0.000845	0.002281
衰退	1	0.000845	0.002281
沼	1	0.000845	0.002281
川口	1	0.000845	0.002281
立石	1	0.000845	0.002281
任期	1	0.000845	0.002281
国勢調査	1	0.000845	0.002281
林業	1	0.000845	0.002281
不振	1	0.000845	0.002281
友好	1	0.000845	0.002281
つながり	1	0.000845	0.002281
138	1	0.000845	0.002281
しら	1	0.000845	0.002281
429	1	0.000845	0.002281
西小学校	1	0.000845	0.002281
274	1	0.000845	0.002281
ぶん	1	0.000845	0.002281
休校	1	0.000845	0.002281
県道	1	0.000845	0.002281
181	1	0.000845	0.002281
182	1	0.000845	0.002281
キャンプ	1	0.000845	0.002281
浄土宗	1	0.000845	0.002281
毘沙門天	1	0.000845	0.002281
正月	1	0.000845	0.002281
水害	1	0.000845	0.002281
新田	1	0.000845	0.002281
笠松	1	0.000845	0.002281
農林	1	0.000845	0.002281
舞	1	0.000845	0.002281
日本国	1	0.000845	0.002281
町営	1	0.000845	0.002281
可	1	0.000845	0.002281
時点	1	0.000845	0.002132
コード	1	0.000845	0.002132
田辺	1	0.000845	0.002132
役場	1	0.000845	0.002132
直前	1	0.000845	0.002132
吉野	1	0.000845	0.002132
県内	1	0.000845	0.002132
中原	1	0.000845	0.002132
施行	1	0.000845	0.002132
町長	1	0.000845	0.002132
実情	1	0.000845	0.002132
まち	1	0.000845	0.002132
寄	1	0.000845	0.002132
西日本旅客鉄道	1	0.000845	0.002132
180	1	0.000845	0.002132
堂	1	0.000845	0.002132
きっかけ	1	0.000845	0.002132
県営	1	0.000845	0.002132
ほう	1	0.000845	0.002132
振興	1	0.000845	0.002132
健康	1	0.000845	0.002132
姿	1	0.000845	0.002132
番地	1	0.000845	0.002026
135	1	0.000845	0.002026
ちょう	1	0.000845	0.002026
北西	1	0.000845	0.002026
田中	1	0.000845	0.002026
元気	1	0.000845	0.002026
木材	1	0.000845	0.002026
静岡	1	0.000845	0.002026
福井	1	0.000845	0.002026
暦	1	0.000845	0.002026
収容	1	0.000845	0.002026
新設	1	0.000845	0.001944
近畿	1	0.000845	0.001944
都道府県	1	0.000845	0.001944
鳥	1	0.000845	0.001944
東経	1	0.000845	0.001944
成立	1	0.000845	0.001944
1940	1	0.000845	0.001944
42	1	0.000845	0.001944
里	1	0.000845	0.001944
61	1	0.000845	0.001944
64	1	0.000845	0.001944
項目	2	0.001689	0.001930
関連	2	0.001689	0.001890
理由	1	0.000845	0.001877
木	1	0.000845	0.001877
07	1	0.000845	0.001877
奈良	1	0.000845	0.001877
南部	1	0.000845	0.001877
いずれ	1	0.000845	0.001877
北海道	1	0.000845	0.001877
西日本	1	0.000845	0.001877
像	1	0.000845	0.001877
西部	1	0.000845	0.001877
左	1	0.000845	0.001877
沿い	1	0.000845	0.001877
面積	1	0.000845	0.001821
43	1	0.000845	0.001821
北緯	1	0.000845	0.001821
ノート	1	0.000845	0.001821
解説	1	0.000845	0.001821
なか	1	0.000845	0.001821
外国	1	0.000845	0.001821
交流	1	0.000845	0.001821
54	1	0.000845	0.001821
1953	1	0.000845	0.001821
_(%	1	0.000845	0.001821
96	1	0.000845	0.001772
事項	1	0.000845	0.001772
府	1	0.000845	0.001772
毎年	1	0.000845	0.001772
例	1	0.000845	0.001772
整備	1	0.000845	0.001772
団体	1	0.000845	0.001729
テンプレート	1	0.000845	0.001729
節	1	0.000845	0.001729
のち	1	0.000845	0.001729
就任	1	0.000845	0.001729
33	1	0.000845	0.001729
通り	1	0.000845	0.001729
場所	1	0.000845	0.001729
法人	1	0.000845	0.001729
環境	1	0.000845	0.001729
代表	1	0.000845	0.001690
自然	1	0.000845	0.001690
特徴	1	0.000845	0.001690
サイト	1	0.000845	0.001655
東	1	0.000845	0.001655
はじめ	1	0.000845	0.001655
大阪	1	0.000845	0.001655
1994	1	0.000845	0.001655
1967	1	0.000845	0.001655
年間	1	0.000845	0.001655
1986	1	0.000845	0.001655
92	1	0.000845	0.001655
花	1	0.000845	0.001623
規模	1	0.000845	0.001623
JR	1	0.000845	0.001623
路線	1	0.000845	0.001623
完成	1	0.000845	0.001623
)」	1	0.000845	0.001623
ウィキプロジェクト	1	0.000845	0.001594
地域	1	0.000845	0.001594
1999	1	0.000845	0.001594
全国	1	0.000845	0.001594
以上	1	0.000845	0.001594
目的	1	0.000845	0.001594
形	1	0.000845	0.001594
初期	1	0.000845	0.001594
多数	1	0.000845	0.001567
位	1	0.000845	0.001567
バス	1	0.000845	0.001567
km	1	0.000845	0.001541
所在地	1	0.000845	0.001541
ここ	1	0.000845	0.001518
館	1	0.000845	0.001518
94	1	0.000845	0.001495
型	1	0.000845	0.001474
85	1	0.000845	0.001474
公式	1	0.000845	0.001454
ほか	1	0.000845	0.001454
29	1	0.000845	0.001454
一般	1	0.000845	0.001454
施設	1	0.000845	0.001454
さ	1	0.000845	0.001436
17	1	0.000845	0.001436
19	1	0.000845	0.001436
28	1	0.000845	0.001436
BA	1	0.000845	0.001436
2003	1	0.000845	0.001418
場	1	0.000845	0.001418
式	1	0.000845	0.001418
AD	1	0.000845	0.001418
2000	1	0.000845	0.001401
一覧	1	0.000845	0.001401
一部	1	0.000845	0.001384
90	1	0.000845	0.001384
情報	1	0.000845	0.001384
14	1	0.000845	0.001325
2007	1	0.000845	0.001325
存在	1	0.000845	0.001325
その後	1	0.000845	0.001299
化	1	0.000845	0.001299
11	1	0.000845	0.001181
もの	1	0.000845	0.001122
12	1	0.000845	0.001107
的	1	0.000845	0.001092
人	1	0.000845	0.001064
ため	1	0.000845	0.001039
目次	1	0.000845	0.000966
表示	1	0.000845	0.000966
/%	1	0.000845	0.000872
http	1	0.000845	0.000849
://	1	0.000845	0.000849
ja	1	0.000845	0.000849
wikipedia	1	0.000845	0.000849
org	1	0.000845	0.000849
wiki	1	0.000845	0.000849
作成	1	0.000845	0.000849
カテゴリ	1	0.000845	0.000849
出典	1	0.000845	0.000845
フリー	1	0.000845	0.000845
百科	1	0.000845	0.000845
事典	1	0.000845	0.000845
ウィキペディア	1	0.000845	0.000845
Wikipedia	1	0.000845	0.000845
移動	1	0.000845	0.000845
ナビゲーション	1	0.000845	0.000845
検索	1	0.000845	0.000845
