与六	20	0.020812	0.062436
漫画	20	0.020812	0.046241
家	26	0.027055	0.040816
直江	13	0.013528	0.040584
兼	16	0.016649	0.039923
信長	12	0.012487	0.033702
上杉	12	0.012487	0.031503
謙信	8	0.008325	0.022469
慶	9	0.009365	0.022457
家臣	7	0.007284	0.021852
樋口	8	0.008325	0.019963
前田	7	0.007284	0.019659
織田	7	0.007284	0.018377
編集	17	0.017690	0.018004
作品	10	0.010406	0.017048
義	6	0.006243	0.016850
景勝	6	0.006243	0.015750
次月	5	0.005203	0.015609
語り	5	0.005203	0.014043
巻	6	0.006243	0.013453
雲	4	0.004162	0.012486
雲洞	4	0.004162	0.012486
見物	4	0.004162	0.012486
茂助	4	0.004162	0.012486
景綱	4	0.004162	0.012486
仙	4	0.004162	0.012486
連載	5	0.005203	0.011560
主人公	4	0.004162	0.011233
庵	4	0.004162	0.011233
安土	4	0.004162	0.011233
越後	4	0.004162	0.011233
桃	4	0.004162	0.011233
羽柴	4	0.004162	0.011233
週刊	4	0.004162	0.010500
次	6	0.006243	0.010474
風	5	0.005203	0.010406
-」	3	0.003122	0.009366
コミックバンチ	3	0.003122	0.009366
政景	3	0.003122	0.009366
泉沢	3	0.003122	0.009366
いくさ	3	0.003122	0.009366
フジ	3	0.003122	0.009366
原作	4	0.004162	0.009247
院	4	0.004162	0.008727
年	8	0.008325	0.008666
城主	3	0.003122	0.008426
民	3	0.003122	0.008426
秀吉	3	0.003122	0.008426
久	3	0.003122	0.008426
発売	4	0.004162	0.008152
長尾	3	0.003122	0.007876
石田	3	0.003122	0.007876
人	6	0.006243	0.007864
たち	4	0.004162	0.007716
者	6	0.006243	0.007411
日	6	0.006243	0.007289
一	5	0.005203	0.007110
戦国	3	0.003122	0.006937
作	3	0.003122	0.006937
城	3	0.003122	0.006728
父	3	0.003122	0.006387
人物	4	0.004162	0.006279
雑誌	3	0.003122	0.006244
かね	2	0.002081	0.006243
仲間	2	0.002081	0.006243
朝廷	2	0.002081	0.006243
あだ名	2	0.002081	0.006243
焙烙	2	0.002081	0.006243
側近	2	0.002081	0.006243
惣右衛門	2	0.002081	0.006243
隠し	2	0.002081	0.006243
銀山	2	0.002081	0.006243
奉行	2	0.002081	0.006243
景虎	2	0.002081	0.006243
北条	2	0.002081	0.006243
定満	2	0.002081	0.006243
久秀	2	0.002081	0.006243
ひで	2	0.002081	0.006243
又五郎	2	0.002081	0.006243
小姓	2	0.002081	0.006243
利家	2	0.002081	0.006243
伴	2	0.002081	0.006243
三成	2	0.002081	0.006243
拳	2	0.002081	0.006243
花	3	0.003122	0.005997
項目	5	0.005203	0.005945
月	5	0.005203	0.005883
2010	3	0.003122	0.005694
堀江	2	0.002081	0.005617
一門	2	0.002081	0.005617
単行	2	0.002081	0.005617
修行	2	0.002081	0.005617
盗	2	0.002081	0.005617
妙	2	0.002081	0.005617
すぎ	2	0.002081	0.005617
毘沙門天	2	0.002081	0.005617
養子	2	0.002081	0.005617
関白	2	0.002081	0.005617
登場	3	0.003122	0.005607
本	3	0.003122	0.005525
85	3	0.003122	0.005447
さ	3	0.003122	0.005304
作画	2	0.002081	0.005250
一族	2	0.002081	0.005250
野	2	0.002081	0.005250
うえ	2	0.002081	0.005250
鬼	2	0.002081	0.005250
ため	4	0.004162	0.005116
殺害	2	0.002081	0.004990
郎	2	0.002081	0.004990
大名	2	0.002081	0.004788
乱	2	0.002081	0.004788
978	2	0.002081	0.004788
豊	2	0.002081	0.004624
船	2	0.002081	0.004624
結婚	2	0.002081	0.004624
心	2	0.002081	0.004624
ん	2	0.002081	0.004624
左	2	0.002081	0.004624
原	2	0.002081	0.004364
さん	2	0.002081	0.004364
中	3	0.003122	0.004266
子供	2	0.002081	0.004162
通称	2	0.002081	0.004076
十	2	0.002081	0.003997
代	2	0.002081	0.003925
権	2	0.002081	0.003925
番組	2	0.002081	0.003858
担当	2	0.002081	0.003858
女性	2	0.002081	0.003858
戦	2	0.002081	0.003858
内容	2	0.002081	0.003796
とき	2	0.002081	0.003796
ISBN	2	0.002081	0.003796
ここ	2	0.002081	0.003737
歳	2	0.002081	0.003737
日本	3	0.003122	0.003706
その他	2	0.002081	0.003682
こと	3	0.003122	0.003586
2009	2	0.002081	0.003582
PJ	2	0.002081	0.003536
当時	2	0.002081	0.003449
概要	2	0.002081	0.003409
16	2	0.002081	0.003200
時	2	0.002081	0.003139
完結	1	0.001041	0.003123
-』（	1	0.001041	0.003123
ぎふうどうどう	1	0.001041	0.003123
哲夫	1	0.001041	0.003123
信彦	1	0.001041	0.003123
武村	1	0.001041	0.003123
勇治	1	0.001041	0.003123
柴	1	0.001041	0.003123
スピンアウト	1	0.001041	0.003123
莫逆	1	0.001041	0.003123
アイディア	1	0.001041	0.003123
隠棲	1	0.001041	0.003123
語り手	1	0.001041	0.003123
回想	1	0.001041	0.003123
事績	1	0.001041	0.003123
破天荒	1	0.001041	0.003123
球	1	0.001041	0.003123
文珍	1	0.001041	0.003123
正体	1	0.001041	0.003123
風格	1	0.001041	0.003123
古老	1	0.001041	0.003123
坊主	1	0.001041	0.003123
珍	1	0.001041	0.003123
女房	1	0.001041	0.003123
粋	1	0.001041	0.003123
らい	1	0.001041	0.003123
従者	1	0.001041	0.003123
鉄扇	1	0.001041	0.003123
稼業	1	0.001041	0.003123
おせん	1	0.001041	0.003123
男勝り	1	0.001041	0.003123
鎧	1	0.001041	0.003123
同伴	1	0.001041	0.003123
薙刀	1	0.001041	0.003123
名手	1	0.001041	0.003123
御館	1	0.001041	0.003123
菩提	1	0.001041	0.003123
説得	1	0.001041	0.003123
宿老	1	0.001041	0.003123
段階	1	0.001041	0.003123
眉間	1	0.001041	0.003123
国主	1	0.001041	0.003123
春日山	1	0.001041	0.003123
己	1	0.001041	0.003123
幾多	1	0.001041	0.003123
負け	1	0.001041	0.003123
化身	1	0.001041	0.003123
義兄弟	1	0.001041	0.003123
化粧	1	0.001041	0.003123
坂戸	1	0.001041	0.003123
宇佐美	1	0.001041	0.003123
激昂	1	0.001041	0.003123
入水	1	0.001041	0.003123
野尻	1	0.001041	0.003123
溺死	1	0.001041	0.003123
いずみ	1	0.001041	0.003123
ざわ	1	0.001041	0.003123
喜平	1	0.001041	0.003123
人差し指	1	0.001041	0.003123
遠山	1	0.001041	0.003123
康光	1	0.001041	0.003123
おやま	1	0.001041	0.003123
おだ	1	0.001041	0.003123
安土山	1	0.001041	0.003123
人足	1	0.001041	0.003123
肉体	1	0.001041	0.003123
曰く	1	0.001041	0.003123
産湯	1	0.001041	0.003123
血	1	0.001041	0.003123
大義	1	0.001041	0.003123
算盤	1	0.001041	0.003123
丹羽	1	0.001041	0.003123
長秀	1	0.001041	0.003123
佐和	1	0.001041	0.003123
築城	1	0.001041	0.003123
普請	1	0.001041	0.003123
顔つき	1	0.001041	0.003123
意外	1	0.001041	0.003123
岡部	1	0.001041	0.003123
又右衛門	1	0.001041	0.003123
指図	1	0.001041	0.003123
太郎左衛門	1	0.001041	0.003123
ざえもん	1	0.001041	0.003123
甲賀	1	0.001041	0.003123
忍び	1	0.001041	0.003123
左目	1	0.001041	0.003123
はし	1	0.001041	0.003123
ひでよ	1	0.001041	0.003123
猿	1	0.001041	0.003123
極度	1	0.001041	0.003123
女好き	1	0.001041	0.003123
機転	1	0.001041	0.003123
策略	1	0.001041	0.003123
尾張	1	0.001041	0.003123
弁	1	0.001041	0.003123
一目	1	0.001041	0.003123
裁	1	0.001041	0.003123
みつ	1	0.001041	0.003123
佐吉	1	0.001041	0.003123
豊臣	1	0.001041	0.003123
くの一	1	0.001041	0.003123
裸足	1	0.001041	0.003123
盟友	1	0.001041	0.003123
弱点	1	0.001041	0.003123
進藤	1	0.001041	0.003123
長治	1	0.001041	0.003123
しんどう	1	0.001041	0.003123
京	1	0.001041	0.003123
えひめ	1	0.001041	0.003123
実母	1	0.001041	0.003123
ざ	1	0.001041	0.003123
仇名	1	0.001041	0.003123
手下	1	0.001041	0.003123
盗品	1	0.001041	0.003123
横行	1	0.001041	0.003123
僧形	1	0.001041	0.003123
片目	1	0.001041	0.003123
一命	1	0.001041	0.003123
眼帯	1	0.001041	0.003123
仇	1	0.001041	0.003123
砦	1	0.001041	0.003123
助太刀	1	0.001041	0.003123
翻弄	1	0.001041	0.003123
あげく	1	0.001041	0.003123
太刀	1	0.001041	0.003123
771447	1	0.001041	0.003123
771472	1	0.001041	0.003123
アタック	1	0.001041	0.003123
ウッドストック	1	0.001041	0.003123
ウロボロス	1	0.001041	0.003123
ミソ	1	0.001041	0.003123
キャバクラ	1	0.001041	0.003123
どくだみ	1	0.001041	0.003123
片桐	1	0.001041	0.003123
紅蓮	1	0.001041	0.003123
真田	1	0.001041	0.003123
雪村	1	0.001041	0.003123
すか	1	0.001041	0.003123
タイムズ	1	0.001041	0.003123
軍師	1	0.001041	0.003123
片倉	1	0.001041	0.003123
戯譚	1	0.001041	0.003123
ミキストリ	1	0.001041	0.003123
Season	1	0.001041	0.003123
レストアガレージ	1	0.001041	0.003123
251	1	0.001041	0.003123
車屋	1	0.001041	0.003123
隔週	1	0.001041	0.003123
エンジェル	1	0.001041	0.003123
蒼天	1	0.001041	0.003123
彷徨	1	0.001041	0.003123
北斗	1	0.001041	0.003123
ジュウザ	1	0.001041	0.003123
外伝	1	0.001041	0.003123
Un	1	0.001041	0.003123
グ・ラ・メ	1	0.001041	0.003123
宰相	1	0.001041	0.003123
失格	1	0.001041	0.003123
BTOOOM	1	0.001041	0.003123
マイガール	1	0.001041	0.003123
_-%	1	0.001041	0.003123
スピンオフ	1	0.001041	0.003123
の	2	0.002081	0.002865
10	2	0.002081	0.002844
話	2	0.002081	0.002823
新潮社	1	0.001041	0.002810
羽	1	0.001041	0.002810
傾き	1	0.001041	0.002810
自他	1	0.001041	0.002810
腰	1	0.001041	0.002810
実子	1	0.001041	0.002810
鍛冶	1	0.001041	0.002810
ぐち	1	0.001041	0.002810
養父	1	0.001041	0.002810
性格	1	0.001041	0.002810
夫	1	0.001041	0.002810
信綱	1	0.001041	0.002810
尼	1	0.001041	0.002810
嫡男	1	0.001041	0.002810
筋	1	0.001041	0.002810
利	1	0.001041	0.002810
ぷり	1	0.001041	0.002810
せん	1	0.001041	0.002810
かげ	1	0.001041	0.002810
とら	1	0.001041	0.002810
上田	1	0.001041	0.002810
衆	1	0.001041	0.002810
癖	1	0.001041	0.002810
のぶ	1	0.001041	0.002810
見学	1	0.001041	0.002810
出会い	1	0.001041	0.002810
尊重	1	0.001041	0.002810
わな	1	0.001041	0.002810
四天王	1	0.001041	0.002810
踊り	1	0.001041	0.002810
もん	1	0.001041	0.002810
大工	1	0.001041	0.002810
棟梁	1	0.001041	0.002810
所持	1	0.001041	0.002810
頭領	1	0.001041	0.002810
いしだ	1	0.001041	0.002810
志乃	1	0.001041	0.002810
しの	1	0.001041	0.002810
遊女	1	0.001041	0.002810
近衛	1	0.001041	0.002810
さき	1	0.001041	0.002810
昔	1	0.001041	0.002810
司	1	0.001041	0.002810
妹	1	0.001041	0.002810
口癖	1	0.001041	0.002810
刀	1	0.001041	0.002810
奴隷	1	0.001041	0.002810
玉	1	0.001041	0.002810
いぬ	1	0.001041	0.002810
花道	1	0.001041	0.002810
くん	1	0.001041	0.002810
伊達	1	0.001041	0.002810
蝶	1	0.001041	0.002810
龍	1	0.001041	0.002810
同居	1	0.001041	0.002810
nd	1	0.001041	0.002810
なみ	1	0.001041	0.002810
コンシェルジュ	1	0.001041	0.002810
{{	1	0.001041	0.002810
Manga	1	0.001041	0.002810
artist	1	0.001041	0.002810
stub	1	0.001041	0.002810
}}	1	0.001041	0.002810
表	2	0.002081	0.002803
現在	2	0.002081	0.002803
・	2	0.002081	0.002783
編	2	0.002081	0.002763
82	2	0.002081	0.002690
ストーリー	1	0.001041	0.002626
友	1	0.001041	0.002626
ご覧	1	0.001041	0.002626
幼名	1	0.001041	0.002626
職業	1	0.001041	0.002626
不思議	1	0.001041	0.002626
縦	1	0.001041	0.002626
姉	1	0.001041	0.002626
正室	1	0.001041	0.002626
代わり	1	0.001041	0.002626
救助	1	0.001041	0.002626
鼻	1	0.001041	0.002626
武家	1	0.001041	0.002626
山城	1	0.001041	0.002626
ばん	1	0.001041	0.002626
故人	1	0.001041	0.002626
商人	1	0.001041	0.002626
草	1	0.001041	0.002626
馬	1	0.001041	0.002626
離婚	1	0.001041	0.002626
ハート	1	0.001041	0.002626
_%	1	0.001041	0.002626
後	2	0.002081	0.002621
劇	1	0.001041	0.002496
当該	1	0.001041	0.002496
ぶり	1	0.001041	0.002496
自殺	1	0.001041	0.002496
命令	1	0.001041	0.002496
信仰	1	0.001041	0.002496
生母	1	0.001041	0.002496
付	1	0.001041	0.002496
類似	1	0.001041	0.002496
普段	1	0.001041	0.002496
頭	1	0.001041	0.002496
姫	1	0.001041	0.002496
裁判	1	0.001041	0.002496
懲役	1	0.001041	0.002496
獣	1	0.001041	0.002496
彼女	1	0.001041	0.002496
料理	1	0.001041	0.002496
形式	1	0.001041	0.002395
周囲	1	0.001041	0.002395
共	1	0.001041	0.002395
土	1	0.001041	0.002395
娘	1	0.001041	0.002395
池	1	0.001041	0.002395
身	1	0.001041	0.002395
解放	1	0.001041	0.002395
信濃	1	0.001041	0.002395
猫	1	0.001041	0.002395
II	1	0.001041	0.002395
継続	1	0.001041	0.002395
表示	2	0.002081	0.002378
自ら	1	0.001041	0.002313
オリジナル	1	0.001041	0.002313
母	1	0.001041	0.002313
宗	1	0.001041	0.002313
!!	1	0.001041	0.002313
小	1	0.001041	0.002313
夢	1	0.001041	0.002313
ウィキポータル	1	0.001041	0.002243
注意	1	0.001041	0.002243
裏	1	0.001041	0.002243
人々	1	0.001041	0.002243
右	1	0.001041	0.002243
石	1	0.001041	0.002243
様	1	0.001041	0.002243
共同	1	0.001041	0.002183
世	1	0.001041	0.002183
妻	1	0.001041	0.002183
百	1	0.001041	0.002183
通常	1	0.001041	0.002183
人間	1	0.001041	0.002183
プロジェクト	1	0.001041	0.002130
形態	1	0.001041	0.002130
キャラクター	1	0.001041	0.002130
もと	1	0.001041	0.002130
四	1	0.001041	0.002130
シリーズ	1	0.001041	0.002130
カテゴリ	2	0.002081	0.002090
作成	2	0.002081	0.002090
終了	1	0.001041	0.002082
元	1	0.001041	0.002082
50	1	0.001041	0.002039
物語	1	0.001041	0.002039
手	1	0.001041	0.002039
99	1	0.001041	0.002039
為	1	0.001041	0.002000
神	1	0.001041	0.002000
子	1	0.001041	0.002000
彼	1	0.001041	0.002000
誕生	1	0.001041	0.001963
道	1	0.001041	0.001963
五	1	0.001041	0.001963
BE	1	0.001041	0.001963
頃	1	0.001041	0.001899
面	1	0.001041	0.001899
名前	1	0.001041	0.001899
軍	1	0.001041	0.001842
長	1	0.001041	0.001842
94	1	0.001041	0.001842
88	1	0.001041	0.001842
AA	1	0.001041	0.001792
AC	1	0.001041	0.001769
場	1	0.001041	0.001747
80	1	0.001041	0.001747
出身	1	0.001041	0.001726
89	1	0.001041	0.001726
2008	1	0.001041	0.001705
21	1	0.001041	0.001705
BC	1	0.001041	0.001705
利用	1	0.001041	0.001668
三	1	0.001041	0.001650
前	1	0.001041	0.001650
歴史	1	0.001041	0.001633
間	1	0.001041	0.001633
場合	1	0.001041	0.001617
号	1	0.001041	0.001585
上	1	0.001041	0.001585
等	1	0.001041	0.001570
加筆	1	0.001041	0.001570
訂正	1	0.001041	0.001570
名	1	0.001041	0.001556
二	1	0.001041	0.001516
協力	1	0.001041	0.001503
よう	1	0.001041	0.001433
リンク	1	0.001041	0.001337
目次	1	0.001041	0.001190
関連	1	0.001041	0.001165
/%	1	0.001041	0.001074
http	1	0.001041	0.001046
://	1	0.001041	0.001046
ja	1	0.001041	0.001046
wikipedia	1	0.001041	0.001046
org	1	0.001041	0.001046
wiki	1	0.001041	0.001046
出典	1	0.001041	0.001041
フリー	1	0.001041	0.001041
百科	1	0.001041	0.001041
事典	1	0.001041	0.001041
ウィキペディア	1	0.001041	0.001041
Wikipedia	1	0.001041	0.001041
移動	1	0.001041	0.001041
ナビゲーション	1	0.001041	0.001041
検索	1	0.001041	0.001041
