堆肥	14	0.043614	0.130842
バーク	13	0.040498	0.121494
土壌	9	0.028037	0.084111
発酵	6	0.018692	0.056076
改良	6	0.018692	0.056076
もの	13	0.040498	0.053777
樹木	5	0.015576	0.046728
肥料	5	0.015576	0.046728
乾物	5	0.015576	0.046728
材	5	0.015576	0.039296
樹皮	4	0.012461	0.037383
以上	6	0.018692	0.035254
窒素	3	0.009346	0.028038
成分	3	0.009346	0.025225
品質	3	0.009346	0.025225
植物	3	0.009346	0.023579
効果	3	0.009346	0.021505
性	4	0.012461	0.018977
等	4	0.012461	0.018799
農産物	2	0.006231	0.018693
土中	2	0.006231	0.018693
未熟	2	0.006231	0.018693
粉砕	2	0.006231	0.018693
木質	2	0.006231	0.018693
廃材	2	0.006231	0.018693
生育	2	0.006231	0.018693
NPO	2	0.006231	0.018693
リン	2	0.006231	0.015720
酸	2	0.006231	0.015720
原料	2	0.006231	0.015720
主体	2	0.006231	0.015720
剤	2	0.006231	0.014942
基準	2	0.006231	0.014338
性能	2	0.006231	0.013844
70	2	0.006231	0.013844
販売	2	0.006231	0.013066
建築	2	0.006231	0.013066
率	2	0.006231	0.013066
法人	2	0.006231	0.012747
上記	2	0.006231	0.012462
協会	2	0.006231	0.012462
的	3	0.009346	0.012079
部分	2	0.006231	0.011190
こと	3	0.009346	0.010736
必要	2	0.006231	0.010208
場合	2	0.006231	0.009676
（-	1	0.003115	0.009345
たいひ	1	0.003115	0.009345
植え込み	1	0.003115	0.009345
肥	1	0.003115	0.009345
保水	1	0.003115	0.009345
通気	1	0.003115	0.009345
バランス	1	0.003115	0.009345
抑制	1	0.003115	0.009345
カリウム	1	0.003115	0.009345
適宜	1	0.003115	0.009345
追肥	1	0.003115	0.009345
細心	1	0.003115	0.009345
育苗	1	0.003115	0.009345
培土	1	0.003115	0.009345
リサイクル	1	0.003115	0.009345
一翼	1	0.003115	0.009345
米ぬか	1	0.003115	0.009345
鶏ふん	1	0.003115	0.009345
未満	1	0.003115	0.009345
饑餓	1	0.003115	0.009345
ふん	1	0.003115	0.009345
残	1	0.003115	0.009345
渣	1	0.003115	0.009345
汚泥	1	0.003115	0.009345
剪定	1	0.003115	0.009345
くず	1	0.003115	0.009345
家屋	1	0.003115	0.009345
防腐	1	0.003115	0.009345
クレオソート	1	0.003115	0.009345
まがい物	1	0.003115	0.009345
有機物	1	0.003115	0.009345
含有	1	0.003115	0.009345
炭素	1	0.003115	0.009345
CEC	1	0.003115	0.009345
pH	1	0.003115	0.009345
マイナス	1	0.003115	0.009345
幼	1	0.003115	0.009345
阻害	1	0.003115	0.009345
カリ	1	0.003115	0.009345
最適	1	0.003115	0.009345
使用	2	0.006231	0.009150
よう	2	0.006231	0.008579
皮	1	0.003115	0.008407
植	1	0.003115	0.008407
栽	1	0.003115	0.008407
混合	1	0.003115	0.008407
保	1	0.003115	0.008407
高まり	1	0.003115	0.008407
微生物	1	0.003115	0.008407
連作	1	0.003115	0.008407
微量	1	0.003115	0.008407
家畜	1	0.003115	0.008407
添加	1	0.003115	0.008407
間違い	1	0.003115	0.008407
虫	1	0.003115	0.008407
油	1	0.003115	0.008407
塗布	1	0.003115	0.008407
陽	1	0.003115	0.008407
me	1	0.003115	0.008407
水分	1	0.003115	0.008407
プラス	1	0.003115	0.008407
82	2	0.006231	0.008053
割	1	0.003115	0.007859
障害	1	0.003115	0.007859
補助	1	0.003115	0.007859
幹	1	0.003115	0.007859
昨今	1	0.003115	0.007859
柱	1	0.003115	0.007859
83	2	0.006231	0.007849
ため	2	0.006231	0.007659
改善	1	0.003115	0.007470
食品	1	0.003115	0.007470
類似	1	0.003115	0.007470
差	1	0.003115	0.007470
十分	1	0.003115	0.007470
製造	1	0.003115	0.007470
イオン	1	0.003115	0.007470
容量	1	0.003115	0.007470
日本	2	0.006231	0.007397
育成	1	0.003115	0.007168
土	1	0.003115	0.007168
明確	1	0.003115	0.007168
選択	1	0.003115	0.007168
異常	1	0.003115	0.007168
品	1	0.003115	0.006921
雨	1	0.003115	0.006921
安全	1	0.003115	0.006921
交換	1	0.003115	0.006921
試験	1	0.003115	0.006921
範囲	1	0.003115	0.006921
注意	1	0.003115	0.006713
比	1	0.003115	0.006713
独自	1	0.003115	0.006713
農業	1	0.003115	0.006713
採用	1	0.003115	0.006532
年	2	0.006231	0.006486
程度	1	0.003115	0.006373
編集	2	0.006231	0.006341
近年	1	0.003115	0.006230
類	1	0.003115	0.006230
物	1	0.003115	0.006230
35	1	0.003115	0.006101
花	1	0.003115	0.005983
技術	1	0.003115	0.005983
発生	1	0.003115	0.005875
自身	1	0.003115	0.005875
事業	1	0.003115	0.005875
基本	1	0.003115	0.005875
全国	1	0.003115	0.005875
60	1	0.003115	0.005875
AF	1	0.003115	0.005875
86	1	0.003115	0.005875
以下	1	0.003115	0.005775
100	1	0.003115	0.005681
結果	1	0.003115	0.005594
その他	1	0.003115	0.005512
可能	1	0.003115	0.005292
90	1	0.003115	0.005103
BC	1	0.003115	0.005103
それ	1	0.003115	0.004744
時	1	0.003115	0.004699
これ	1	0.003115	0.004389
現在	1	0.003115	0.004195
外部	1	0.003115	0.004080
リンク	1	0.003115	0.004000
/%	1	0.003115	0.003213
http	1	0.003115	0.003129
://	1	0.003115	0.003129
ja	1	0.003115	0.003129
wikipedia	1	0.003115	0.003129
org	1	0.003115	0.003129
wiki	1	0.003115	0.003129
作成	1	0.003115	0.003129
カテゴリ	1	0.003115	0.003129
出典	1	0.003115	0.003115
フリー	1	0.003115	0.003115
百科	1	0.003115	0.003115
事典	1	0.003115	0.003115
ウィキペディア	1	0.003115	0.003115
Wikipedia	1	0.003115	0.003115
移動	1	0.003115	0.003115
ナビゲーション	1	0.003115	0.003115
検索	1	0.003115	0.003115
