島崎	28	0.032520	0.087771
音楽	24	0.027875	0.053543
明治	18	0.020906	0.040157
オルガン	11	0.012776	0.038328
年	24	0.027875	0.029017
作曲	11	0.012776	0.027531
唱歌	8	0.009292	0.025079
赤	8	0.009292	0.021381
太郎	8	0.009292	0.020645
昭和	10	0.011614	0.019486
文部省	6	0.006969	0.018809
編纂	6	0.006969	0.018809
東京	9	0.010453	0.018238
留学	6	0.006969	0.017582
教育	8	0.009292	0.017525
共益	5	0.005807	0.017421
商社	5	0.005807	0.017421
尋常	5	0.005807	0.017421
田村	5	0.005807	0.017421
ペリ	5	0.005807	0.017421
学校	8	0.009292	0.016443
帰国	5	0.005807	0.015673
伴奏	4	0.004646	0.013938
小学	5	0.005807	0.013925
伝聞	4	0.004646	0.012539
歌	5	0.005807	0.012514
田辺	4	0.004646	0.011721
著作	4	0.004646	0.011141
確認	4	0.004646	0.010691
こと	8	0.009292	0.010674
伝記	3	0.003484	0.010452
譜	3	0.003484	0.010452
尚雄	3	0.003484	0.010452
考	3	0.003484	0.010452
史	5	0.005807	0.010132
委員	4	0.004646	0.009742
期	4	0.004646	0.009505
虎	3	0.003484	0.009403
ノエル	3	0.003484	0.009403
月	7	0.008130	0.009193
教会	3	0.003484	0.008790
蔵	3	0.003484	0.008790
福井	3	0.003484	0.008354
日本	6	0.006969	0.008273
秋	3	0.003484	0.008017
支援	3	0.003484	0.007508
記述	3	0.003484	0.007127
編集	6	0.006969	0.007093
叙勲	2	0.002323	0.006969
ルドルフ・ディットリヒ	2	0.002323	0.006969
母校	2	0.002323	0.006969
出国	2	0.002323	0.006969
ライプツィヒ	2	0.002323	0.006969
廉太郎	2	0.002323	0.006969
白井	2	0.002323	0.006969
教則	2	0.002323	0.006969
詳解	2	0.002323	0.006969
吉丸	2	0.002323	0.006969
一昌	2	0.002323	0.006969
校閲	2	0.002323	0.006969
励	2	0.002323	0.006969
理平	2	0.002323	0.006969
ノエル・ペリ	2	0.002323	0.006969
ストライキ	2	0.002323	0.006969
北村	2	0.002323	0.006969
協会	3	0.003484	0.006968
ら	3	0.003484	0.006354
中	4	0.004646	0.006349
瀧	2	0.002323	0.006270
教師	2	0.002323	0.006270
岡野	2	0.002323	0.006270
貞一	2	0.002323	0.006270
中田	2	0.002323	0.006270
楽譜	2	0.002323	0.006270
引用	2	0.002323	0.006270
風評	2	0.002323	0.006270
赤井	2	0.002323	0.006270
カトリック	2	0.002323	0.006270
遠藤	2	0.002323	0.006270
宏	2	0.002323	0.006270
両論	2	0.002323	0.006270
史料	2	0.002323	0.006270
編	4	0.004646	0.006169
文化	3	0.003484	0.006165
文献	3	0.003484	0.005919
略歴	2	0.002323	0.005861
尽力	2	0.002323	0.005861
キリスト	2	0.002323	0.005861
うえ	2	0.002323	0.005861
後	4	0.004646	0.005852
教授	2	0.002323	0.005570
理論	2	0.002323	0.005570
教科書	2	0.002323	0.005570
人形	2	0.002323	0.005570
直	2	0.002323	0.005570
中村	2	0.002323	0.005570
者	4	0.004646	0.005515
日	4	0.004646	0.005424
父親	2	0.002323	0.005345
教	2	0.002323	0.005345
家	3	0.003484	0.005256
人物	3	0.003484	0.005256
1933	2	0.002323	0.005161
入学	2	0.002323	0.005161
中期	2	0.002323	0.005161
従来	2	0.002323	0.005161
二	3	0.003484	0.005072
注意	2	0.002323	0.005006
発行	2	0.002323	0.005006
資料	2	0.002323	0.005006
重要	2	0.002323	0.004871
1934	2	0.002323	0.004871
批判	2	0.002323	0.004871
の	3	0.003484	0.004797
章	2	0.002323	0.004752
事実	2	0.002323	0.004752
点	2	0.002323	0.004646
元	2	0.002323	0.004646
時期	2	0.002323	0.004646
出版	2	0.002323	0.004550
物語	2	0.002323	0.004550
曲	2	0.002323	0.004462
大正	2	0.002323	0.004462
記録	2	0.002323	0.004462
事件	2	0.002323	0.004462
形	2	0.002323	0.004381
国際	2	0.002323	0.004381
担当	2	0.002323	0.004307
ISBN	2	0.002323	0.004237
ほか	2	0.002323	0.003998
版	2	0.002323	0.003998
公式	2	0.002323	0.003998
社	2	0.002323	0.003998
可能	2	0.002323	0.003947
参考	2	0.002323	0.003897
当時	2	0.002323	0.003851
必要	2	0.002323	0.003806
会	2	0.002323	0.003763
三	2	0.002323	0.003682
歴史	2	0.002323	0.003644
上	2	0.002323	0.003538
号	2	0.002323	0.003538
等	2	0.002323	0.003505
1874	1	0.001161	0.003483
奏者	1	0.001161	0.003483
入船	1	0.001161	0.003483
ごろ	1	0.001161	0.003483
内国	1	0.001161	0.003483
勧業	1	0.001161	0.003483
藝	1	0.001161	0.003483
作之助	1	0.001161	0.003483
昭憲皇太后	1	0.001161	0.003483
御前	1	0.001161	0.003483
1902	1	0.001161	0.003483
給費	1	0.001161	0.003483
王立	1	0.001161	0.003483
アルトゥール・ニキシュ	1	0.001161	0.003483
校長	1	0.001161	0.003483
パウル・ホーマイエル	1	0.001161	0.003483
視学	1	0.001161	0.003483
主任	1	0.001161	0.003483
選曲	1	0.001161	0.003483
年初	1	0.001161	0.003483
146	1	0.001161	0.003483
重鎮	1	0.001161	0.003483
大正天皇	1	0.001161	0.003483
大礼	1	0.001161	0.003483
奉祝	1	0.001161	0.003483
合唱	1	0.001161	0.003483
退職	1	0.001161	0.003483
芝	1	0.001161	0.003483
西南学院大学	1	0.001161	0.003483
立教大学	1	0.001161	0.003483
校歌	1	0.001161	0.003483
摂政	1	0.001161	0.003483
御製	1	0.001161	0.003483
最上川	1	0.001161	0.003483
フーガ	1	0.001161	0.003483
』(	1	0.001161	0.003483
)、『	1	0.001161	0.003483
楽典	1	0.001161	0.003483
ザーロモン・ヤーダスゾーン	1	0.001161	0.003483
音楽家	1	0.001161	0.003483
潔	1	0.001161	0.003483
早春	1	0.001161	0.003483
賦	1	0.001161	0.003483
新作	1	0.001161	0.003483
序文	1	0.001161	0.003483
綿密	1	0.001161	0.003483
評釈	1	0.001161	0.003483
説明	1	0.001161	0.003483
実名	1	0.001161	0.003483
王冠	1	0.001161	0.003483
瑞宝章	1	0.001161	0.003483
派閥	1	0.001161	0.003483
当事者	1	0.001161	0.003483
1904	1	0.001161	0.003483
俗説	1	0.001161	0.003483
功労	1	0.001161	0.003483
乗船	1	0.001161	0.003483
官報	1	0.001161	0.003483
実家	1	0.001161	0.003483
収入	1	0.001161	0.003483
直弟子	1	0.001161	0.003483
草川	1	0.001161	0.003483
宣雄	1	0.001161	0.003483
追悼	1	0.001161	0.003483
鍵	1	0.001161	0.003483
軋轢	1	0.001161	0.003483
整合	1	0.001161	0.003483
未成年	1	0.001161	0.003483
晴	1	0.001161	0.003483
停学	1	0.001161	0.003483
有識者	1	0.001161	0.003483
事前	1	0.001161	0.003483
密告	1	0.001161	0.003483
無視	1	0.001161	0.003483
精密	1	0.001161	0.003483
動乱	1	0.001161	0.003483
書物	1	0.001161	0.003483
安易	1	0.001161	0.003483
慎重	1	0.001161	0.003483
吟味	1	0.001161	0.003483
不確か	1	0.001161	0.003483
普遍	1	0.001161	0.003483
弓	1	0.001161	0.003483
7872	1	0.001161	0.003483
7216	1	0.001161	0.003483
本邦	1	0.001161	0.003483
小松	1	0.001161	0.003483
耕	1	0.001161	0.003483
輔	1	0.001161	0.003483
音楽之友社	1	0.001161	0.003483
洋楽	1	0.001161	0.003483
大空	1	0.001161	0.003483
7568	1	0.001161	0.003483
0236	1	0.001161	0.003483
3073	1	0.001161	0.003483
オルガニスト	1	0.001161	0.003483
東京芸術大学	1	0.001161	0.003483
在外	1	0.001161	0.003483
よう	2	0.002323	0.003198
ざき	1	0.001161	0.003134
築地	1	0.001161	0.003134
大工	1	0.001161	0.003134
棟梁	1	0.001161	0.003134
クリスチャン	1	0.001161	0.003134
博覧	1	0.001161	0.003134
術	1	0.001161	0.003134
専修	1	0.001161	0.003134
小山	1	0.001161	0.003134
留学生	1	0.001161	0.003134
1906	1	0.001161	0.003134
1899	1	0.001161	0.003134
愛宕	1	0.001161	0.003134
皇太子	1	0.001161	0.003134
天皇	1	0.001161	0.003134
楽	1	0.001161	0.003134
辞典	1	0.001161	0.003134
永井	1	0.001161	0.003134
幸次	1	0.001161	0.003134
教え	1	0.001161	0.003134
推薦	1	0.001161	0.003134
ルーマニア	1	0.001161	0.003134
勲	1	0.001161	0.003134
排除	1	0.001161	0.003134
検証	1	0.001161	0.003134
出来事	1	0.001161	0.003134
同僚	1	0.001161	0.003134
先生	1	0.001161	0.003134
辞職	1	0.001161	0.003134
具体	1	0.001161	0.003134
群	1	0.001161	0.003134
告発	1	0.001161	0.003134
季	1	0.001161	0.003134
再考	1	0.001161	0.003134
確立	1	0.001161	0.003134
併記	1	0.001161	0.003134
立場	1	0.001161	0.003134
本文	1	0.001161	0.003134
追記	1	0.001161	0.003134
青	1	0.001161	0.003134
現在	2	0.002323	0.003129
的	2	0.002323	0.003002
あか	1	0.001161	0.002929
熊	1	0.001161	0.002929
出品	1	0.001161	0.002929
1893	1	0.001161	0.002929
1901	1	0.001161	0.002929
普及	1	0.001161	0.002929
葬儀	1	0.001161	0.002929
山形	1	0.001161	0.002929
県民	1	0.001161	0.002929
浄土真宗	1	0.001161	0.002929
真宗	1	0.001161	0.002929
訳書	1	0.001161	0.002929
遺族	1	0.001161	0.002929
武士	1	0.001161	0.002929
史家	1	0.001161	0.002929
名簿	1	0.001161	0.002929
邪魔	1	0.001161	0.002929
友	1	0.001161	0.002929
故人	1	0.001161	0.002929
業績	1	0.001161	0.002929
発掘	1	0.001161	0.002929
徹底	1	0.001161	0.002929
人	2	0.002323	0.002926
しま	1	0.001161	0.002784
生まれ	1	0.001161	0.002784
郎	1	0.001161	0.002784
一家	1	0.001161	0.002784
病気	1	0.001161	0.002784
中学	1	0.001161	0.002784
貢献	1	0.001161	0.002784
著書	1	0.001161	0.002784
信	1	0.001161	0.002784
民間	1	0.001161	0.002784
明記	1	0.001161	0.002784
歌詞	1	0.001161	0.002784
1917	1	0.001161	0.002784
勲章	1	0.001161	0.002784
正確	1	0.001161	0.002784
処分	1	0.001161	0.002784
勤務	1	0.001161	0.002784
相互	1	0.001161	0.002784
教員	1	0.001161	0.002784
演奏	1	0.001161	0.002671
指揮	1	0.001161	0.002671
連絡	1	0.001161	0.002671
元年	1	0.001161	0.002671
明確	1	0.001161	0.002671
記載	1	0.001161	0.002671
源	1	0.001161	0.002671
授業	1	0.001161	0.002671
永	1	0.001161	0.002671
信濃	1	0.001161	0.002671
伝	1	0.001161	0.002671
前述	1	0.001161	0.002671
傾向	1	0.001161	0.002671
整理	1	0.001161	0.002671
都	1	0.001161	0.002671
39	1	0.001161	0.002580
結婚	1	0.001161	0.002580
達成	1	0.001161	0.002580
声	1	0.001161	0.002580
交換	1	0.001161	0.002580
宗	1	0.001161	0.002580
翻訳	1	0.001161	0.002580
意識	1	0.001161	0.002580
夫人	1	0.001161	0.002580
被害	1	0.001161	0.002580
新た	1	0.001161	0.002580
像	1	0.001161	0.002580
日本人	1	0.001161	0.002580
1930	1	0.001161	0.002502
1927	1	0.001161	0.002502
巻	1	0.001161	0.002502
掲載	1	0.001161	0.002502
1928	1	0.001161	0.002502
反対	1	0.001161	0.002502
37	1	0.001161	0.002502
外国	1	0.001161	0.002502
自体	1	0.001161	0.002502
博士	1	0.001161	0.002502
主要	1	0.001161	0.002502
1952	1	0.001161	0.002502
交流	1	0.001161	0.002502
ドイツ	1	0.001161	0.002435
院	1	0.001161	0.002435
井上	1	0.001161	0.002435
彼ら	1	0.001161	0.002435
集	1	0.001161	0.002435
対立	1	0.001161	0.002435
著	1	0.001161	0.002435
卒業	1	0.001161	0.002375
34	1	0.001161	0.002375
もと	1	0.001161	0.002375
米	1	0.001161	0.002375
四	1	0.001161	0.002375
就任	1	0.001161	0.002375
1941	1	0.001161	0.002375
32	1	0.001161	0.002322
語	1	0.001161	0.002322
上記	1	0.001161	0.002322
一つ	1	0.001161	0.002322
計画	1	0.001161	0.002322
現代	1	0.001161	0.002322
近年	1	0.001161	0.002322
35	1	0.001161	0.002274
年間	1	0.001161	0.002274
1936	1	0.001161	0.002274
影響	1	0.001161	0.002274
当初	1	0.001161	0.002274
没	1	0.001161	0.002274
23	1	0.001161	0.002230
専門	1	0.001161	0.002230
金	1	0.001161	0.002230
書	1	0.001161	0.002230
花	1	0.001161	0.002230
夏	1	0.001161	0.002190
同年	1	0.001161	0.002190
権	1	0.001161	0.002190
初期	1	0.001161	0.002190
以上	1	0.001161	0.002190
側	1	0.001161	0.002190
1995	1	0.001161	0.002190
1996	1	0.001161	0.002190
大学	1	0.001161	0.002152
種	1	0.001161	0.002152
以下	1	0.001161	0.002152
法	1	0.001161	0.002118
内容	1	0.001161	0.002118
頃	1	0.001161	0.002118
町	1	0.001161	0.002085
参照	1	0.001161	0.002085
学	1	0.001161	0.002085
結果	1	0.001161	0.002085
本	1	0.001161	0.002054
26	1	0.001161	0.002026
一般	1	0.001161	0.001998
AA	1	0.001161	0.001998
19	1	0.001161	0.001973
年代	1	0.001161	0.001924
出身	1	0.001161	0.001924
部	1	0.001161	0.001881
数	1	0.001161	0.001840
関係	1	0.001161	0.001840
前	1	0.001161	0.001840
13	1	0.001161	0.001821
間	1	0.001161	0.001821
国	1	0.001161	0.001803
それ	1	0.001161	0.001768
性	1	0.001161	0.001768
時	1	0.001161	0.001752
15	1	0.001161	0.001736
名	1	0.001161	0.001736
使用	1	0.001161	0.001705
20	1	0.001161	0.001690
時代	1	0.001161	0.001636
これ	1	0.001161	0.001636
11	1	0.001161	0.001623
83	1	0.001161	0.001462
ため	1	0.001161	0.001427
目次	1	0.001161	0.001327
表示	1	0.001161	0.001327
/%	1	0.001161	0.001198
http	1	0.001161	0.001166
://	1	0.001161	0.001166
ja	1	0.001161	0.001166
wikipedia	1	0.001161	0.001166
org	1	0.001161	0.001166
wiki	1	0.001161	0.001166
作成	1	0.001161	0.001166
カテゴリ	1	0.001161	0.001166
出典	1	0.001161	0.001161
フリー	1	0.001161	0.001161
百科	1	0.001161	0.001161
事典	1	0.001161	0.001161
ウィキペディア	1	0.001161	0.001161
Wikipedia	1	0.001161	0.001161
移動	1	0.001161	0.001161
ナビゲーション	1	0.001161	0.001161
検索	1	0.001161	0.001161
