清泉女子大学	19	0.013778	0.041334
清泉	16	0.011603	0.034809
科	22	0.015954	0.034379
年	44	0.031907	0.033214
学科	15	0.010877	0.025028
大学	17	0.012328	0.022855
人文	10	0.007252	0.021756
奨学	10	0.007252	0.021756
品川	11	0.007977	0.021530
文学	12	0.008702	0.020867
文化	16	0.011603	0.020532
専攻	10	0.007252	0.019573
学	15	0.010877	0.019534
編集	26	0.018854	0.019188
教育	13	0.009427	0.017780
会	15	0.010877	0.017618
課程	10	0.007252	0.017390
スペイン	10	0.007252	0.016687
キャンパス	8	0.005801	0.015657
地球	8	0.005801	0.015657
設置	12	0.008702	0.015628
金	11	0.007977	0.015322
英文	7	0.005076	0.015228
都	9	0.006526	0.015017
東京	11	0.007977	0.013918
研究	10	0.007252	0.013678
島津	6	0.004351	0.013053
聖心	6	0.004351	0.013053
修道	6	0.004351	0.013053
キリスト	7	0.005076	0.012806
研究所	7	0.005076	0.012172
大学院	6	0.004351	0.011743
寮	6	0.004351	0.011743
修士	6	0.004351	0.011743
科学	8	0.005801	0.011362
者	13	0.009427	0.011191
公爵	5	0.003626	0.010878
神奈川	5	0.003626	0.010878
女学院	5	0.003626	0.010878
区	7	0.005076	0.010644
人間	7	0.005076	0.010644
組織	7	0.005076	0.010384
関係	9	0.006526	0.010344
学校	8	0.005801	0.010265
設立	7	0.005076	0.010152
創立	6	0.004351	0.010012
教	6	0.004351	0.010012
線	8	0.005801	0.009856
学院	5	0.003626	0.009786
市民	6	0.004351	0.009376
建	5	0.003626	0.009148
学生	6	0.004351	0.009124
活動	7	0.005076	0.008737
文学部	4	0.002901	0.008703
理念	4	0.002901	0.008703
侍女	4	0.002901	0.008703
豊か	4	0.002901	0.008703
邸	5	0.003626	0.008695
高等	6	0.004351	0.008206
英語	6	0.004351	0.008066
精神	5	0.003626	0.008056
女子大	4	0.002901	0.007830
横須賀	4	0.002901	0.007830
国文学	4	0.002901	0.007830
言語	5	0.003626	0.007814
日本	9	0.006526	0.007747
市	7	0.005076	0.007730
1950	5	0.003626	0.007603
日本語	5	0.003626	0.007603
史	6	0.004351	0.007591
的	8	0.005801	0.007497
長野	5	0.003626	0.007418
県	7	0.005076	0.007268
学園	4	0.002901	0.006956
センター	5	0.003626	0.006722
思想	4	0.002901	0.006675
東五反田	3	0.002175	0.006525
山手	3	0.002175	0.006525
五反田	3	0.002175	0.006525
機関	5	0.003626	0.006512
徒歩	4	0.002901	0.006446
人	7	0.005076	0.006394
祭	4	0.002901	0.005935
団体	4	0.002901	0.005935
象徴	3	0.002175	0.005870
本館	3	0.002175	0.005870
母体	3	0.002175	0.005870
発足	3	0.002175	0.005870
留学生	3	0.002175	0.005870
語	4	0.002901	0.005802
歴史	5	0.003626	0.005688
JR	4	0.002901	0.005572
私立	3	0.002175	0.005487
附属	3	0.002175	0.005487
科目	3	0.002175	0.005487
国際	4	0.002901	0.005471
学部	3	0.002175	0.005216
人数	3	0.002175	0.005216
卒業生	3	0.002175	0.005216
建物	3	0.002175	0.005005
泉	3	0.002175	0.005005
下車	3	0.002175	0.005005
中	5	0.003626	0.004955
さ	4	0.002901	0.004929
愛	3	0.002175	0.004833
開設	3	0.002175	0.004833
21	4	0.002901	0.004753
女子	3	0.002175	0.004687
交流	3	0.002175	0.004687
全体	3	0.002175	0.004561
制	3	0.002175	0.004561
指定	3	0.002175	0.004561
世界	4	0.002901	0.004551
ため	5	0.003626	0.004457
法人	3	0.002175	0.004450
名称	3	0.002175	0.004450
SEISEN	2	0.001450	0.004350
学内	2	0.001450	0.004350
ヒューマニズム	2	0.001450	0.004350
まこと	2	0.001450	0.004350
エルネスティナ・ラマリョ	2	0.001450	0.004350
女学校	2	0.001450	0.004350
文科	2	0.001450	0.004350
各科	2	0.001450	0.004350
修業	2	0.001450	0.004350
学制	2	0.001450	0.004350
改組	2	0.001450	0.004350
宮前平	2	0.001450	0.004350
大崎	2	0.001450	0.004350
名	4	0.002901	0.004337
サイト	3	0.002175	0.004260
変更	3	0.002175	0.004260
別	3	0.002175	0.004102
時代	4	0.002901	0.004087
生活	3	0.002175	0.004032
所在地	3	0.002175	0.003967
10	4	0.002901	0.003964
概観	2	0.001450	0.003914
校訓	2	0.001450	0.003914
是	2	0.001450	0.003914
サークル	2	0.001450	0.003914
実践	2	0.001450	0.003914
他者	2	0.001450	0.003914
キリスト教	2	0.001450	0.003914
価値	2	0.001450	0.003914
麻布	2	0.001450	0.003914
家政	2	0.001450	0.003914
年限	2	0.001450	0.003914
休校	2	0.001450	0.003914
校舎	2	0.001450	0.003914
全焼	2	0.001450	0.003914
短期	2	0.001450	0.003914
学問	2	0.001450	0.003914
カトリック	2	0.001450	0.003914
駅	3	0.002175	0.003795
公式	3	0.002175	0.003744
施設	3	0.002175	0.003744
略歴	2	0.001450	0.003658
体育	2	0.001450	0.003658
基金	2	0.001450	0.003658
建造	2	0.001450	0.003658
鎌倉	2	0.001450	0.003658
一覧	3	0.002175	0.003605
分	3	0.002175	0.003605
2001	3	0.002175	0.003523
基礎	2	0.001450	0.003477
対外	2	0.001450	0.003477
前身	2	0.001450	0.003477
定員	2	0.001450	0.003477
学習	2	0.001450	0.003477
教授	2	0.001450	0.003477
メートル	2	0.001450	0.003477
16	3	0.002175	0.003344
年表	2	0.001450	0.003336
クラブ	2	0.001450	0.003336
自己	2	0.001450	0.003336
1944	2	0.001450	0.003336
改革	2	0.001450	0.003336
新設	2	0.001450	0.003336
吉田	2	0.001450	0.003336
宗教	2	0.001450	0.003336
こと	4	0.002901	0.003333
性	3	0.002175	0.003312
本部	2	0.001450	0.003222
データ	2	0.001450	0.003222
戦後	2	0.001450	0.003222
意識	2	0.001450	0.003222
美術	2	0.001450	0.003222
1938	2	0.001450	0.003125
姉妹	2	0.001450	0.003125
校	2	0.001450	0.003125
1961	2	0.001450	0.003125
1962	2	0.001450	0.003125
博士	2	0.001450	0.003125
過去	2	0.001450	0.003125
外国	2	0.001450	0.003125
街	2	0.001450	0.003125
移転	2	0.001450	0.003041
よう	3	0.002175	0.002994
の	3	0.002175	0.002994
1941	2	0.001450	0.002966
1989	2	0.001450	0.002966
環境	2	0.001450	0.002966
アクセス	2	0.001450	0.002966
沿革	2	0.001450	0.002900
自然	2	0.001450	0.002900
1945	2	0.001450	0.002900
物	2	0.001450	0.002900
対象	2	0.001450	0.002840
戦争	2	0.001450	0.002840
1994	2	0.001450	0.002840
記念	2	0.001450	0.002840
神	2	0.001450	0.002785
60	2	0.001450	0.002735
形	2	0.001450	0.002735
参加	2	0.001450	0.002688
女性	2	0.001450	0.002688
事	2	0.001450	0.002645
年度	2	0.001450	0.002645
2005	2	0.001450	0.002464
可能	2	0.001450	0.002464
AD	2	0.001450	0.002433
部	2	0.001450	0.002349
せい	1	0.000725	0.002175
ょしだいがく	1	0.000725	0.002175
University	1	0.000725	0.002175
.）	1	0.000725	0.002175
一人ひとり	1	0.000725	0.002175
人格	1	0.000725	0.002175
触れ合い	1	0.000725	0.002175
決断	1	0.000725	0.002175
自国	1	0.000725	0.002175
他国	1	0.000725	0.002175
知	1	0.000725	0.002175
VERITAS	1	0.000725	0.002175
CARITAS	1	0.000725	0.002175
追究	1	0.000725	0.002175
尊厳	1	0.000725	0.002175
確信	1	0.000725	0.002175
主体性	1	0.000725	0.002175
ラファエラ・マリア	1	0.000725	0.002175
1877	1	0.000725	0.002175
マルセイユ	1	0.000725	0.002175
来日	1	0.000725	0.002175
使徒	1	0.000725	0.002175
黙想	1	0.000725	0.002175
集い	1	0.000725	0.002175
三河台在旧志賀直哉邸	1	0.000725	0.002175
単科	1	0.000725	0.002175
駐留	1	0.000725	0.002175
将校	1	0.000725	0.002175
宿舎	1	0.000725	0.002175
接収	1	0.000725	0.002175
日本銀行	1	0.000725	0.002175
三河	1	0.000725	0.002175
激化	1	0.000725	0.002175
停止	1	0.000725	0.002175
校章	1	0.000725	0.002175
輪郭	1	0.000725	0.002175
楯	1	0.000725	0.002175
合	1	0.000725	0.002175
雪子	1	0.000725	0.002175
歌人	1	0.000725	0.002175
佐佐木	1	0.000725	0.002175
脱皮	1	0.000725	0.002175
ネイティヴスピーカー	1	0.000725	0.002175
クラス	1	0.000725	0.002175
学力	1	0.000725	0.002175
夏期	1	0.000725	0.002175
語学	1	0.000725	0.002175
研修	1	0.000725	0.002175
学び	1	0.000725	0.002175
ホームステイ	1	0.000725	0.002175
ラテンアメリカ	1	0.000725	0.002175
蔵書	1	0.000725	0.002175
視野	1	0.000725	0.002175
発想	1	0.000725	0.002175
学際	1	0.000725	0.002175
ボランティア	1	0.000725	0.002175
ウエルネスセンター	1	0.000725	0.002175
月頃	1	0.000725	0.002175
春期	1	0.000725	0.002175
新入生	1	0.000725	0.002175
ガーデン	1	0.000725	0.002175
納付	1	0.000725	0.002175
減免	1	0.000725	0.002175
退学	1	0.000725	0.002175
京浜東北	1	0.000725	0.002175
京浜急行	1	0.000725	0.002175
都営地下鉄	1	0.000725	0.002175
浅草線	1	0.000725	0.002175
東急	1	0.000725	0.002175
池上線	1	0.000725	0.002175
埼京線	1	0.000725	0.002175
活気	1	0.000725	0.002175
閑静	1	0.000725	0.002175
圏内	1	0.000725	0.002175
ジョサイア・コンドル	1	0.000725	0.002175
西洋	1	0.000725	0.002175
趣	1	0.000725	0.002175
重厚	1	0.000725	0.002175
手入れ	1	0.000725	0.002175
庭園	1	0.000725	0.002175
選定	1	0.000725	0.002175
景観	1	0.000725	0.002175
策定	1	0.000725	0.002175
収載	1	0.000725	0.002175
ふう	1	0.000725	0.002175
藩邸	1	0.000725	0.002175
周り	1	0.000725	0.002175
コミュニケーション	1	0.000725	0.001957
et	1	0.000725	0.001957
真理	1	0.000725	0.001957
確立	1	0.000725	0.001957
尊重	1	0.000725	0.001957
マドリード	1	0.000725	0.001957
静	1	0.000725	0.001957
修	1	0.000725	0.001957
GHQ	1	0.000725	0.001957
戦火	1	0.000725	0.001957
川崎	1	0.000725	0.001957
頭文字	1	0.000725	0.001957
鎖	1	0.000725	0.001957
総理	1	0.000725	0.001957
信綱	1	0.000725	0.001957
松島	1	0.000725	0.001957
女史	1	0.000725	0.001957
陣	1	0.000725	0.001957
思い	1	0.000725	0.001957
考察	1	0.000725	0.001957
観点	1	0.000725	0.001957
愛好	1	0.000725	0.001957
歓迎	1	0.000725	0.001957
パーティ	1	0.000725	0.001957
維持	1	0.000725	0.001957
同窓会	1	0.000725	0.001957
麗	1	0.000725	0.001957
中途	1	0.000725	0.001957
東海道	1	0.000725	0.001957
住宅	1	0.000725	0.001957
都心	1	0.000725	0.001957
ルネサンス	1	0.000725	0.001957
雰囲気	1	0.000725	0.001957
条例	1	0.000725	0.001957
指針	1	0.000725	0.001957
植	1	0.000725	0.001957
栽	1	0.000725	0.001957
仙台	1	0.000725	0.001957
天然記念物	1	0.000725	0.001957
インターナショナル	1	0.000725	0.001957
世田谷	1	0.000725	0.001957
もの	2	0.001450	0.001925
種別	1	0.000725	0.001829
配慮	1	0.000725	0.001829
姉	1	0.000725	0.001829
急速	1	0.000725	0.001829
勃発	1	0.000725	0.001829
空襲	1	0.000725	0.001829
解除	1	0.000725	0.001829
土地	1	0.000725	0.001829
購入	1	0.000725	0.001829
財団	1	0.000725	0.001829
認可	1	0.000725	0.001829
現在地	1	0.000725	0.001829
尽力	1	0.000725	0.001829
未来	1	0.000725	0.001829
レベル	1	0.000725	0.001829
所蔵	1	0.000725	0.001829
フィールドワーク	1	0.000725	0.001829
在籍	1	0.000725	0.001829
会員	1	0.000725	0.001829
側面	1	0.000725	0.001829
各駅	1	0.000725	0.001829
四季	1	0.000725	0.001829
保全	1	0.000725	0.001829
申請	1	0.000725	0.001829
幹	1	0.000725	0.001829
樹齢	1	0.000725	0.001829
推定	1	0.000725	0.001829
閉鎖	1	0.000725	0.001829
短期大学	1	0.000725	0.001829
ウェブサイト	1	0.000725	0.001739
太平洋戦争	1	0.000725	0.001739
転換	1	0.000725	0.001739
相互	1	0.000725	0.001739
茂	1	0.000725	0.001739
海外	1	0.000725	0.001739
達	1	0.000725	0.001739
発祥	1	0.000725	0.001739
永遠	1	0.000725	0.001739
図書館	1	0.000725	0.001739
中島	1	0.000725	0.001739
ビジネス	1	0.000725	0.001739
所在	1	0.000725	0.001739
緑	1	0.000725	0.001739
中学	1	0.000725	0.001739
積極	1	0.000725	0.001668
授業	1	0.000725	0.001668
身	1	0.000725	0.001668
自分	1	0.000725	0.001668
女	1	0.000725	0.001668
育成	1	0.000725	0.001668
制定	1	0.000725	0.001668
募集	1	0.000725	0.001668
作詞	1	0.000725	0.001668
伝統	1	0.000725	0.001668
能力	1	0.000725	0.001668
表現	1	0.000725	0.001668
生涯	1	0.000725	0.001668
秋	1	0.000725	0.001668
丘	1	0.000725	0.001668
イタリア	1	0.000725	0.001668
月	2	0.001450	0.001640
関連	2	0.001450	0.001623
略称	1	0.000725	0.001611
達成	1	0.000725	0.001611
本来	1	0.000725	0.001611
実現	1	0.000725	0.001611
新た	1	0.000725	0.001611
1963	1	0.000725	0.001611
字	1	0.000725	0.001611
夫人	1	0.000725	0.001611
従来	1	0.000725	0.001611
編成	1	0.000725	0.001611
圏	1	0.000725	0.001611
それら	1	0.000725	0.001611
領域	1	0.000725	0.001611
付属	1	0.000725	0.001611
イベント	1	0.000725	0.001611
太郎	1	0.000725	0.001611
木	1	0.000725	0.001611
藩	1	0.000725	0.001611
今日	1	0.000725	0.001611
1935	1	0.000725	0.001562
1953	1	0.000725	0.001562
1978	1	0.000725	0.001562
歌	1	0.000725	0.001562
作曲	1	0.000725	0.001562
春	1	0.000725	0.001562
運用	1	0.000725	0.001562
分野	1	0.000725	0.001562
理解	1	0.000725	0.001562
支援	1	0.000725	0.001562
リスト	1	0.000725	0.001562
1934	1	0.000725	0.001520
百	1	0.000725	0.001520
共同	1	0.000725	0.001520
氏	1	0.000725	0.001520
院	1	0.000725	0.001520
各地	1	0.000725	0.001520
委員	1	0.000725	0.001520
毎年	1	0.000725	0.001520
制度	1	0.000725	0.001520
山	1	0.000725	0.001520
建築	1	0.000725	0.001520
設計	1	0.000725	0.001520
卒業	1	0.000725	0.001483
体	1	0.000725	0.001483
程度	1	0.000725	0.001483
国内	1	0.000725	0.001483
開催	1	0.000725	0.001483
詳細	1	0.000725	0.001483
イギリス	1	0.000725	0.001483
時期	1	0.000725	0.001450
1997	1	0.000725	0.001450
意味	1	0.000725	0.001450
特徴	1	0.000725	0.001450
風	1	0.000725	0.001450
近年	1	0.000725	0.001450
200	1	0.000725	0.001450
管理	1	0.000725	0.001420
1986	1	0.000725	0.001420
1993	1	0.000725	0.001420
依頼	1	0.000725	0.001420
1936	1	0.000725	0.001420
年間	1	0.000725	0.001420
発展	1	0.000725	0.001420
保護	1	0.000725	0.001420
通称	1	0.000725	0.001420
小学校	1	0.000725	0.001420
1992	1	0.000725	0.001393
花	1	0.000725	0.001393
子	1	0.000725	0.001393
音楽	1	0.000725	0.001393
路線	1	0.000725	0.001393
大正	1	0.000725	0.001393
誕生	1	0.000725	0.001367
台	1	0.000725	0.001367
1996	1	0.000725	0.001367
地域	1	0.000725	0.001367
担当	1	0.000725	0.001344
多数	1	0.000725	0.001344
構成	1	0.000725	0.001344
法	1	0.000725	0.001322
1998	1	0.000725	0.001322
問題	1	0.000725	0.001322
頃	1	0.000725	0.001322
参照	1	0.000725	0.001302
館	1	0.000725	0.001302
下	1	0.000725	0.001283
軍	1	0.000725	0.001283
社会	1	0.000725	0.001283
歴	1	0.000725	0.001265
型	1	0.000725	0.001265
25	1	0.000725	0.001265
85	1	0.000725	0.001265
系	1	0.000725	0.001265
ほか	1	0.000725	0.001248
2002	1	0.000725	0.001248
交通	1	0.000725	0.001248
次	1	0.000725	0.001216
89	1	0.000725	0.001202
必要	1	0.000725	0.001188
情報	1	0.000725	0.001188
90	1	0.000725	0.001188
内	1	0.000725	0.001174
存在	1	0.000725	0.001137
上	1	0.000725	0.001104
人物	1	0.000725	0.001094
家	1	0.000725	0.001094
時	1	0.000725	0.001094
15	1	0.000725	0.001084
使用	1	0.000725	0.001065
記事	1	0.000725	0.001065
20	1	0.000725	0.001056
協力	1	0.000725	0.001047
これ	1	0.000725	0.001021
11	1	0.000725	0.001014
話	1	0.000725	0.000983
表	1	0.000725	0.000976
現在	1	0.000725	0.000976
・	1	0.000725	0.000970
編	1	0.000725	0.000963
後	1	0.000725	0.000913
目次	1	0.000725	0.000828
表示	1	0.000725	0.000828
/%	1	0.000725	0.000748
http	1	0.000725	0.000728
://	1	0.000725	0.000728
ja	1	0.000725	0.000728
wikipedia	1	0.000725	0.000728
org	1	0.000725	0.000728
wiki	1	0.000725	0.000728
作成	1	0.000725	0.000728
カテゴリ	1	0.000725	0.000728
出典	1	0.000725	0.000725
フリー	1	0.000725	0.000725
百科	1	0.000725	0.000725
事典	1	0.000725	0.000725
ウィキペディア	1	0.000725	0.000725
Wikipedia	1	0.000725	0.000725
移動	1	0.000725	0.000725
ナビゲーション	1	0.000725	0.000725
検索	1	0.000725	0.000725
