乃木	21	0.046771	0.140313
神社	13	0.028953	0.062391
--	9	0.020045	0.060135
京都	9	0.020045	0.038503
将軍	6	0.013363	0.033713
府	6	0.013363	0.028021
露	4	0.008909	0.024045
創建	4	0.008909	0.022476
現地	4	0.008909	0.022476
希典	3	0.006682	0.020046
璞号	3	0.006682	0.020046
壽	3	0.006682	0.018035
戦争	4	0.008909	0.017449
年	7	0.015590	0.016229
藩	3	0.006682	0.014846
市	4	0.008909	0.013567
陵	2	0.004454	0.013362
麓	2	0.004454	0.013362
京阪	2	0.004454	0.013362
明治天皇	2	0.004454	0.013362
愛馬	2	0.004454	0.013362
ステッセル	2	0.004454	0.013362
吾妻	2	0.004454	0.013362
日	5	0.011136	0.013001
こと	5	0.011136	0.012792
とき	3	0.006682	0.012187
伏見	2	0.004454	0.012021
社格	2	0.004454	0.012021
もの	4	0.008909	0.011830
社	3	0.006682	0.011501
ロシア	2	0.004454	0.011237
台湾	2	0.004454	0.010680
建物	2	0.004454	0.010249
号	3	0.006682	0.010176
等	3	0.006682	0.010081
1916	2	0.004454	0.009896
心	2	0.004454	0.009896
秒	2	0.004454	0.009598
区	2	0.004454	0.009340
会社	2	0.004454	0.009340
アクセス	2	0.004454	0.009112
編集	4	0.008909	0.009067
鉄道	2	0.004454	0.008908
はじめ	2	0.004454	0.008724
江戸	2	0.004454	0.008724
大阪	2	0.004454	0.008724
大正	2	0.004454	0.008555
館	2	0.004454	0.007999
長	2	0.004454	0.007882
軍	2	0.004454	0.007882
駅	2	0.004454	0.007771
度	2	0.004454	0.007666
施設	2	0.004454	0.007666
線	2	0.004454	0.007567
月	3	0.006682	0.007556
際	2	0.004454	0.007473
分	2	0.004454	0.007383
出身	2	0.004454	0.007383
時	2	0.004454	0.006719
桃山町板倉周防	1	0.002227	0.006681
56	1	0.002227	0.006681
ぎじんじゃ	1	0.002227	0.006681
伏見桃山	1	0.002227	0.006681
天皇陵	1	0.002227	0.006681
村野	1	0.002227	0.006681
山人	1	0.002227	0.006681
取締役	1	0.002227	0.006681
大葬	1	0.002227	0.006681
参列	1	0.002227	0.006681
殉死	1	0.002227	0.006681
衝撃	1	0.002227	0.006681
感銘	1	0.002227	0.006681
周忌	1	0.002227	0.006681
私財	1	0.002227	0.006681
人となり	1	0.002227	0.006681
由縁	1	0.002227	0.006681
摂社	1	0.002227	0.006681
静子	1	0.002227	0.006681
神門	1	0.002227	0.006681
檜	1	0.002227	0.006681
大木	1	0.002227	0.006681
逸話	1	0.002227	0.006681
社頭	1	0.002227	0.006681
提言	1	0.002227	0.006681
閉門	1	0.002227	0.006681
蟄居	1	0.002227	0.006681
国元	1	0.002227	0.006681
住まい	1	0.002227	0.006681
家主	1	0.002227	0.006681
移築	1	0.002227	0.006681
漣	1	0.002227	0.006681
痕	1	0.002227	0.006681
化石	1	0.002227	0.006681
珪岩	1	0.002227	0.006681
宝物	1	0.002227	0.006681
直筆	1	0.002227	0.006681
親交	1	0.002227	0.006681
景仰	1	0.002227	0.006681
終結	1	0.002227	0.006681
捕虜	1	0.002227	0.006681
浜寺	1	0.002227	0.006681
護送	1	0.002227	0.006681
感服	1	0.002227	0.006681
徳富	1	0.002227	0.006681
蘇峰	1	0.002227	0.006681
揮毫	1	0.002227	0.006681
錨	1	0.002227	0.006681
熱願	1	0.002227	0.006681
貞行	1	0.002227	0.006681
梶	1	0.002227	0.006681
佐太郎	1	0.002227	0.006681
大瓶	1	0.002227	0.006681
七宝焼	1	0.002227	0.006681
祐一	1	0.002227	0.006681
柚	1	0.002227	0.006681
大塚	1	0.002227	0.006681
漁船	1	0.002227	0.006681
藤木	1	0.002227	0.006681
康成	1	0.002227	0.006681
米搗き	1	0.002227	0.006681
桃山御陵前	1	0.002227	0.006681
主祭	1	0.002227	0.006011
例祭	1	0.002227	0.006011
門司	1	0.002227	0.006011
摂津	1	0.002227	0.006011
南海	1	0.002227	0.006011
歴任	1	0.002227	0.006011
夫妻	1	0.002227	0.006011
後世	1	0.002227	0.006011
高揚	1	0.002227	0.006011
静	1	0.002227	0.006011
魂	1	0.002227	0.006011
切り出し	1	0.002227	0.006011
銅像	1	0.002227	0.006011
麻布	1	0.002227	0.006011
毛利	1	0.002227	0.006011
藩士	1	0.002227	0.006011
再現	1	0.002227	0.006011
腰	1	0.002227	0.006011
部下	1	0.002227	0.006011
手紙	1	0.002227	0.006011
碑	1	0.002227	0.006011
折	1	0.002227	0.006011
味方	1	0.002227	0.006011
会見	1	0.002227	0.006011
女史	1	0.002227	0.006011
装甲	1	0.002227	0.006011
巡洋艦	1	0.002227	0.006011
モニュメント	1	0.002227	0.006011
安置	1	0.002227	0.006011
後藤	1	0.002227	0.006011
疾走	1	0.002227	0.006011
小倉	1	0.002227	0.006011
胸像	1	0.002227	0.006011
桃山	1	0.002227	0.006011
府県	1	0.002227	0.006011
外部	2	0.004454	0.005834
リンク	2	0.004454	0.005719
建立	1	0.002227	0.005618
薩摩	1	0.002227	0.005618
山陽	1	0.002227	0.005618
電車	1	0.002227	0.005618
樹齢	1	0.002227	0.005618
幹	1	0.002227	0.005618
大門	1	0.002227	0.005618
白馬	1	0.002227	0.005618
馬	1	0.002227	0.005618
幼少	1	0.002227	0.005618
武士	1	0.002227	0.005618
藩主	1	0.002227	0.005618
要請	1	0.002227	0.005618
民家	1	0.002227	0.005618
成	1	0.002227	0.005618
遺族	1	0.002227	0.005618
従軍	1	0.002227	0.005618
慰霊	1	0.002227	0.005618
移設	1	0.002227	0.005618
彫刻	1	0.002227	0.005618
芳	1	0.002227	0.005618
近鉄	1	0.002227	0.005618
83	2	0.004454	0.005610
135	1	0.002227	0.005340
大人	1	0.002227	0.005340
霊	1	0.002227	0.005340
総督	1	0.002227	0.005340
邸	1	0.002227	0.005340
希	1	0.002227	0.005340
幹部	1	0.002227	0.005340
一家	1	0.002227	0.005340
司令	1	0.002227	0.005340
親	1	0.002227	0.005340
敵	1	0.002227	0.005340
引退	1	0.002227	0.005340
海軍	1	0.002227	0.005340
東経	1	0.002227	0.005124
改革	1	0.002227	0.005124
身	1	0.002227	0.005124
隣	1	0.002227	0.005124
模様	1	0.002227	0.005124
活躍	1	0.002227	0.005124
項目	2	0.004454	0.005089
関連	2	0.004454	0.004985
46	1	0.002227	0.004948
命	1	0.002227	0.004948
豊	1	0.002227	0.004948
日本人	1	0.002227	0.004948
精神	1	0.002227	0.004948
夫人	1	0.002227	0.004948
千	1	0.002227	0.004948
億	1	0.002227	0.004948
息子	1	0.002227	0.004948
明	1	0.002227	0.004948
像	1	0.002227	0.004948
奈良	1	0.002227	0.004948
北緯	1	0.002227	0.004799
55	1	0.002227	0.004799
職	1	0.002227	0.004799
人々	1	0.002227	0.004799
石	1	0.002227	0.004799
少年	1	0.002227	0.004799
_(%	1	0.002227	0.004799
鹿児島	1	0.002227	0.004670
全体	1	0.002227	0.004670
34	1	0.002227	0.004556
父	1	0.002227	0.004556
著名	1	0.002227	0.004556
BD	1	0.002227	0.004556
代表	1	0.002227	0.004454
物	1	0.002227	0.004454
35	1	0.002227	0.004362
ところ	1	0.002227	0.004362
記念	1	0.002227	0.004362
形成	1	0.002227	0.004362
依頼	1	0.002227	0.004362
神	1	0.002227	0.004278
明治	1	0.002227	0.004278
子	1	0.002227	0.004278
書	1	0.002227	0.004278
)」	1	0.002227	0.004278
代	1	0.002227	0.004200
以上	1	0.002227	0.004200
別	1	0.002227	0.004200
BE	1	0.002227	0.004200
位置	1	0.002227	0.004129
州	1	0.002227	0.004129
多数	1	0.002227	0.004129
所在地	1	0.002227	0.004062
ここ	1	0.002227	0.003999
多く	1	0.002227	0.003999
中心	1	0.002227	0.003941
その他	1	0.002227	0.003941
歴	1	0.002227	0.003886
19	1	0.002227	0.003784
BA	1	0.002227	0.003784
AC	1	0.002227	0.003784
場	1	0.002227	0.003736
次	1	0.002227	0.003736
昭和	1	0.002227	0.003736
作品	1	0.002227	0.003648
部	1	0.002227	0.003607
前	1	0.002227	0.003530
その後	1	0.002227	0.003424
それ	1	0.002227	0.003391
人物	1	0.002227	0.003360
家	1	0.002227	0.003360
使用	1	0.002227	0.003270
協力	1	0.002227	0.003215
県	1	0.002227	0.003189
11	1	0.002227	0.003113
よう	1	0.002227	0.003066
一	1	0.002227	0.003043
話	1	0.002227	0.003021
表	1	0.002227	0.002999
・	1	0.002227	0.002978
編	1	0.002227	0.002957
82	1	0.002227	0.002878
人	1	0.002227	0.002805
後	1	0.002227	0.002805
者	1	0.002227	0.002644
目次	1	0.002227	0.002545
表示	1	0.002227	0.002545
/%	1	0.002227	0.002297
http	1	0.002227	0.002237
://	1	0.002227	0.002237
ja	1	0.002227	0.002237
wikipedia	1	0.002227	0.002237
org	1	0.002227	0.002237
wiki	1	0.002227	0.002237
作成	1	0.002227	0.002237
カテゴリ	1	0.002227	0.002237
出典	1	0.002227	0.002227
フリー	1	0.002227	0.002227
百科	1	0.002227	0.002227
事典	1	0.002227	0.002227
ウィキペディア	1	0.002227	0.002227
Wikipedia	1	0.002227	0.002227
移動	1	0.002227	0.002227
ナビゲーション	1	0.002227	0.002227
検索	1	0.002227	0.002227
