求刑	25	0.045045	0.135135
判決	16	0.028829	0.069130
懲役	14	0.025225	0.060488
論告	8	0.014414	0.043242
年	22	0.039640	0.041264
刑事	8	0.014414	0.038903
地裁	8	0.014414	0.038903
検察官	7	0.012613	0.037839
事件	8	0.014414	0.027687
適用	6	0.010811	0.027275
被告	5	0.009009	0.027027
猶予	5	0.009009	0.027027
死刑	5	0.009009	0.027027
法	7	0.012613	0.023005
手続	4	0.007207	0.021621
裁判官	4	0.007207	0.021621
公訴	4	0.007207	0.021621
法則	4	0.007207	0.021621
訴訟	5	0.009009	0.021603
意見	5	0.009009	0.020730
場合	7	0.012613	0.019586
起訴	4	0.007207	0.019451
証拠	4	0.007207	0.019451
法律	5	0.009009	0.018891
月	9	0.016216	0.018337
執行	4	0.007207	0.018182
裁判	4	0.007207	0.017282
日	8	0.014414	0.016828
公判	3	0.005405	0.016215
量刑	3	0.005405	0.016215
控訴	3	0.005405	0.016215
刑罰	3	0.005405	0.016215
か月	3	0.005405	0.016215
例	4	0.007207	0.015112
実務	3	0.005405	0.014588
こと	7	0.012613	0.014489
上	5	0.009009	0.013720
裁判所	3	0.005405	0.013636
被害	3	0.005405	0.012009
言葉	3	0.005405	0.012009
制度	3	0.005405	0.011334
事実	3	0.005405	0.011057
弁護	2	0.003604	0.010812
検察	2	0.003604	0.010812
調べ	2	0.003604	0.010812
事故	2	0.003604	0.010812
罰金	2	0.003604	0.010812
無期	2	0.003604	0.010812
大阪	3	0.005405	0.010586
刑法	2	0.003604	0.009727
法学	2	0.003604	0.009727
27	3	0.005405	0.009707
法令	2	0.003604	0.009092
違法	2	0.003604	0.009092
無罪	2	0.003604	0.009092
強盗	2	0.003604	0.009092
殺人	2	0.003604	0.009092
人	4	0.007207	0.009078
者	4	0.007207	0.008555
強制	2	0.003604	0.008293
死亡	2	0.003604	0.008293
項目	4	0.007207	0.008235
関連	4	0.007207	0.008066
1957	2	0.003604	0.008008
解説	2	0.003604	0.007766
円	2	0.003604	0.007766
10	3	0.005405	0.007386
主義	2	0.003604	0.007373
編集	4	0.007207	0.007335
員	2	0.003604	0.007059
男	2	0.003604	0.007059
歳	2	0.003604	0.006472
万	2	0.003604	0.006377
交通	2	0.003604	0.006203
概要	2	0.003604	0.005904
脚注	2	0.003604	0.005774
2007	2	0.003604	0.005653
被疑	1	0.001802	0.005406
国選	1	0.001802	0.005406
司法	1	0.001802	0.005406
令状	1	0.001802	0.005406
勾留	1	0.001802	0.005406
捜索	1	0.001802	0.005406
差押え	1	0.001802	0.005406
告訴	1	0.001802	0.005406
自首	1	0.001802	0.005406
時効	1	0.001802	0.005406
訴因	1	0.001802	0.005406
審判	1	0.001802	0.005406
保釈	1	0.001802	0.005406
罪状	1	0.001802	0.005406
認否	1	0.001802	0.005406
黙秘	1	0.001802	0.005406
自白	1	0.001802	0.005406
弁論	1	0.001802	0.005406
有罪	1	0.001802	0.005406
免訴	1	0.001802	0.005406
上告	1	0.001802	0.005406
再審	1	0.001802	0.005406
一事	1	0.001802	0.005406
刑	1	0.001802	0.005406
293	1	0.001802	0.005406
陳述	1	0.001802	0.005406
無実	1	0.001802	0.005406
心神耗弱	1	0.001802	0.005406
心神喪失	1	0.001802	0.005406
含意	1	0.001802	0.005406
諸般	1	0.001802	0.005406
法条	1	0.001802	0.005406
思料	1	0.001802	0.005406
遣い	1	0.001802	0.005406
マスメディア	1	0.001802	0.005406
専権	1	0.001802	0.005406
拘束	1	0.001802	0.005406
相場	1	0.001802	0.005406
実刑	1	0.001802	0.005406
掛け	1	0.001802	0.005406
目安	1	0.001802	0.005406
禁固	1	0.001802	0.005406
阪和線	1	0.001802	0.005406
置石	1	0.001802	0.005406
ペッパーランチ	1	0.001802	0.005406
恒一	1	0.001802	0.005406
違反	1	0.001802	0.005406
5000	1	0.001802	0.005406
わいせつ	1	0.001802	0.005406
致傷	1	0.001802	0.005406
殺傷	1	0.001802	0.005406
米兵	1	0.001802	0.005406
審	1	0.001802	0.005406
長嶺	1	0.001802	0.005406
犯罪	1	0.001802	0.005406
ウィキブックス	1	0.001802	0.005406
20	2	0.003604	0.005247
の	2	0.003604	0.004962
捜査	1	0.001802	0.004864
検証	1	0.001802	0.004864
告発	1	0.001802	0.004864
便宜	1	0.001802	0.004864
審査	1	0.001802	0.004864
請求	1	0.001802	0.004864
伝聞	1	0.001802	0.004864
収集	1	0.001802	0.004864
排除	1	0.001802	0.004864
罰	1	0.001802	0.004864
棄却	1	0.001802	0.004864
きゅう	1	0.001802	0.004864
平易	1	0.001802	0.004864
判例	1	0.001802	0.004864
外山	1	0.001802	0.004864
さいたま	1	0.001802	0.004864
仙台	1	0.001802	0.004864
愛人	1	0.001802	0.004864
八王子	1	0.001802	0.004864
支部	1	0.001802	0.004864
強姦	1	0.001802	0.004864
確定	1	0.001802	0.004864
輝	1	0.001802	0.004864
爆笑	1	0.001802	0.004864
幻冬舎	1	0.001802	0.004864
12	2	0.003604	0.004721
遭遇	1	0.001802	0.004546
相談	1	0.001802	0.004546
免責	1	0.001802	0.004546
職員	1	0.001802	0.004546
規則	1	0.001802	0.004546
届	1	0.001802	0.004546
補強	1	0.001802	0.004546
理	1	0.001802	0.004546
明らか	1	0.001802	0.004546
疑い	1	0.001802	0.004546
山陽	1	0.001802	0.004546
事例	1	0.001802	0.004546
連続	1	0.001802	0.004546
黒人	1	0.001802	0.004546
最新	1	0.001802	0.004321
反映	1	0.001802	0.004321
現実	1	0.001802	0.004321
処分	1	0.001802	0.004321
付	1	0.001802	0.004321
放棄	1	0.001802	0.004321
考慮	1	0.001802	0.004321
秋田	1	0.001802	0.004321
ヘルプ	1	0.001802	0.004321
教科書	1	0.001802	0.004321
日本	2	0.003604	0.004278
整理	1	0.001802	0.004146
けい	1	0.001802	0.004146
条	1	0.001802	0.004146
事情	1	0.001802	0.004146
形式	1	0.001802	0.004146
最近	1	0.001802	0.004146
相当	1	0.001802	0.004146
報道	1	0.001802	0.004146
改正	1	0.001802	0.004004
警察	1	0.001802	0.004004
項	1	0.001802	0.004004
判断	1	0.001802	0.004004
1947	1	0.001802	0.004004
限り	1	0.001802	0.003883
逮捕	1	0.001802	0.003883
政策	1	0.001802	0.003883
少年	1	0.001802	0.003883
科	1	0.001802	0.003883
理解	1	0.001802	0.003883
過去	1	0.001802	0.003883
道路	1	0.001802	0.003883
分野	1	0.001802	0.003883
事項	1	0.001802	0.003779
鹿児島	1	0.001802	0.003779
集	1	0.001802	0.003779
記述	1	0.001802	0.003686
国内	1	0.001802	0.003686
最後	1	0.001802	0.003686
91	1	0.001802	0.003604
保護	1	0.001802	0.003529
専門	1	0.001802	0.003461
うち	1	0.001802	0.003461
京都	1	0.001802	0.003461
JR	1	0.001802	0.003461
書	1	0.001802	0.003461
自身	1	0.001802	0.003399
権	1	0.001802	0.003399
以上	1	0.001802	0.003399
1996	1	0.001802	0.003399
道	1	0.001802	0.003399
ウィキプロジェクト	1	0.001802	0.003399
参加	1	0.001802	0.003341
女性	1	0.001802	0.003341
2010	1	0.001802	0.003287
部分	1	0.001802	0.003236
88	1	0.001802	0.003189
歴	1	0.001802	0.003144
東京	1	0.001802	0.003144
2005	1	0.001802	0.003062
19	1	0.001802	0.003062
28	1	0.001802	0.003062
PJ	1	0.001802	0.003062
一部	1	0.001802	0.002952
会	1	0.001802	0.002919
2001	1	0.001802	0.002919
市	1	0.001802	0.002744
家	1	0.001802	0.002719
加筆	1	0.001802	0.002719
訂正	1	0.001802	0.002719
15	1	0.001802	0.002694
名	1	0.001802	0.002694
.^	1	0.001802	0.002670
記事	1	0.001802	0.002646
協力	1	0.001802	0.002602
11	1	0.001802	0.002519
よう	1	0.001802	0.002481
中	1	0.001802	0.002462
話	1	0.001802	0.002444
表	1	0.001802	0.002427
・	1	0.001802	0.002410
編	1	0.001802	0.002393
もの	1	0.001802	0.002393
82	1	0.001802	0.002329
後	1	0.001802	0.002270
ため	1	0.001802	0.002215
目次	1	0.001802	0.002059
表示	1	0.001802	0.002059
/%	1	0.001802	0.001859
http	1	0.001802	0.001810
://	1	0.001802	0.001810
ja	1	0.001802	0.001810
wikipedia	1	0.001802	0.001810
org	1	0.001802	0.001810
wiki	1	0.001802	0.001810
作成	1	0.001802	0.001810
カテゴリ	1	0.001802	0.001810
出典	1	0.001802	0.001802
フリー	1	0.001802	0.001802
百科	1	0.001802	0.001802
事典	1	0.001802	0.001802
ウィキペディア	1	0.001802	0.001802
Wikipedia	1	0.001802	0.001802
移動	1	0.001802	0.001802
ナビゲーション	1	0.001802	0.001802
検索	1	0.001802	0.001802
