漫画	19	0.047264	0.105013
巻	8	0.019900	0.042883
文書	6	0.014925	0.040282
ISBN	8	0.019900	0.036296
獣	6	0.014925	0.035789
月	12	0.029851	0.033755
まき	4	0.009950	0.029850
ドラマ	5	0.012438	0.029826
日	10	0.024876	0.029043
年	11	0.027363	0.028484
CD	5	0.012438	0.024876
作品	6	0.014925	0.024451
ゼーン	3	0.007463	0.022389
健一	3	0.007463	0.022389
原	4	0.009950	0.020864
新書	3	0.007463	0.017896
原作	3	0.007463	0.016582
家	4	0.009950	0.015011
雑誌	3	0.007463	0.014926
サウス	2	0.004975	0.014925
ウィングス	2	0.004975	0.014925
レイ・ジーンセイバーヘーゲン	2	0.004975	0.014925
静馬	2	0.004975	0.014925
アルビレオ	2	0.004975	0.014925
チェリー	2	0.004975	0.014925
WIN	2	0.004975	0.014925
アニメイトフィルム	2	0.004975	0.014925
Vo	2	0.004975	0.014925
山寺	2	0.004975	0.014925
宏一	2	0.004975	0.014925
プロローグ	2	0.004975	0.014925
エピローグ	2	0.004975	0.014925
夏未	2	0.004975	0.014925
南央	2	0.004975	0.014925
ヴァージニア	2	0.004975	0.014925
春生	2	0.004975	0.014925
透	2	0.004975	0.014925
杉田	2	0.004975	0.014925
智和	2	0.004975	0.014925
能	2	0.004975	0.013427
チェック	2	0.004975	0.013427
浅丘	2	0.004975	0.013427
張	2	0.004975	0.013427
大川	2	0.004975	0.013427
部下	2	0.004975	0.013427
望月	2	0.004975	0.013427
館	3	0.007463	0.013403
登場	3	0.007463	0.013403
友	2	0.004975	0.012551
中原	2	0.004975	0.012551
月刊	2	0.004975	0.011930
キャスト	2	0.004975	0.011930
茂	2	0.004975	0.011930
美	2	0.004975	0.011930
医師	2	0.004975	0.011930
30	3	0.007463	0.011829
書籍	2	0.004975	0.011448
村上	2	0.004975	0.011448
連載	2	0.004975	0.011054
テーマ	2	0.004975	0.010432
編集	4	0.009950	0.010126
1997	2	0.004975	0.009950
日本	3	0.007463	0.008859
者	3	0.007463	0.008859
項目	3	0.007463	0.008528
PJ	2	0.004975	0.008452
2001	2	0.004975	0.008058
人物	2	0.004975	0.007505
ゲンジユウブンシヨ	1	0.002488	0.007464
ゆり	1	0.002488	0.007464
休刊	1	0.002488	0.007464
ハックルベリー	1	0.002488	0.007464
4403614361	1	0.002488	0.007464
4403614639	1	0.002488	0.007464
4403615082	1	0.002488	0.007464
4403615376	1	0.002488	0.007464
4403615961	1	0.002488	0.007464
4403616585	1	0.002488	0.007464
4403617301	1	0.002488	0.007464
4403618006	1	0.002488	0.007464
0001	1	0.002488	0.007464
告白	1	0.002488	0.007464
魔神	1	0.002488	0.007464
婚	1	0.002488	0.007464
0010	1	0.002488	0.007464
.「	1	0.002488	0.007464
巫	1	0.002488	0.007464
サバイバル	1	0.002488	0.007464
眞一郎	1	0.002488	0.007464
森川	1	0.002488	0.007464
智之	1	0.002488	0.007464
浅川	1	0.002488	0.007464
由香	1	0.002488	0.007464
魔	1	0.002488	0.007464
緑川	1	0.002488	0.007464
森久保	1	0.002488	0.007464
祥	1	0.002488	0.007464
折笠	1	0.002488	0.007464
康嗣	1	0.002488	0.007464
イワン	1	0.002488	0.007464
ロストフ	1	0.002488	0.007464
室園	1	0.002488	0.007464
丈	1	0.002488	0.007464
カレッセオ	1	0.002488	0.007464
津野田	1	0.002488	0.007464
なるみ	1	0.002488	0.007464
ティトオ	1	0.002488	0.007464
美智子	1	0.002488	0.007464
園部	1	0.002488	0.007464
啓一	1	0.002488	0.007464
飛田	1	0.002488	0.007464
ジョーンズ	1	0.002488	0.007464
隊長	1	0.002488	0.007464
ハインツ	1	0.002488	0.007464
細井	1	0.002488	0.007464
正道	1	0.002488	0.007464
由美子	1	0.002488	0.007464
カナーン	1	0.002488	0.007464
光央	1	0.002488	0.007464
ディーツ	1	0.002488	0.007464
鈴村	1	0.002488	0.007464
ガレス	1	0.002488	0.007464
嶝高	1	0.002488	0.007464
トス	1	0.002488	0.007464
飯田	1	0.002488	0.007464
利信	1	0.002488	0.007464
サヴァルク	1	0.002488	0.007464
真一	1	0.002488	0.007464
11	2	0.004975	0.006955
10	2	0.004975	0.006798
むら	1	0.002488	0.006715
OP	1	0.002488	0.006715
始まり	1	0.002488	0.006715
想い	1	0.002488	0.006715
ED	1	0.002488	0.006715
レイ	1	0.002488	0.006715
基地	1	0.002488	0.006715
緒方	1	0.002488	0.006715
恵美	1	0.002488	0.006715
悠	1	0.002488	0.006715
今井	1	0.002488	0.006715
根	1	0.002488	0.006715
レス	1	0.002488	0.006715
たか	1	0.002488	0.006715
治	1	0.002488	0.006715
大陸	1	0.002488	0.006715
岩田	1	0.002488	0.006715
クリストファー	1	0.002488	0.006715
キュー	1	0.002488	0.006715
ケイ	1	0.002488	0.006715
{{	1	0.002488	0.006715
Manga	1	0.002488	0.006715
artist	1	0.002488	0.006715
stub	1	0.002488	0.006715
}}	1	0.002488	0.006715
ファンタジー	1	0.002488	0.006715
遭遇	1	0.002488	0.006277
破壊	1	0.002488	0.006277
三木	1	0.002488	0.006277
裕	1	0.002488	0.006277
海賊	1	0.002488	0.006277
人	2	0.004975	0.006267
しま	1	0.002488	0.005966
増刊	1	0.002488	0.005966
石井	1	0.002488	0.005966
展	1	0.002488	0.005966
ガ	1	0.002488	0.005966
士	1	0.002488	0.005966
冒険	1	0.002488	0.005725
II	1	0.002488	0.005725
順	1	0.002488	0.005725
太田	1	0.002488	0.005725
山田	1	0.002488	0.005725
表示	2	0.004975	0.005685
太郎	1	0.002488	0.005528
愛	1	0.002488	0.005528
ウィキポータル	1	0.002488	0.005361
石	1	0.002488	0.005361
歌	1	0.002488	0.005361
博士	1	0.002488	0.005361
光	1	0.002488	0.005361
谷	1	0.002488	0.005361
小林	1	0.002488	0.005217
96	1	0.002488	0.005217
プロジェクト	1	0.002488	0.005090
87	1	0.002488	0.005090
カテゴリ	2	0.004975	0.004997
子供	1	0.002488	0.004976
男	1	0.002488	0.004873
子	1	0.002488	0.004779
1995	1	0.002488	0.004693
1996	1	0.002488	0.004693
1999	1	0.002488	0.004693
1998	1	0.002488	0.004538
31	1	0.002488	0.004468
長	1	0.002488	0.004403
25	1	0.002488	0.004341
開始	1	0.002488	0.004282
29	1	0.002488	0.004282
2005	1	0.002488	0.004227
2003	1	0.002488	0.004174
2000	1	0.002488	0.004124
14	1	0.002488	0.003903
場合	1	0.002488	0.003863
化	1	0.002488	0.003826
加筆	1	0.002488	0.003753
訂正	1	0.002488	0.003753
20	1	0.002488	0.003622
協力	1	0.002488	0.003592
時代	1	0.002488	0.003505
話	1	0.002488	0.003375
表	1	0.002488	0.003351
・	1	0.002488	0.003327
編	1	0.002488	0.003304
12	1	0.002488	0.003259
リンク	1	0.002488	0.003195
後	1	0.002488	0.003134
目次	1	0.002488	0.002843
関連	1	0.002488	0.002785
/%	1	0.002488	0.002566
http	1	0.002488	0.002499
://	1	0.002488	0.002499
ja	1	0.002488	0.002499
wikipedia	1	0.002488	0.002499
org	1	0.002488	0.002499
wiki	1	0.002488	0.002499
作成	1	0.002488	0.002499
出典	1	0.002488	0.002488
フリー	1	0.002488	0.002488
百科	1	0.002488	0.002488
事典	1	0.002488	0.002488
ウィキペディア	1	0.002488	0.002488
Wikipedia	1	0.002488	0.002488
移動	1	0.002488	0.002488
ナビゲーション	1	0.002488	0.002488
検索	1	0.002488	0.002488
