天然記念物	16	0.029851	0.080567
%	41	0.076493	0.077505
〔	11	0.020522	0.061566
〕	11	0.020522	0.061566
両生類	7	0.013060	0.039180
地	13	0.024254	0.037293
生息	8	0.014925	0.035789
爬虫類	7	0.013060	0.035249
指定	9	0.016791	0.035209
オオサンショウウオ	6	0.011194	0.033582
E	16	0.029851	0.030246
県	11	0.020522	0.029383
市	9	0.016791	0.025571
の	13	0.024254	0.024254
（	10	0.018657	0.018657
）	10	0.018657	0.018657
、	10	0.018657	0.018657
A	9	0.016791	0.018150
カジカガエル	3	0.005597	0.016791
モリアオガエル	3	0.005597	0.016791
ウミガメ	3	0.005597	0.016791
特別	4	0.007463	0.016582
[	8	0.014925	0.015122
]	8	0.014925	0.015122
9	7	0.013060	0.014255
繁殖	3	0.005597	0.014121
町	4	0.007463	0.013403
編集	7	0.013060	0.013292
基準	3	0.005597	0.012879
文化財	3	0.005597	0.012879
4	6	0.011194	0.011984
および	4	0.007463	0.011829
8	6	0.011194	0.011706
・	6	0.011194	0.011495
郡上	2	0.003731	0.011193
真庭	2	0.003731	0.011193
岩国	2	0.003731	0.011193
御前崎	2	0.003731	0.011193
名勝	2	0.003731	0.011193
7	5	0.009328	0.010182
文部	2	0.003731	0.010070
産卵	2	0.003731	0.010070
1	5	0.009328	0.009622
大臣	2	0.003731	0.009413
史跡	2	0.003731	0.009413
一覧	3	0.005597	0.009277
基づき	2	0.003731	0.008947
岐阜	2	0.003731	0.008585
岡山	2	0.003731	0.008585
山口	2	0.003731	0.008585
動物	2	0.003731	0.008290
リスト	2	0.003731	0.008040
B	4	0.007463	0.007952
2	4	0.007463	0.007804
5	4	0.007463	0.007733
郡	2	0.003731	0.007633
。	4	0.007463	0.007463
.	4	0.007463	0.007463
科学	2	0.003731	0.007308
対象	2	0.003731	0.007308
うち	2	0.003731	0.007167
その	3	0.005597	0.006921
種	2	0.003731	0.006917
及び	2	0.003731	0.006510
文献	2	0.003731	0.006339
関連	3	0.005597	0.006264
参考	2	0.003731	0.006260
-	3	0.005597	0.006079
する	3	0.005597	0.005992
国	2	0.003731	0.005794
関わる	1	0.001866	0.005598
地方自治体	1	0.001866	0.005598
和良	1	0.001866	0.005598
湯原	1	0.001866	0.005598
南桑	1	0.001866	0.005598
大揚沼	1	0.001866	0.005598
平伏	1	0.001866	0.005598
川内	1	0.001866	0.005598
アオダイショウ	1	0.001866	0.005598
シロヘビ	1	0.001866	0.005598
海部	1	0.001866	0.005598
美波	1	0.001866	0.005598
キシノウエトカゲ	1	0.001866	0.005598
クサガメ	1	0.001866	0.005598
見島	1	0.001866	0.005598
カメ	1	0.001866	0.005598
セマルハコガメ	1	0.001866	0.005598
リュウキュウヤマガメ	1	0.001866	0.005598
180589	1	0.001866	0.005598
並びに	1	0.001866	0.005598
:	3	0.005597	0.005597
は	3	0.005597	0.005597
を	3	0.005597	0.005597
に	3	0.005597	0.005597
等	2	0.003731	0.005527
日本国	1	0.001866	0.005036
大和	1	0.001866	0.005036
宇佐	1	0.001866	0.005036
八幡平	1	0.001866	0.005036
沼	1	0.001866	0.005036
双葉	1	0.001866	0.005036
アカ	1	0.001866	0.005036
大浜	1	0.001866	0.005036
萩	1	0.001866	0.005036
睦	1	0.001866	0.005036
奥	1	0.001866	0.005036
文化庁	1	0.001866	0.005036
国宝	1	0.001866	0.005036
もの	2	0.003731	0.004954
外部	2	0.003731	0.004887
リンク	2	0.003731	0.004791
福島	1	0.001866	0.004708
レッド	1	0.001866	0.004708
加藤	1	0.001866	0.004708
雄	1	0.001866	0.004708
06	1	0.001866	0.004708
データベース	1	0.001866	0.004708
岩手	1	0.001866	0.004475
静岡	1	0.001866	0.004475
海岸	1	0.001866	0.004475
監修	1	0.001866	0.004475
講談社	1	0.001866	0.004475
日本	2	0.003731	0.004429
八幡	1	0.001866	0.004294
徳島	1	0.001866	0.004294
項目	2	0.003731	0.004263
項	1	0.001866	0.004146
外	1	0.001866	0.004146
大分	1	0.001866	0.004146
6	2	0.003731	0.004134
掲載	1	0.001866	0.004021
98	1	0.001866	0.004021
村	1	0.001866	0.003913
重要	1	0.001866	0.003913
3	2	0.003731	0.003866
が	2	0.003731	0.003764
た	2	0.003731	0.003747
と	2	0.003731	0.003747
含む	1	0.001866	0.003732
84	1	0.001866	0.003732
『	2	0.003731	0.003731
』	2	0.003731	0.003731
「	2	0.003731	0.003731
」	2	0.003731	0.003731
し	2	0.003731	0.003731
保護	1	0.001866	0.003655
99	1	0.001866	0.003655
BF	1	0.001866	0.003655
1995	1	0.001866	0.003519
以下	1	0.001866	0.003459
法	1	0.001866	0.003403
ら	1	0.001866	0.003403
ISBN	1	0.001866	0.003403
94	1	0.001866	0.003302
88	1	0.001866	0.003302
AC	1	0.001866	0.003170
AB	1	0.001866	0.003170
80	1	0.001866	0.003131
89	1	0.001866	0.003093
同	1	0.001866	0.003057
本	1	0.001866	0.002989
BB	1	0.001866	0.002958
F	1	0.001866	0.002927
なお	1	0.001866	0.002869
83	1	0.001866	0.002350
目次	1	0.001866	0.002132
表示	1	0.001866	0.002132
非	1	0.001866	0.002099
さ	1	0.001866	0.001988
れ	1	0.001866	0.001979
|	1	0.001866	0.001970
年	1	0.001866	0.001942
/%	1	0.001866	0.001925
で	1	0.001866	0.001874
http	1	0.001866	0.001874
://	1	0.001866	0.001874
ja	1	0.001866	0.001874
wikipedia	1	0.001866	0.001874
org	1	0.001866	0.001874
/	1	0.001866	0.001874
wiki	1	0.001866	0.001874
より	1	0.001866	0.001874
作成	1	0.001866	0.001874
カテゴリ	1	0.001866	0.001874
出典	1	0.001866	0.001866
フリー	1	0.001866	0.001866
百科	1	0.001866	0.001866
事典	1	0.001866	0.001866
ウィキペディア	1	0.001866	0.001866
Wikipedia	1	0.001866	0.001866
移動	1	0.001866	0.001866
ナビゲーション	1	0.001866	0.001866
,	1	0.001866	0.001866
検索	1	0.001866	0.001866
