艦	19	0.017958	0.045306
年	38	0.035917	0.037388
少佐	14	0.013233	0.035715
月	30	0.028355	0.032063
-	31	0.029301	0.031826
日	28	0.026465	0.030898
：	19	0.017958	0.026146
駆逐	10	0.009452	0.025511
.	25	0.023629	0.023629
%	22	0.020794	0.021069
。	20	0.018904	0.018904
]	19	0.017958	0.018196
II	8	0.007561	0.017398
菊月	6	0.005671	0.017013
1	16	0.015123	0.015600
[	16	0.015123	0.015323
、	16	0.015123	0.015123
2	15	0.014178	0.014827
）	15	0.014178	0.014178
12	11	0.010397	0.013618
海軍	6	0.005671	0.013599
（	14	0.013233	0.013233
15	9	0.008507	0.012717
9	12	0.011342	0.012380
に	13	0.012287	0.012287
艦長	5	0.004726	0.011923
11	9	0.008507	0.011892
第	9	0.008507	0.011457
睦月	4	0.003781	0.011343
攻略	4	0.003781	0.011343
作戦	5	0.004726	0.011333
1926	5	0.004726	0.010875
6	10	0.009452	0.010472
の	11	0.010397	0.010397
5	10	0.009452	0.009794
4	9	0.008507	0.009107
E	9	0.008507	0.008620
トン	3	0.002836	0.008508
-[	3	0.002836	0.008508
1937	4	0.003781	0.008401
8	8	0.007561	0.007907
日本	7	0.006616	0.007854
中佐	3	0.002836	0.007654
た	8	0.007561	0.007594
3	7	0.006616	0.006856
基	3	0.002836	0.006801
編集	7	0.006616	0.006733
『	7	0.006616	0.006616
』	7	0.006616	0.006616
し	7	0.006616	0.006616
型	4	0.003781	0.006597
25	4	0.003781	0.006597
7	6	0.005671	0.006190
1942	3	0.002836	0.006111
巻	3	0.002836	0.006111
三	4	0.003781	0.005993
は	6	0.005671	0.005671
舞鶴	2	0.001890	0.005670
除籍	2	0.001890	0.005670
本式	2	0.001890	0.005670
ノット	2	0.001890	0.005670
魚雷	2	0.001890	0.005670
爆雷	2	0.001890	0.005670
艤装	2	0.001890	0.005670
支	2	0.001890	0.005670
ツラギ	2	0.001890	0.005670
手帳	2	0.001890	0.005670
軍艦	2	0.001890	0.005670
光人	2	0.001890	0.005670
名	4	0.003781	0.005652
20	4	0.003781	0.005505
m	3	0.002836	0.005258
歴	4	0.003781	0.005167
10	4	0.003781	0.005167
装	2	0.001890	0.005101
人事	2	0.001890	0.005101
造船	2	0.001890	0.005101
史	3	0.002836	0.004948
建造	2	0.001890	0.004768
竣工	2	0.001890	0.004768
斎藤	2	0.001890	0.004768
朗	2	0.001890	0.004768
？	2	0.001890	0.004768
同上	2	0.001890	0.004768
式	3	0.002836	0.004758
昭和	3	0.002836	0.004758
で	5	0.004726	0.004747
,	5	0.004726	0.004726
「	5	0.004726	0.004726
部	3	0.002836	0.004594
工作	2	0.001890	0.004349
号	3	0.002836	0.004319
.^	3	0.002836	0.004201
門	2	0.001890	0.004199
歴代	2	0.001890	0.004199
A	4	0.003781	0.004087
1928	2	0.001890	0.004073
航空	2	0.001890	0.004073
さ	4	0.003781	0.004029
れ	4	0.003781	0.004010
中	3	0.002836	0.003875
森	2	0.001890	0.003866
」	4	0.003781	0.003781
計画	2	0.001890	0.003780
cm	2	0.001890	0.003780
500	2	0.001890	0.003702
員	2	0.001890	0.003702
1936	2	0.001890	0.003702
十	2	0.001890	0.003630
大正	2	0.001890	0.003630
方面	2	0.001890	0.003630
23	2	0.001890	0.003630
参加	2	0.001890	0.003504
所属	2	0.001890	0.003447
ISBN	2	0.001890	0.003447
88	2	0.001890	0.003344
社	2	0.001890	0.003253
長	2	0.001890	0.003211
文献	2	0.001890	0.003211
参考	2	0.001890	0.003171
脚注	2	0.001890	0.003028
14	2	0.001890	0.002965
受け	2	0.001890	0.002935
・	3	0.002836	0.002912
16	2	0.001890	0.002906
て	3	0.002836	0.002874
:	3	0.002836	0.002836
を	3	0.002836	0.002836
起工	1	0.000945	0.002835
進水	1	0.000945	0.002835
喪失	1	0.000945	0.002835
要目	1	0.000945	0.002835
排水	1	0.000945	0.002835
常備	1	0.000945	0.002835
445	1	0.000945	0.002835
吃水	1	0.000945	0.002835
缶	1	0.000945	0.002835
馬力	1	0.000945	0.002835
速力	1	0.000945	0.002835
海里	1	0.000945	0.002835
重油	1	0.000945	0.002835
154	1	0.000945	0.002835
口径	1	0.000945	0.002835
留	1	0.000945	0.002835
機銃	1	0.000945	0.002835
挺	1	0.000945	0.002835
連装	1	0.000945	0.002835
投射	1	0.000945	0.002835
旧暦	1	0.000945	0.002835
神風	1	0.000945	0.002835
類別	1	0.000945	0.002835
進駐	1	0.000945	0.002835
緒戦	1	0.000945	0.002835
グアム	1	0.000945	0.002835
ラバウル	1	0.000945	0.002835
ラエ	1	0.000945	0.002835
サラモア	1	0.000945	0.002835
アドミラルティ	1	0.000945	0.002835
擱座	1	0.000945	0.002835
松郎	1	0.000945	0.002835
俊美	1	0.000945	0.002835
利雄	1	0.000945	0.002835
.（	1	0.000945	0.002835
要人	1	0.000945	0.002835
恒雄	1	0.000945	0.002835
勢	1	0.000945	0.002835
経雄	1	0.000945	0.002835
鉄夫	1	0.000945	0.002835
有馬	1	0.000945	0.002835
時吉	1	0.000945	0.002835
金田	1	0.000945	0.002835
浜中	1	0.000945	0.002835
脩一	1	0.000945	0.002835
作間	1	0.000945	0.002835
邇	1	0.000945	0.002835
幸吉	1	0.000945	0.002835
大破	1	0.000945	0.002835
7698	1	0.000945	0.002835
0460	1	0.000945	0.002835
刷	1	0.000945	0.002835
562	1	0.000945	0.002835
00302	1	0.000945	0.002835
如月	1	0.000945	0.002835
卯月	1	0.000945	0.002835
皐月	1	0.000945	0.002835
水無月	1	0.000945	0.002835
文月	1	0.000945	0.002835
長月	1	0.000945	0.002835
夕	1	0.000945	0.002835
C	2	0.001890	0.002800
二	2	0.001890	0.002752
一	2	0.001890	0.002583
315	1	0.000945	0.002551
102	1	0.000945	0.002551
タービン	1	0.000945	0.002551
航続	1	0.000945	0.002551
450	1	0.000945	0.002551
乗員	1	0.000945	0.002551
砲	1	0.000945	0.002551
発射	1	0.000945	0.002551
管	1	0.000945	0.002551
きく	1	0.000945	0.002551
づき	1	0.000945	0.002551
佐世保	1	0.000945	0.002551
鎮守	1	0.000945	0.002551
一等	1	0.000945	0.002551
開戦	1	0.000945	0.002551
戦隊	1	0.000945	0.002551
船団	1	0.000945	0.002551
従事	1	0.000945	0.002551
空母	1	0.000945	0.002551
再度	1	0.000945	0.002551
爆撃	1	0.000945	0.002551
沈没	1	0.000945	0.002551
江口	1	0.000945	0.002551
島崎	1	0.000945	0.002551
小西	1	0.000945	0.002551
寛	1	0.000945	0.002551
大前	1	0.000945	0.002551
敏一	1	0.000945	0.002551
清之	1	0.000945	0.002551
撮影	1	0.000945	0.002551
第一法規出版	1	0.000945	0.002551
学会	1	0.000945	0.002551
外山	1	0.000945	0.002551
操	1	0.000945	0.002551
日月	1	0.000945	0.002551
望月	1	0.000945	0.002551
大日本帝国	1	0.000945	0.002551
72	1	0.000945	0.002384
全幅	1	0.000945	0.002384
軸	1	0.000945	0.002384
単	1	0.000945	0.002384
1923	1	0.000945	0.002384
印	1	0.000945	0.002384
護衛	1	0.000945	0.002384
損傷	1	0.000945	0.002384
徹	1	0.000945	0.002384
理	1	0.000945	0.002384
弥生	1	0.000945	0.002384
艦艇	1	0.000945	0.002384
また	2	0.001890	0.002269
ロ	1	0.000945	0.002266
燃料	1	0.000945	0.002266
兵	1	0.000945	0.002266
代目	1	0.000945	0.002266
進出	1	0.000945	0.002266
太平洋戦争	1	0.000945	0.002266
艦隊	1	0.000945	0.002266
海岸	1	0.000945	0.002266
兼	1	0.000945	0.002266
放棄	1	0.000945	0.002266
1925	1	0.000945	0.002174
基準	1	0.000945	0.002174
距離	1	0.000945	0.002174
61	1	0.000945	0.002174
器	1	0.000945	0.002174
個	1	0.000945	0.002174
改名	1	0.000945	0.002174
山田	1	0.000945	0.002174
1940	1	0.000945	0.002174
1943	1	0.000945	0.002174
書房	1	0.000945	0.002174
仏	1	0.000945	0.002100
佐藤	1	0.000945	0.002100
1933	1	0.000945	0.002100
字	1	0.000945	0.002100
1939	1	0.000945	0.002100
I	1	0.000945	0.002100
37	1	0.000945	0.002036
mm	1	0.000945	0.002036
八	1	0.000945	0.002036
初代	1	0.000945	0.002036
続い	1	0.000945	0.002036
島	1	0.000945	0.002036
支援	1	0.000945	0.002036
攻撃	1	0.000945	0.002036
翌	1	0.000945	0.002036
1929	1	0.000945	0.002036
1930	1	0.000945	0.002036
1935	1	0.000945	0.002036
七	1	0.000945	0.002036
1938	1	0.000945	0.002036
保存	1	0.000945	0.002036
丸	1	0.000945	0.002036
_(%	1	0.000945	0.002036
する	2	0.001890	0.002023
全長	1	0.000945	0.001982
38	1	0.000945	0.001982
番	1	0.000945	0.001982
府	1	0.000945	0.001982
小林	1	0.000945	0.001982
1934	1	0.000945	0.001982
1981	1	0.000945	0.001982
量	1	0.000945	0.001933
隊	1	0.000945	0.001933
機	1	0.000945	0.001933
1941	1	0.000945	0.001933
米	1	0.000945	0.001933
写真	1	0.000945	0.001933
原	1	0.000945	0.001933
と	2	0.001890	0.001898
45	1	0.000945	0.001890
英	1	0.000945	0.001890
雑誌	1	0.000945	0.001890
92	1	0.000945	0.001851
当初	1	0.000945	0.001851
戦争	1	0.000945	0.001851
南	1	0.000945	0.001815
)」	1	0.000945	0.001815
各	1	0.000945	0.001782
同年	1	0.000945	0.001782
にて	1	0.000945	0.001782
1995	1	0.000945	0.001782
86	1	0.000945	0.001782
たち	1	0.000945	0.001752
1990	1	0.000945	0.001724
機関	1	0.000945	0.001697
軍	1	0.000945	0.001672
度	1	0.000945	0.001627
アメリカ	1	0.000945	0.001627
29	1	0.000945	0.001627
所	1	0.000945	0.001606
2005	1	0.000945	0.001606
80	1	0.000945	0.001586
隠す	1	0.000945	0.001566
一覧	1	0.000945	0.001566
89	1	0.000945	0.001566
90	1	0.000945	0.001548
会	1	0.000945	0.001531
本	1	0.000945	0.001514
30	1	0.000945	0.001498
13	1	0.000945	0.001482
歴史	1	0.000945	0.001482
F	1	0.000945	0.001482
D	1	0.000945	0.001482
その後	1	0.000945	0.001453
時	1	0.000945	0.001426
による	1	0.000945	0.001291
話	1	0.000945	0.001282
表	1	0.000945	0.001273
編	1	0.000945	0.001255
という	1	0.000945	0.001246
により	1	0.000945	0.001238
)	1	0.000945	0.001190
(	1	0.000945	0.001162
あり	1	0.000945	0.001103
こと	1	0.000945	0.001086
目次	1	0.000945	0.001080
表示	1	0.000945	0.001080
非	1	0.000945	0.001063
い	1	0.000945	0.001031
から	1	0.000945	0.001026
B	1	0.000945	0.001007
ある	1	0.000945	0.000997
/%	1	0.000945	0.000975
http	1	0.000945	0.000949
://	1	0.000945	0.000949
ja	1	0.000945	0.000949
wikipedia	1	0.000945	0.000949
org	1	0.000945	0.000949
/	1	0.000945	0.000949
wiki	1	0.000945	0.000949
より	1	0.000945	0.000949
作成	1	0.000945	0.000949
カテゴリ	1	0.000945	0.000949
出典	1	0.000945	0.000945
フリー	1	0.000945	0.000945
百科	1	0.000945	0.000945
事典	1	0.000945	0.000945
ウィキペディア	1	0.000945	0.000945
Wikipedia	1	0.000945	0.000945
移動	1	0.000945	0.000945
ナビゲーション	1	0.000945	0.000945
検索	1	0.000945	0.000945
