、	34	0.040047	0.040047
た	33	0.038869	0.039039
満州	11	0.012956	0.038868
の	32	0.037691	0.037691
ソ連	10	0.011779	0.027104
し	19	0.022379	0.022379
日	16	0.018846	0.022003
に	18	0.021201	0.021201
廠	6	0.007067	0.021201
国境	7	0.008245	0.020801
事件	9	0.010601	0.020363
ソ	7	0.008245	0.019771
溝	6	0.007067	0.019074
が	16	0.018846	0.019011
。	16	0.018846	0.018846
-	14	0.016490	0.017911
%	14	0.016490	0.016708
と	14	0.016490	0.016562
側	7	0.008245	0.015551
日本	11	0.012956	0.015380
を	13	0.015312	0.015312
は	12	0.014134	0.014134
国軍	4	0.004711	0.014133
脱走	4	0.004711	0.014133
兵	5	0.005889	0.014121
金	6	0.007067	0.013574
満	5	0.005889	0.013551
月	10	0.011779	0.013319
で	10	0.011779	0.011830
外交	4	0.004711	0.011297
年	9	0.010601	0.011035
戦闘	4	0.004711	0.010152
昭和	5	0.005889	0.009880
1	8	0.009423	0.009720
紛争	3	0.003534	0.009538
第	6	0.007067	0.009518
（	8	0.009423	0.009423
）	8	0.009423	0.009423
1936	4	0.004711	0.009227
国	5	0.005889	0.009145
現地	3	0.003534	0.008916
発生	4	0.004711	0.008885
て	7	0.008245	0.008354
軍	4	0.004711	0.008336
人	5	0.005889	0.007418
3	6	0.007067	0.007323
反乱	2	0.002356	0.007068
密	2	0.002356	0.007068
越境	2	0.002356	0.007068
発砲	2	0.002356	0.007068
JACAR	2	0.002356	0.007068
Ref	2	0.002356	0.007068
議定	2	0.002356	0.007068
射撃	2	0.002356	0.006359
外務省	2	0.002356	0.006359
合同	2	0.002356	0.006359
2	5	0.005889	0.006158
長	3	0.003534	0.006004
E	5	0.005889	0.005967
地点	2	0.002356	0.005944
交渉	2	0.002356	0.005944
抗議	2	0.002356	0.005944
あっ	4	0.004711	0.005791
向かっ	2	0.002356	0.005650
よれ	2	0.002356	0.005650
間	3	0.003534	0.005544
部隊	2	0.002356	0.005421
9	4	0.004711	0.005142
委員	2	0.002356	0.004940
一	3	0.003534	0.004829
隊	2	0.002356	0.004820
「	4	0.004711	0.004711
」	4	0.004711	0.004711
.	4	0.004711	0.004711
もの	3	0.003534	0.004693
とともに	2	0.002356	0.004525
に対し	2	0.002356	0.004525
十	2	0.002356	0.004525
書	2	0.002356	0.004525
結果	2	0.002356	0.004231
設置	2	0.002356	0.004231
者	3	0.003534	0.004195
29	2	0.002356	0.004055
など	3	0.003534	0.004017
BA	2	0.002356	0.004003
も	3	0.003534	0.003857
として	3	0.003534	0.003857
会	2	0.002356	0.003816
する	3	0.003534	0.003783
4	3	0.003534	0.003783
B	3	0.003534	0.003765
30	2	0.002356	0.003734
なかっ	2	0.002356	0.003734
関係	2	0.002356	0.003734
BB	2	0.002356	0.003734
ば	2	0.002356	0.003623
編集	3	0.003534	0.003597
[	3	0.003534	0.003581
]	3	0.003534	0.003581
:	3	0.003534	0.003534
『	3	0.003534	0.003534
』	3	0.003534	0.003534
ょうこうじけん	1	0.001178	0.003534
康徳	1	0.001178	0.003534
ソビエト	1	0.001178	0.003534
武力	1	0.001178	0.003534
衝突	1	0.001178	0.003534
経過	1	0.001178	0.003534
山県	1	0.001178	0.003534
駐屯	1	0.001178	0.003534
士官	1	0.001178	0.003534
率い	1	0.001178	0.003534
軍兵	1	0.001178	0.003534
日系	1	0.001178	0.003534
領	1	0.001178	0.003534
あたっ	1	0.001178	0.003534
875	1	0.001178	0.003534
高地	1	0.001178	0.003534
国領	1	0.001178	0.003534
応射	1	0.001178	0.003534
戦傷	1	0.001178	0.003534
死傷	1	0.001178	0.003534
ゲーペーウー	1	0.001178	0.003534
収まっ	1	0.001178	0.003534
前線	1	0.001178	0.003534
一行	1	0.001178	0.003534
銃撃	1	0.001178	0.003534
増派	1	0.001178	0.003534
起こら	1	0.001178	0.003534
下旬	1	0.001178	0.003534
聴取	1	0.001178	0.003534
起き	1	0.001178	0.003534
領内	1	0.001178	0.003534
軍部	1	0.001178	0.003534
駐	1	0.001178	0.003534
申し入れ	1	0.001178	0.003534
ハルビン	1	0.001178	0.003534
総領事	1	0.001178	0.003534
引渡し	1	0.001178	0.003534
扇動	1	0.001178	0.003534
嶺子	1	0.001178	0.003534
綏芬	1	0.001178	0.003534
相次い	1	0.001178	0.003534
欧	1	0.001178	0.003534
十二月	1	0.001178	0.003534
十一月	1	0.001178	0.003534
02031355700	1	0.001178	0.003534
件	1	0.001178	0.003534
01003155800	1	0.001178	0.003534
哈爾	1	0.001178	0.003534
哈廟	1	0.001178	0.003534
オラホドガ	1	0.001178	0.003534
タウラン	1	0.001178	0.003534
岔子	1	0.001178	0.003534
鼓	1	0.001178	0.003534
ノモンハン	1	0.001178	0.003534
中立	1	0.001178	0.003534
名	2	0.002356	0.003522
これ	2	0.002356	0.003319
11	2	0.002356	0.003294
きん	1	0.001178	0.003179
小規模	1	0.001178	0.003179
108	1	0.001178	0.003179
兵舎	1	0.001178	0.003179
師団	1	0.001178	0.003179
南方	1	0.001178	0.003179
突如	1	0.001178	0.003179
戦死	1	0.001178	0.003179
回収	1	0.001178	0.003179
視察	1	0.001178	0.003179
歩兵	1	0.001178	0.003179
連隊	1	0.001178	0.003179
大隊	1	0.001178	0.003179
強め	1	0.001178	0.003179
特務	1	0.001178	0.003179
所持	1	0.001178	0.003179
誤っ	1	0.001178	0.003179
大使	1	0.001178	0.003179
処罰	1	0.001178	0.003179
在	1	0.001178	0.003179
測量	1	0.001178	0.003179
河	1	0.001178	0.003179
東方	1	0.001178	0.003179
課	1	0.001178	0.003179
執務	1	0.001178	0.003179
至	1	0.001178	0.003179
関東軍	1	0.001178	0.003179
参謀	1	0.001178	0.003179
陸	1	0.001178	0.003179
蒙	1	0.001178	0.003179
乾	1	0.001178	0.003179
張	1	0.001178	0.003179
峰	1	0.001178	0.003179
戦前	1	0.001178	0.003179
地帯	1	0.001178	0.002972
火	1	0.001178	0.002972
放っ	1	0.001178	0.002972
陸軍	1	0.001178	0.002972
出動	1	0.001178	0.002972
追跡	1	0.001178	0.002972
双方	1	0.001178	0.002972
死体	1	0.001178	0.002972
一旦	1	0.001178	0.002972
68	1	0.001178	0.002972
警戒	1	0.001178	0.002972
地図	1	0.001178	0.002972
責任	1	0.001178	0.002972
不法	1	0.001178	0.002972
非難	1	0.001178	0.002972
亜	1	0.001178	0.002972
処理	1	0.001178	0.002972
日記	1	0.001178	0.002972
ため	2	0.002356	0.002896
監視	1	0.001178	0.002825
幹部	1	0.001178	0.002825
殺害	1	0.001178	0.002825
知っ	1	0.001178	0.002825
150	1	0.001178	0.002825
正確	1	0.001178	0.002825
合意	1	0.001178	0.002825
報告	1	0.001178	0.002825
自	1	0.001178	0.002825
枚	1	0.001178	0.002825
会議	1	0.001178	0.002825
な	2	0.002356	0.002721
連邦	1	0.001178	0.002711
相当	1	0.001178	0.002711
事情	1	0.001178	0.002711
入っ	1	0.001178	0.002711
太田	1	0.001178	0.002711
工作	1	0.001178	0.002711
頁	1	0.001178	0.002711
里	1	0.001178	0.002711
条約	1	0.001178	0.002711
軍事	1	0.001178	0.002711
こと	2	0.002356	0.002706
日本人	1	0.001178	0.002617
官	1	0.001178	0.002617
出	1	0.001178	0.002617
判断	1	0.001178	0.002617
実現	1	0.001178	0.002617
アジア	1	0.001178	0.002617
6	2	0.002356	0.002610
7	2	0.002356	0.002572
から	2	0.002356	0.002559
翌	1	0.001178	0.002538
資料	1	0.001178	0.002538
島	1	0.001178	0.002538
|	2	0.002356	0.002487
近い	1	0.001178	0.002470
36	1	0.001178	0.002470
38	1	0.001178	0.002470
8	2	0.002356	0.002464
組織	1	0.001178	0.002410
付近	1	0.001178	0.002410
体	1	0.001178	0.002410
ほど	1	0.001178	0.002410
不	1	0.001178	0.002410
章	1	0.001178	0.002410
87	1	0.001178	0.002410
調査	1	0.001178	0.002356
91	1	0.001178	0.002356
ところ	1	0.001178	0.002307
500	1	0.001178	0.002307
政府	1	0.001178	0.002307
記録	1	0.001178	0.002263
ものの	1	0.001178	0.002263
最初	1	0.001178	0.002263
目	1	0.001178	0.002263
以上	1	0.001178	0.002222
に対して	1	0.001178	0.002222
目的	1	0.001178	0.002222
同年	1	0.001178	0.002222
戦	1	0.001178	0.002184
m	1	0.001178	0.002184
センター	1	0.001178	0.002184
ら	1	0.001178	0.002149
機関	1	0.001178	0.002116
及び	1	0.001178	0.002055
行っ	1	0.001178	0.002055
25	1	0.001178	0.002055
局	1	0.001178	0.002028
線	1	0.001178	0.002001
文献	1	0.001178	0.002001
22	1	0.001178	0.002001
だっ	1	0.001178	0.001976
参考	1	0.001178	0.001976
に関する	1	0.001178	0.001953
一部	1	0.001178	0.001930
21	1	0.001178	0.001930
部	1	0.001178	0.001908
三	1	0.001178	0.001867
歴史	1	0.001178	0.001848
D	1	0.001178	0.001848
受け	1	0.001178	0.001829
それ	1	0.001178	0.001794
C	1	0.001178	0.001745
大	1	0.001178	0.001730
だ	1	0.001178	0.001701
求め	1	0.001178	0.001687
　	1	0.001178	0.001687
なり	1	0.001178	0.001673
時代	1	0.001178	0.001660
られ	1	0.001178	0.001622
0	1	0.001178	0.001622
による	1	0.001178	0.001610
的	1	0.001178	0.001522
へ	1	0.001178	0.001466
い	1	0.001178	0.001286
A	1	0.001178	0.001273
ある	1	0.001178	0.001243
5	1	0.001178	0.001221
/%	1	0.001178	0.001215
http	1	0.001178	0.001183
://	1	0.001178	0.001183
ja	1	0.001178	0.001183
wikipedia	1	0.001178	0.001183
org	1	0.001178	0.001183
/	1	0.001178	0.001183
wiki	1	0.001178	0.001183
より	1	0.001178	0.001183
作成	1	0.001178	0.001183
カテゴリ	1	0.001178	0.001183
出典	1	0.001178	0.001178
フリー	1	0.001178	0.001178
百科	1	0.001178	0.001178
事典	1	0.001178	0.001178
ウィキペディア	1	0.001178	0.001178
Wikipedia	1	0.001178	0.001178
移動	1	0.001178	0.001178
ナビゲーション	1	0.001178	0.001178
,	1	0.001178	0.001178
検索	1	0.001178	0.001178
