年	91	0.041326	0.043019
）	89	0.040418	0.040418
（	78	0.035422	0.035422
、	74	0.033606	0.033606
月	55	0.024977	0.028243
の	55	0.024977	0.024977
ひな	20	0.009083	0.024515
|	44	0.019982	0.021091
日	38	0.017257	0.020147
日本テレビ	15	0.006812	0.018385
2010	19	0.008629	0.015739
。	31	0.014078	0.014078
フジテレビ	11	0.004995	0.013481
1998	16	0.007266	0.013253
吉川	11	0.004995	0.012602
賞	13	0.005904	0.012380
3	21	0.009537	0.009882
・	21	0.009537	0.009793
[	19	0.008629	0.008743
は	19	0.008629	0.008629
「	19	0.008629	0.008629
」	19	0.008629	0.008629
2009	11	0.004995	0.008598
ゲスト	7	0.003179	0.008580
TBS	8	0.003633	0.008360
]	18	0.008174	0.008282
-	16	0.007266	0.007892
4	16	0.007266	0.007779
に	16	0.007266	0.007266
1997	8	0.003633	0.007266
　	11	0.004995	0.007152
映画	8	0.003633	0.006978
編集	15	0.006812	0.006933
を	15	0.006812	0.006812
12	11	0.004995	0.006542
!（	6	0.002725	0.006534
%	14	0.006358	0.006442
が	14	0.006358	0.006414
て	13	0.005904	0.005982
で	13	0.005904	0.005930
と	13	0.005904	0.005930
出演	6	0.002725	0.005714
.	12	0.005450	0.005450
年代	7	0.003179	0.005269
1	11	0.004995	0.005152
2001	7	0.003179	0.005149
回	6	0.002725	0.005140
し	11	0.004995	0.004995
☆	4	0.001817	0.004904
アルバム	5	0.002271	0.004894
2	10	0.004541	0.004749
6	9	0.004087	0.004528
日本	8	0.003633	0.004313
にて	5	0.002271	0.004283
1999	5	0.002271	0.004283
第	7	0.003179	0.004281
た	9	0.004087	0.004105
ファッションモデル	3	0.001362	0.004086
レプロエンタテインメント	3	0.001362	0.004086
Spica	3	0.001362	0.004086
読売	3	0.001362	0.004086
ゴールデン	3	0.001362	0.004086
毎日放送	3	0.001362	0.004086
1979	4	0.001817	0.003915
受賞	4	0.001817	0.003915
ある	8	0.003633	0.003835
サイズ	3	0.001362	0.003676
女優	3	0.001362	0.003676
兄	3	0.001362	0.003676
!!（	3	0.001362	0.003676
テレビ	4	0.001817	0.003634
『	8	0.003633	0.003633
』	8	0.003633	0.003633
タレント	3	0.001362	0.003436
レギュラー	3	0.001362	0.003436
!	4	0.001817	0.003427
人物	5	0.002271	0.003426
バラエティ	3	0.001362	0.003266
俳優	3	0.001362	0.003266
27	4	0.001817	0.003263
系	4	0.001817	0.003170
な	6	0.002725	0.003147
都	3	0.001362	0.003134
新人	3	0.001362	0.003134
犬	3	0.001362	0.003134
10	5	0.002271	0.003103
私	3	0.001362	0.003026
ちゃん	3	0.001362	0.003026
81	4	0.001817	0.003012
21	4	0.001817	0.002977
7	6	0.002725	0.002974
9	6	0.002725	0.002974
団	3	0.001362	0.002935
8	6	0.002725	0.002850
5	6	0.002725	0.002824
節	3	0.001362	0.002786
キャラクター	3	0.001362	0.002786
書き	4	0.001817	0.002741
/	6	0.002725	0.002737
:	6	0.002725	0.002725
雑多	2	0.000908	0.002724
箇条	2	0.000908	0.002724
東久留米	2	0.000908	0.002724
ムーンライト	2	0.000908	0.002724
ビジュアル	2	0.000908	0.002724
下着	2	0.000908	0.002724
高田	2	0.000908	0.002724
一也	2	0.000908	0.002724
関西テレビ	2	0.000908	0.002724
恋する	2	0.000908	0.002724
BS	2	0.000908	0.002724
ゃべくり	2	0.000908	0.002724
007	2	0.000908	0.002724
篠山	2	0.000908	0.002724
Hinano	2	0.000908	0.002724
Yoshikawa	2	0.000908	0.002724
アロー	2	0.000908	0.002724
グラフ	2	0.000908	0.002724
由美	2	0.000908	0.002724
かおる	2	0.000908	0.002724
あり	5	0.002271	0.002651
1995	3	0.001362	0.002569
この	5	0.002271	0.002529
よし	2	0.000908	0.002451
スリー	2	0.000908	0.002451
瀬戸内	2	0.000908	0.002451
セレナーデ	2	0.000908	0.002451
バンド	2	0.000908	0.002451
ろ	2	0.000908	0.002451
さんま	2	0.000908	0.002451
One	2	0.000908	0.002451
東京	3	0.001362	0.002376
型	3	0.001362	0.002376
ます	4	0.001817	0.002364
2006	3	0.001362	0.002344
E	5	0.002271	0.002301
プロフィール	2	0.000908	0.002291
来歴	2	0.000908	0.002291
CM	2	0.000908	0.002291
アカデミー	2	0.000908	0.002291
原田	2	0.000908	0.002291
TOKYO	2	0.000908	0.002291
77	2	0.000908	0.002291
紀	2	0.000908	0.002291
キャンペーン	2	0.000908	0.002291
,	5	0.002271	0.002271
出身	3	0.001362	0.002258
作品	3	0.001362	0.002231
ドラマ	2	0.000908	0.002177
挑戦	2	0.000908	0.002177
テレビ朝日	2	0.000908	0.002177
信	2	0.000908	0.002177
ベスト	2	0.000908	0.002177
ファッション	2	0.000908	0.002177
13	3	0.001362	0.002136
身長	2	0.000908	0.002089
書籍	2	0.000908	0.002089
好き	2	0.000908	0.002089
本名	2	0.000908	0.002089
君	2	0.000908	0.002089
こと	4	0.001817	0.002087
項目	4	0.001817	0.002076
など	4	0.001817	0.002065
か	3	0.001362	0.002036
わ	2	0.000908	0.002017
体重	2	0.000908	0.002017
—	2	0.000908	0.002017
モデル	2	0.000908	0.002017
ー	2	0.000908	0.002017
いる	4	0.001817	0.001983
20	3	0.001362	0.001983
から	4	0.001817	0.001974
TV	2	0.000908	0.001957
シングル	2	0.000908	0.001957
さ	4	0.001817	0.001936
れ	4	0.001817	0.001927
11	3	0.001362	0.001904
デビュー	2	0.000908	0.001904
R	2	0.000908	0.001904
集	2	0.000908	0.001904
歴	3	0.001362	0.001861
／	2	0.000908	0.001858
写真	2	0.000908	0.001858
cm	2	0.000908	0.001816
CD	2	0.000908	0.001816
1993	2	0.000908	0.001778
物語	2	0.000908	0.001778
※	2	0.000908	0.001778
人	3	0.001362	0.001716
1996	2	0.000908	0.001713
番組	2	0.000908	0.001683
内容	2	0.000908	0.001656
1990	2	0.000908	0.001656
れる	3	0.001362	0.001635
者	3	0.001362	0.001617
その他	2	0.000908	0.001607
活動	2	0.000908	0.001563
2002	2	0.000908	0.001563
表示	3	0.001362	0.001556
22	2	0.000908	0.001543
2005	2	0.000908	0.001543
19	2	0.000908	0.001543
80	2	0.000908	0.001523
2003	2	0.000908	0.001523
2000	2	0.000908	0.001505
〜	2	0.000908	0.001505
89	2	0.000908	0.001505
同	2	0.000908	0.001488
2008	2	0.000908	0.001488
90	2	0.000908	0.001488
い	3	0.001362	0.001487
も	3	0.001362	0.001487
脚注	2	0.000908	0.001455
B	3	0.001362	0.001451
30	2	0.000908	0.001439
2007	2	0.000908	0.001424
2004	2	0.000908	0.001424
主	2	0.000908	0.001396
市	2	0.000908	0.001383
加筆	2	0.000908	0.001370
訂正	2	0.000908	0.001370
下さる	2	0.000908	0.001370
より	3	0.001362	0.001368
羅列	1	0.000454	0.001362
列挙	1	0.000454	0.001362
組み入れる	1	0.000454	0.001362
血液	1	0.000454	0.001362
公称	1	0.000454	0.001362
168	1	0.000454	0.001362
単位	1	0.000454	0.001362
換算	1	0.000454	0.001362
″	1	0.000454	0.001362
lb	1	0.000454	0.001362
嬢	1	0.000454	0.001362
ゅう	1	0.000454	0.001362
ウィンドウ	1	0.000454	0.001362
ショッピング	1	0.000454	0.001362
スカウト	1	0.000454	0.001362
伊勢丹	1	0.000454	0.001362
SHAZNA	1	0.000454	0.001362
ボーカル	1	0.000454	0.001362
IZAM	1	0.000454	0.001362
櫻田	1	0.000454	0.001362
宗久	1	0.000454	0.001362
通販	1	0.000454	0.001362
カタログピーチジョン	1	0.000454	0.001362
ピーチ	1	0.000454	0.001362
飾る	1	0.000454	0.001362
ボディビルダー	1	0.000454	0.001362
芸名	1	0.000454	0.001362
答え	1	0.000454	0.001362
容姿	1	0.000454	0.001362
本人	1	0.000454	0.001362
クウォーター	1	0.000454	0.001362
元太郎	1	0.000454	0.001362
立体	1	0.000454	0.001362
模型	1	0.000454	0.001362
芸人	1	0.000454	0.001362
泰造	1	0.000454	0.001362
堀内	1	0.000454	0.001362
想う	1	0.000454	0.001362
オンリー・ユー	1	0.000454	0.001362
鈴木蘭々	1	0.000454	0.001362
佑香	1	0.000454	0.001362
詩	1	0.000454	0.001362
SPEED	1	0.000454	0.001362
STAR	1	0.000454	0.001362
ボウル	1	0.000454	0.001362
恋愛	1	0.000454	0.001362
内科	1	0.000454	0.001362
デ	1	0.000454	0.001362
ボラ	1	0.000454	0.001362
EYES	1	0.000454	0.001362
合作	1	0.000454	0.001362
カミュ	1	0.000454	0.001362
ホーン	1	0.000454	0.001362
テッド	1	0.000454	0.001362
ハイウェイ	1	0.000454	0.001362
DEATH	1	0.000454	0.001362
RIDE	1	0.000454	0.001362
ホラー	1	0.000454	0.001362
ゴーゴゴー	1	0.000454	0.001362
徹子	1	0.000454	0.001362
ハニカミ	1	0.000454	0.001362
デート	1	0.000454	0.001362
サルヂエ	1	0.000454	0.001362
中京	1	0.000454	0.001362
2011	1	0.000454	0.001362
中井	1	0.000454	0.001362
ブラックバラエティ	1	0.000454	0.001362
騒ぎ	1	0.000454	0.001362
ザ・イロモネア	1	0.000454	0.001362
痛快	1	0.000454	0.001362
家電	1	0.000454	0.001362
視	1	0.000454	0.001362
浜	1	0.000454	0.001362
ぷっ	1	0.000454	0.001362
すま	1	0.000454	0.001362
ダウン	1	0.000454	0.001362
DX	1	0.000454	0.001362
MAN	1	0.000454	0.001362
時短	1	0.000454	0.001362
ホンネ	1	0.000454	0.001362
紳助	1	0.000454	0.001362
わかる	1	0.000454	0.001362
まいっ	1	0.000454	0.001362
スジ	1	0.000454	0.001362
ナシ	1	0.000454	0.001362
DON	1	0.000454	0.001362
ウチ	1	0.000454	0.001362
!?（	1	0.000454	0.001362
とこ	1	0.000454	0.001362
REAL	1	0.000454	0.001362
FASHION	1	0.000454	0.001362
ギフト	1	0.000454	0.001362
アナザースカイ	1	0.000454	0.001362
御殿	1	0.000454	0.001362
まんま	1	0.000454	0.001362
韓	1	0.000454	0.001362
ぞ	1	0.000454	0.001362
うわさ	1	0.000454	0.001362
くち	1	0.000454	0.001362
こみ	1	0.000454	0.001362
ジャック	1	0.000454	0.001362
ひみ	1	0.000454	0.001362
ツアーズ	1	0.000454	0.001362
名城	1	0.000454	0.001362
三菱自動車工業	1	0.000454	0.001362
パジェロ	1	0.000454	0.001362
江崎グリコ	1	0.000454	0.001362
ポッキー	1	0.000454	0.001362
小絹	1	0.000454	0.001362
キリンビバレッジ	1	0.000454	0.001362
サプリ	1	0.000454	0.001362
BJ	1	0.000454	0.001362
プリンタ	1	0.000454	0.001362
MA	1	0.000454	0.001362
CHERIE	1	0.000454	0.001362
花王	1	0.000454	0.001362
ソフィーナ	1	0.000454	0.001362
レイシャス	1	0.000454	0.001362
オーラチェンジファンデーション	1	0.000454	0.001362
東京テレメッセージ	1	0.000454	0.001362
ターセル	1	0.000454	0.001362
SAY	1	0.000454	0.001362
ミルク	1	0.000454	0.001362
のび太	1	0.000454	0.001362
More	1	0.000454	0.001362
メロウプリティー	1	0.000454	0.001362
am	1	0.000454	0.001362
pink	1	0.000454	0.001362
We	1	0.000454	0.001362
Love	1	0.000454	0.001362
ぴょんぴょん	1	0.000454	0.001362
イルージョン	1	0.000454	0.001362
ナチュラル	1	0.000454	0.001362
あそび	1	0.000454	0.001362
Accidents	1	0.000454	0.001362
＋	1	0.000454	0.001362
arpm	1	0.000454	0.001362
チュッ	1	0.000454	0.001362
Blue	1	0.000454	0.001362
Diamond	1	0.000454	0.001362
藤代	1	0.000454	0.001362
冥	1	0.000454	0.001362
砂	1	0.000454	0.001362
コンクール	1	0.000454	0.001362
スポニチ	1	0.000454	0.001362
ベストジーニスト	1	0.000454	0.001362
ドレッサー	1	0.000454	0.001362
ネイルクイーン	1	0.000454	0.001362
感覚	1	0.000454	0.001362
puppine	1	0.000454	0.001362
巻頭	1	0.000454	0.001362
バレエ	1	0.000454	0.001362
金井	1	0.000454	0.001362
克子	1	0.000454	0.001362
糸子	1	0.000454	0.001362
悦子	1	0.000454	0.001362
丸山	1	0.000454	0.001362
明宏	1	0.000454	0.001362
ルリ子	1	0.000454	0.001362
辺見	1	0.000454	0.001362
マリ	1	0.000454	0.001362
リンダ	1	0.000454	0.001362
74	1	0.000454	0.001362
西城	1	0.000454	0.001362
ちえこ	1	0.000454	0.001362
雅子	1	0.000454	0.001362
ピンク	1	0.000454	0.001362
レディー	1	0.000454	0.001362
榊原	1	0.000454	0.001362
郁恵	1	0.000454	0.001362
河合	1	0.000454	0.001362
奈保子	1	0.000454	0.001362
よしえ	1	0.000454	0.001362
美保	1	0.000454	0.001362
田原	1	0.000454	0.001362
俊彦	1	0.000454	0.001362
今日子	1	0.000454	0.001362
沢口	1	0.000454	0.001362
靖子	1	0.000454	0.001362
本田	1	0.000454	0.001362
美奈子	1	0.000454	0.001362
南野	1	0.000454	0.001362
浅香	1	0.000454	0.001362
唯	1	0.000454	0.001362
井森	1	0.000454	0.001362
美幸	1	0.000454	0.001362
西田	1	0.000454	0.001362
ひかる	1	0.000454	0.001362
観月	1	0.000454	0.001362
ガールズ	1	0.000454	0.001362
杏樹	1	0.000454	0.001362
朝香	1	0.000454	0.001362
雛形	1	0.000454	0.001362
あきこ	1	0.000454	0.001362
広末	1	0.000454	0.001362
優香	1	0.000454	0.001362
本上	1	0.000454	0.001362
まなみ	1	0.000454	0.001362
釈由美子	1	0.000454	0.001362
遥	1	0.000454	0.001362
02	1	0.000454	0.001362
吉岡	1	0.000454	0.001362
和香	1	0.000454	0.001362
岩佐	1	0.000454	0.001362
真悠子	1	0.000454	0.001362
安田	1	0.000454	0.001362
美沙子	1	0.000454	0.001362
あき	1	0.000454	0.001362
明奈	1	0.000454	0.001362
西暦	1	0.000454	0.001362
15	2	0.000908	0.001357
C	2	0.000908	0.001345
記事	2	0.000908	0.001333
かけ	2	0.000908	0.001322
です	2	0.000908	0.001322
協力	2	0.000908	0.001311
求め	2	0.000908	0.001300
話	2	0.000908	0.001232
本文	1	0.000454	0.001225
除去	1	0.000454	0.001225
′	1	0.000454	0.001225
愛称	1	0.000454	0.001225
いち	1	0.000454	0.001225
銀座	1	0.000454	0.001225
起用	1	0.000454	0.001225
務める	1	0.000454	0.001225
わたし	1	0.000454	0.001225
コレクション	1	0.000454	0.001225
表紙	1	0.000454	0.001225
妹	1	0.000454	0.001225
爬虫類	1	0.000454	0.001225
公表	1	0.000454	0.001225
ハワイ	1	0.000454	0.001225
ハーフ	1	0.000454	0.001225
荒木	1	0.000454	0.001225
お笑い	1	0.000454	0.001225
ネプチューン	1	0.000454	0.001225
健	1	0.000454	0.001225
逢い	1	0.000454	0.001225
炎	1	0.000454	0.001225
愛さ	1	0.000454	0.001225
探偵	1	0.000454	0.001225
主演	1	0.000454	0.001225
日曜日	1	0.000454	0.001225
いぬ	1	0.000454	0.001225
えい	1	0.000454	0.001225
なんて	1	0.000454	0.001225
吉沢	1	0.000454	0.001225
悠	1	0.000454	0.001225
ナイ	1	0.000454	0.001225
正広	1	0.000454	0.001225
明石	1	0.000454	0.001225
奇跡	1	0.000454	0.001225
アンビリバボー	1	0.000454	0.001225
タウン	1	0.000454	0.001225
オレ	1	0.000454	0.001225
クイズ	1	0.000454	0.001225
月光	1	0.000454	0.001225
ガイド	1	0.000454	0.001225
分の	1	0.000454	0.001225
中部日本放送	1	0.000454	0.001225
おもい	1	0.000454	0.001225
スペシャル	1	0.000454	0.001225
握手	1	0.000454	0.001225
弾丸	1	0.000454	0.001225
体感	1	0.000454	0.001225
おし	1	0.000454	0.001225
絶対	1	0.000454	0.001225
たく	1	0.000454	0.001225
おもしろ	1	0.000454	0.001225
キヤノン	1	0.000454	0.001225
資生堂	1	0.000454	0.001225
トヨタ自動車	1	0.000454	0.001225
涙	1	0.000454	0.001225
ウサギ	1	0.000454	0.001225
GOOD	1	0.000454	0.001225
BYE	1	0.000454	0.001225
ホット	1	0.000454	0.001225
ドラえもん	1	0.000454	0.001225
南海	1	0.000454	0.001225
Kiss	1	0.000454	0.001225
series	1	0.000454	0.001225
グランプリ	1	0.000454	0.001225
高崎	1	0.000454	0.001225
ペット	1	0.000454	0.001225
西野	1	0.000454	0.001225
奈美	1	0.000454	0.001225
69	1	0.000454	0.001225
浅丘	1	0.000454	0.001225
玲子	1	0.000454	0.001225
73	1	0.000454	0.001225
秀樹	1	0.000454	0.001225
75	1	0.000454	0.001225
奈々	1	0.000454	0.001225
夏目	1	0.000454	0.001225
78	1	0.000454	0.001225
79	1	0.000454	0.001225
柏原	1	0.000454	0.001225
純	1	0.000454	0.001225
陽子	1	0.000454	0.001225
瀬戸	1	0.000454	0.001225
01	1	0.000454	0.001225
井川	1	0.000454	0.001225
04	1	0.000454	0.001225
ほし	1	0.000454	0.001225
選出	1	0.000454	0.001225
佐々木	1	0.000454	0.001225
庭	1	0.000454	0.001225
なみ	1	0.000454	0.001225
芸能人	1	0.000454	0.001225
外部	2	0.000908	0.001189
82	2	0.000908	0.001174
リンク	2	0.000908	0.001166
時点	1	0.000454	0.001145
離婚	1	0.000454	0.001145
あなた	1	0.000454	0.001145
姉	1	0.000454	0.001145
匹	1	0.000454	0.001145
囲ま	1	0.000454	0.001145
暮らし	1	0.000454	0.001145
話し	1	0.000454	0.001145
インタビュー	1	0.000454	0.001145
ブログ	1	0.000454	0.001145
周	1	0.000454	0.001145
富	1	0.000454	0.001145
?（	1	0.000454	0.001145
野村	1	0.000454	0.001145
ファースト	1	0.000454	0.001145
ライバル	1	0.000454	0.001145
原題	1	0.000454	0.001145
くれ	1	0.000454	0.001145
笑っ	1	0.000454	0.001145
もん	1	0.000454	0.001145
未来	1	0.000454	0.001145
予報	1	0.000454	0.001145
体験	1	0.000454	0.001145
SHOW	1	0.000454	0.001145
殿堂	1	0.000454	0.001145
ッ	1	0.000454	0.001145
きり	1	0.000454	0.001145
踊る	1	0.000454	0.001145
流	1	0.000454	0.001145
テレビ東京	1	0.000454	0.001145
ミニ	1	0.000454	0.001145
ハート	1	0.000454	0.001145
主題歌	1	0.000454	0.001145
名義	1	0.000454	0.001145
大賞	1	0.000454	0.001145
アイドル	1	0.000454	0.001145
マガジン	1	0.000454	0.001145
特集	1	0.000454	0.001145
67	1	0.000454	0.001145
68	1	0.000454	0.001145
71	1	0.000454	0.001145
72	1	0.000454	0.001145
岡田	1	0.000454	0.001145
小泉	1	0.000454	0.001145
涼子	1	0.000454	0.001145
美穂	1	0.000454	0.001145
03	1	0.000454	0.001145
05	1	0.000454	0.001145
06	1	0.000454	0.001145
後	2	0.000908	0.001137
あ	1	0.000454	0.001089
広告	1	0.000454	0.001089
ユニット	1	0.000454	0.001089
結成	1	0.000454	0.001089
舞台	1	0.000454	0.001089
ジョン	1	0.000454	0.001089
大型	1	0.000454	0.001089
小型	1	0.000454	0.001089
著書	1	0.000454	0.001089
命名	1	0.000454	0.001089
否定	1	0.000454	0.001089
料理	1	0.000454	0.001089
徳	1	0.000454	0.001089
部屋	1	0.000454	0.001089
ワン	1	0.000454	0.001089
じゃ	1	0.000454	0.001089
学園	1	0.000454	0.001089
THE	1	0.000454	0.001089
知っ	1	0.000454	0.001089
NHK	1	0.000454	0.001089
スター	1	0.000454	0.001089
ツアー	1	0.000454	0.001089
っ	1	0.000454	0.001089
行き	1	0.000454	0.001089
旅	1	0.000454	0.001089
毎日	1	0.000454	0.001089
山本	1	0.000454	0.001089
76	1	0.000454	0.001089
鈴木	1	0.000454	0.001089
09	1	0.000454	0.001089
希	1	0.000454	0.001089
桜	1	0.000454	0.001089
ない	2	0.000908	0.001084
整理	1	0.000454	0.001045
生年月日	1	0.000454	0.001045
年齢	1	0.000454	0.001045
57	1	0.000454	0.001045
パリ	1	0.000454	0.001045
家族	1	0.000454	0.001045
猫	1	0.000454	0.001045
父親	1	0.000454	0.001045
自分	1	0.000454	0.001045
フランス	1	0.000454	0.001045
記載	1	0.000454	0.001045
教え	1	0.000454	0.001045
準	1	0.000454	0.001045
くる	1	0.000454	0.001045
嵐	1	0.000454	0.001045
！	1	0.000454	0.001045
冒険	1	0.000454	0.001045
ビデオ	1	0.000454	0.001045
池	1	0.000454	0.001045
松本	1	0.000454	0.001045
継続	1	0.000454	0.001045
関連	2	0.000908	0.001016
ジャンル	1	0.000454	0.001009
結婚	1	0.000454	0.001009
リリース	1	0.000454	0.001009
イメージ	1	0.000454	0.001009
母	1	0.000454	0.001009
動物	1	0.000454	0.001009
に関して	1	0.000454	0.001009
ちなみに	1	0.000454	0.001009
仏	1	0.000454	0.001009
恋	1	0.000454	0.001009
!!	1	0.000454	0.001009
億	1	0.000454	0.001009
I	1	0.000454	0.001009
52	1	0.000454	0.001009
70	1	0.000454	0.001009
07	1	0.000454	0.001009
として	2	0.000908	0.000991
マン	1	0.000454	0.000978
作ら	1	0.000454	0.000978
姉妹	1	0.000454	0.000978
末	1	0.000454	0.000978
力	1	0.000454	0.000978
限り	1	0.000454	0.000978
いい	1	0.000454	0.000978
春	1	0.000454	0.000978
商品	1	0.000454	0.000978
後半	1	0.000454	0.000978
DVD	1	0.000454	0.000978
98	1	0.000454	0.000978
する	2	0.000908	0.000972
事項	1	0.000454	0.000952
kg	1	0.000454	0.000952
in	1	0.000454	0.000952
以前	1	0.000454	0.000952
と共に	1	0.000454	0.000952
96	1	0.000454	0.000952
00	1	0.000454	0.000952
井上	1	0.000454	0.000952
テンプレート	1	0.000454	0.000929
父	1	0.000454	0.000929
シリーズ	1	0.000454	0.000929
米	1	0.000454	0.000929
祭	1	0.000454	0.000929
1960	1	0.000454	0.000929
87	1	0.000454	0.000929
開催	1	0.000454	0.000929
AE	1	0.000454	0.000929
存命	1	0.000454	0.000929
カテゴリ	2	0.000908	0.000912
32	1	0.000454	0.000908
時期	1	0.000454	0.000908
思わ	1	0.000454	0.000908
世紀	1	0.000454	0.000908
含む	1	0.000454	0.000908
84	1	0.000454	0.000908
91	1	0.000454	0.000908
終了	1	0.000454	0.000908
雑誌	1	0.000454	0.000908
協会	1	0.000454	0.000908
以後	1	0.000454	0.000908
手	1	0.000454	0.000889
1994	1	0.000454	0.000889
35	1	0.000454	0.000889
92	1	0.000454	0.000889
93	1	0.000454	0.000889
97	1	0.000454	0.000889
99	1	0.000454	0.000889
ポータル	1	0.000454	0.000889
十	1	0.000454	0.000872
花	1	0.000454	0.000872
たい	1	0.000454	0.000872
音楽	1	0.000454	0.000872
23	1	0.000454	0.000872
再	1	0.000454	0.000872
生まれ	1	0.000454	0.000872
南	1	0.000454	0.000872
同年	1	0.000454	0.000856
自身	1	0.000454	0.000856
&	1	0.000454	0.000856
台	1	0.000454	0.000856
夏	1	0.000454	0.000856
同じ	1	0.000454	0.000856
放送	1	0.000454	0.000856
1970	1	0.000454	0.000856
86	1	0.000454	0.000856
構成	1	0.000454	0.000842
たち	1	0.000454	0.000842
生活	1	0.000454	0.000842
担当	1	0.000454	0.000842
女性	1	0.000454	0.000842
現	1	0.000454	0.000828
所属	1	0.000454	0.000828
名前	1	0.000454	0.000828
つ	1	0.000454	0.000828
年度	1	0.000454	0.000828
歳	1	0.000454	0.000815
31	1	0.000454	0.000815
?	1	0.000454	0.000815
18	1	0.000454	0.000815
初	1	0.000454	0.000803
学校	1	0.000454	0.000803
88	1	0.000454	0.000803
94	1	0.000454	0.000803
25	1	0.000454	0.000792
新	1	0.000454	0.000792
85	1	0.000454	0.000792
95	1	0.000454	0.000792
アメリカ	1	0.000454	0.000781
知ら	1	0.000454	0.000781
29	1	0.000454	0.000781
公式	1	0.000454	0.000781
1980	1	0.000454	0.000781
AA	1	0.000454	0.000781
17	1	0.000454	0.000771
28	1	0.000454	0.000771
PJ	1	0.000454	0.000771
年生	1	0.000454	0.000771
だけ	1	0.000454	0.000762
に関する	1	0.000454	0.000753
必要	1	0.000454	0.000744
他	1	0.000454	0.000744
]。	1	0.000454	0.000744
P	1	0.000454	0.000735
数	1	0.000454	0.000720
三	1	0.000454	0.000720
14	1	0.000454	0.000712
D	1	0.000454	0.000712
地	1	0.000454	0.000698
その後	1	0.000454	0.000698
元	1	0.000454	0.000698
16	1	0.000454	0.000698
時	1	0.000454	0.000685
.^	1	0.000454	0.000673
によって	1	0.000454	0.000667
大	1	0.000454	0.000667
中	1	0.000454	0.000620
による	1	0.000454	0.000620
現在	1	0.000454	0.000611
まで	1	0.000454	0.000611
表	1	0.000454	0.000611
なる	1	0.000454	0.000603
編	1	0.000454	0.000603
という	1	0.000454	0.000599
83	1	0.000454	0.000572
目次	1	0.000454	0.000519
非	1	0.000454	0.000511
/%	1	0.000454	0.000468
http	1	0.000454	0.000456
://	1	0.000454	0.000456
ja	1	0.000454	0.000456
wikipedia	1	0.000454	0.000456
org	1	0.000454	0.000456
wiki	1	0.000454	0.000456
作成	1	0.000454	0.000456
出典	1	0.000454	0.000454
フリー	1	0.000454	0.000454
百科	1	0.000454	0.000454
事典	1	0.000454	0.000454
ウィキペディア	1	0.000454	0.000454
Wikipedia	1	0.000454	0.000454
移動	1	0.000454	0.000454
ナビゲーション	1	0.000454	0.000454
検索	1	0.000454	0.000454
