、	108	0.068010	0.068010
の	89	0.056045	0.056045
を	36	0.022670	0.022670
若野	11	0.006927	0.020781
に	31	0.019521	0.019521
。	30	0.018892	0.018892
「	28	0.017632	0.017632
」	27	0.017003	0.017003
た	26	0.016373	0.016444
で	26	0.016373	0.016444
（	24	0.015113	0.015113
）	24	0.015113	0.015113
　	16	0.010076	0.014427
と	21	0.013224	0.013282
映像	10	0.006297	0.012882
年	19	0.011965	0.012455
デザイン	9	0.005668	0.011885
な	16	0.010076	0.011637
TVCM	6	0.003778	0.011334
VJ	6	0.003778	0.011334
・	16	0.010076	0.010347
れ	15	0.009446	0.010017
キャンペーン	6	0.003778	0.009531
DJ	5	0.003149	0.009447
NIKE	5	0.003149	0.009447
広告	6	0.003778	0.009059
し	14	0.008816	0.008816
イラストレーション	5	0.003149	0.008499
が	13	0.008186	0.008258
桂	5	0.003149	0.007945
賞	6	0.003778	0.007922
社	7	0.004408	0.007587
さ	11	0.006927	0.007381
て	11	0.006927	0.007019
は	11	0.006927	0.006927
-	10	0.006297	0.006840
イラストレーター	4	0.002519	0.006799
受賞	5	0.003149	0.006786
日本	9	0.005668	0.006728
作家	4	0.002519	0.006355
担当	5	0.003149	0.005838
KRUSH	3	0.001889	0.005667
NY	3	0.001889	0.005667
北米	3	0.001889	0.005667
ロボット	3	0.001889	0.005667
AIBO	3	0.001889	0.005667
ラッテ	3	0.001889	0.005667
プロダクト	3	0.001889	0.005667
GO	3	0.001889	0.005667
個展	3	0.001889	0.005667
人気	4	0.002519	0.005597
展開	4	0.002519	0.005597
制作	4	0.002519	0.005597
他	5	0.003149	0.005159
%	8	0.005038	0.005105
愛さ	3	0.001889	0.005098
的	6	0.003778	0.004883
音楽	4	0.002519	0.004839
も	7	0.004408	0.004811
する	7	0.004408	0.004719
ISBN	4	0.002519	0.004594
バスケットボール	3	0.001889	0.004530
ミュージック	3	0.001889	0.004530
展	3	0.001889	0.004530
における	4	0.002519	0.004524
岐阜	3	0.001889	0.004347
アメリカ	4	0.002519	0.004336
など	6	0.003778	0.004294
現在	5	0.003149	0.004241
ロンドン	3	0.001889	0.004197
2000	4	0.002519	0.004175
イギリス	3	0.001889	0.003864
キャラクター	3	0.001889	0.003864
編集	6	0.003778	0.003845
[	6	0.003778	0.003828
]	6	0.003778	0.003828
人物	4	0.002519	0.003800
1968	3	0.001889	0.003778
グラフィックデザイナー	2	0.001259	0.003777
アート	2	0.001259	0.003777
ベジェ	2	0.001259	0.003777
DCG	2	0.001259	0.003777
ファンキー	2	0.001259	0.003777
United	2	0.001259	0.003777
Organization	2	0.001259	0.003777
若者	2	0.001259	0.003777
ボード	2	0.001259	0.003777
フェスティバル	2	0.001259	0.003777
アクティブ	2	0.001259	0.003777
Orb	2	0.001259	0.003777
マカロン	2	0.001259	0.003777
aibo	2	0.001259	0.003777
デザイナー	2	0.001259	0.003777
グッド	2	0.001259	0.003777
日経	2	0.001259	0.003777
銅賞	2	0.001259	0.003777
Girl	2	0.001259	0.003777
studio	2	0.001259	0.003777
ソニーマガジンズ	2	0.001259	0.003777
パルコギャラリー	2	0.001259	0.003777
LA	2	0.001259	0.003777
や	5	0.003149	0.003717
番組	3	0.001889	0.003502
歴	4	0.002519	0.003442
Future	2	0.001259	0.003398
カッティング	2	0.001259	0.003398
エッジ	2	0.001259	0.003398
手がける	2	0.001259	0.003398
レコード	2	0.001259	0.003398
パーティ	2	0.001259	0.003398
オーディオ	2	0.001259	0.003398
クリップ	2	0.001259	0.003398
グラフィック	2	0.001259	0.003398
パッケージ	2	0.001259	0.003398
アワード	2	0.001259	0.003398
|	5	0.003149	0.003324
展示	2	0.001259	0.003176
曲線	2	0.001259	0.003176
独特	2	0.001259	0.003176
数々	2	0.001259	0.003176
ビル	2	0.001259	0.003176
アニメーション	2	0.001259	0.003176
RAW	2	0.001259	0.003176
人	4	0.002519	0.003173
後	4	0.002519	0.003153
年代	3	0.001889	0.003131
2001	3	0.001889	0.003060
また	4	0.002519	0.003024
著書	2	0.001259	0.003019
世界中	2	0.001259	0.003019
ファッション	2	0.001259	0.003019
for	2	0.001259	0.003019
世界	3	0.001889	0.002963
2004	3	0.001889	0.002963
イタリア	2	0.001259	0.002897
ビデオ	2	0.001259	0.002897
オリジナル	2	0.001259	0.002797
得る	2	0.001259	0.002797
日本人	2	0.001259	0.002797
アジア	2	0.001259	0.002797
評価	2	0.001259	0.002797
工業	2	0.001259	0.002797
部門	2	0.001259	0.002797
によって	3	0.001889	0.002774
として	4	0.002519	0.002750
い	4	0.002519	0.002750
街	2	0.001259	0.002713
企画	2	0.001259	0.002713
人々	2	0.001259	0.002713
監督	2	0.001259	0.002640
The	2	0.001259	0.002640
よう	3	0.001889	0.002601
中	3	0.001889	0.002581
一	3	0.001889	0.002581
／	2	0.001259	0.002576
E	4	0.002519	0.002552
経歴	2	0.001259	0.002518
CD	2	0.001259	0.002518
テレビ	2	0.001259	0.002518
リンク	3	0.001889	0.002425
1999	2	0.001259	0.002375
にて	2	0.001259	0.002375
'	2	0.001259	0.002334
参加	2	0.001259	0.002334
そして	2	0.001259	0.002334
位	2	0.001259	0.002334
多数	2	0.001259	0.002334
あっ	3	0.001889	0.002322
1990	2	0.001259	0.002296
1998	2	0.001259	0.002296
登場	2	0.001259	0.002261
31	2	0.001259	0.002261
初	2	0.001259	0.002228
型	2	0.001259	0.002197
活動	2	0.001259	0.002167
2006	2	0.001259	0.002167
2003	2	0.001259	0.002112
作品	2	0.001259	0.002063
から	3	0.001889	0.002052
および	2	0.001259	0.001996
ある	3	0.001889	0.001994
2	3	0.001889	0.001975
8	3	0.001889	0.001975
存在	2	0.001259	0.001975
3	3	0.001889	0.001957
もし	1	0.000630	0.001890
かつら	1	0.000630	0.001890
KATSURA	1	0.000630	0.001890
MOSHINO	1	0.000630	0.001890
大垣	1	0.000630	0.001890
アップル	1	0.000630	0.001890
Macintosh	1	0.000630	0.001890
アドビ	1	0.000630	0.001890
ソフトウエア	1	0.000630	0.001890
Illustrator	1	0.000630	0.001890
スモーキーカラー	1	0.000630	0.001890
フューチャリスティック	1	0.000630	0.001890
グラフィックス	1	0.000630	0.001890
パイオニア	1	0.000630	0.001890
オムニバス	1	0.000630	0.001890
presents	1	0.000630	0.001890
MULTI	1	0.000630	0.001890
DIRECTION	1	0.000630	0.001890
マンディ	1	0.000630	0.001890
満ちる	1	0.000630	0.001890
モンドグロッソ	1	0.000630	0.001890
bird	1	0.000630	0.001890
フライヤー	1	0.000630	0.001890
VIVA	1	0.000630	0.001890
ビバ・ユー	1	0.000630	0.001890
ガーリー	1	0.000630	0.001890
作り上げ	1	0.000630	0.001890
爆発	1	0.000630	0.001890
ジェフリー・フルビマーリ	1	0.000630	0.001890
ヒロシ	1	0.000630	0.001890
ジェイソン・ブルックス	1	0.000630	0.001890
並ん	1	0.000630	0.001890
アイコ	1	0.000630	0.001890
CC	1	0.000630	0.001890
レモン・モシノグッズ・キャンペーン	1	0.000630	0.001890
老若男女	1	0.000630	0.001890
抜擢	1	0.000630	0.001890
URBAN	1	0.000630	0.001890
ATTACK	1	0.000630	0.001890
題さ	1	0.000630	0.001890
埋め	1	0.000630	0.001890
スモーキー	1	0.000630	0.001890
モシノ・ピンク	1	0.000630	0.001890
Japanese	1	0.000630	0.001890
twist	1	0.000630	0.001890
ヒネリ	1	0.000630	0.001890
評さ	1	0.000630	0.001890
クリントン	1	0.000630	0.001890
キッ	1	0.000630	0.001890
クス	1	0.000630	0.001890
バスケット	1	0.000630	0.001890
シューズ	1	0.000630	0.001890
ヒップホップカルチャー	1	0.000630	0.001890
ディープ	1	0.000630	0.001890
PLAYER	1	0.000630	0.001890
DElIGHT	1	0.000630	0.001890
実在	1	0.000630	0.001890
アスリート	1	0.000630	0.001890
ラッパー	1	0.000630	0.001890
ZEEBRA	1	0.000630	0.001890
TWIGY	1	0.000630	0.001890
DEV	1	0.000630	0.001890
LARGE	1	0.000630	0.001890
高値	1	0.000630	0.001890
プレミア	1	0.000630	0.001890
ポータルサイト	1	0.000630	0.001890
留まら	1	0.000630	0.001890
ミキサー	1	0.000630	0.001890
ミックス	1	0.000630	0.001890
芝浦	1	0.000630	0.001890
バースデー	1	0.000630	0.001890
JAZZIN	1	0.000630	0.001890
'」、	1	0.000630	0.001890
レインボー	1	0.000630	0.001890
リキッドルーム	1	0.000630	0.001890
宇川	1	0.000630	0.001890
直宏	1	0.000630	0.001890
ムーブメント	1	0.000630	0.001890
オリジネイター	1	0.000630	0.001890
モード学園	1	0.000630	0.001890
竹村	1	0.000630	0.001890
ノブ	1	0.000630	0.001890
カズ	1	0.000630	0.001890
sign	1	0.000630	0.001890
口コミ	1	0.000630	0.001890
プエルトリコ	1	0.000630	0.001890
インディ	1	0.000630	0.001890
招待	1	0.000630	0.001890
脚光	1	0.000630	0.001890
ライブ	1	0.000630	0.001890
NO	1	0.000630	0.001890
MORE	1	0.000630	0.001890
飛び入り	1	0.000630	0.001890
メタモルフォーゼ	1	0.000630	0.001890
ジ・オーブ	1	0.000630	0.001890
nobodyknows	1	0.000630	0.001890
ココロオドル	1	0.000630	0.001890
行程	1	0.000630	0.001890
レンジ	1	0.000630	0.001890
MEKOOR	1	0.000630	0.001890
SAZABY	1	0.000630	0.001890
カーサ・ブルータス	1	0.000630	0.001890
キュレーター	1	0.000630	0.001890
インハウス	1	0.000630	0.001890
しめ	1	0.000630	0.001890
一掃	1	0.000630	0.001890
パピー	1	0.000630	0.001890
子犬	1	0.000630	0.001890
理系	1	0.000630	0.001890
性別	1	0.000630	0.001890
可愛	1	0.000630	0.001890
滲み	1	0.000630	0.001890
テディベア	1	0.000630	0.001890
パグ	1	0.000630	0.001890
ランナー	1	0.000630	0.001890
ライブ・ペインティング	1	0.000630	0.001890
ペインティング	1	0.000630	0.001890
インスパイア	1	0.000630	0.001890
真似事	1	0.000630	0.001890
ライブ・ペインティング・ブーム	1	0.000630	0.001890
火付け	1	0.000630	0.001890
キヤノン・デジタル・クリエーターズ・コンテスト	1	0.000630	0.001890
TOMATO	1	0.000630	0.001890
ビューティーン・ヘアカラー	1	0.000630	0.001890
エビアン	1	0.000630	0.001890
ボトル	1	0.000630	0.001890
多才	1	0.000630	0.001890
Moshino	1	0.000630	0.001890
河出	1	0.000630	0.001890
4309902804	1	0.000630	0.001890
COMMUNICATION	1	0.000630	0.001890
ロウ	1	0.000630	0.001890
4794966806	1	0.000630	0.001890
アイボ・ブック	1	0.000630	0.001890
4789717453	1	0.000630	0.001890
DOGS	1	0.000630	0.001890
ドッグス	1	0.000630	0.001890
キース・ヘリング	1	0.000630	0.001890
4789717364	1	0.000630	0.001890
渋谷	1	0.000630	0.001890
エコノミー	1	0.000630	0.001890
DISCOGRAPHY	1	0.000630	0.001890
Chilling	1	0.000630	0.001890
Madness	1	0.000630	0.001890
Sweeties	1	0.000630	0.001890
キヤノン・ワンダーミュージアム	1	0.000630	0.001890
VS	1	0.000630	0.001890
ヴァーサス	1	0.000630	0.001890
パルコ	1	0.000630	0.001890
ミュージアム	1	0.000630	0.001890
UP	1	0.000630	0.001890
OUR	1	0.000630	0.001890
SLEEVE	1	0.000630	0.001890
ADIDAS	1	0.000630	0.001890
EXHIBITION	1	0.000630	0.001890
HIDE	1	0.000630	0.001890
SEEK	1	0.000630	0.001890
シャワー	1	0.000630	0.001890
ブレイクスルー	1	0.000630	0.001890
マイコミジャーナル	1	0.000630	0.001890
新型	1	0.000630	0.001890
テレバイダー	1	0.000630	0.001890
MXTV	1	0.000630	0.001890
:	3	0.001889	0.001889
等	2	0.001259	0.001865
使用	2	0.001259	0.001849
県	2	0.001259	0.001803
ディレクター	1	0.000630	0.001700
生み出し	1	0.000630	0.001700
浸透	1	0.000630	0.001700
輸入	1	0.000630	0.001700
YOU	1	0.000630	0.001700
流行	1	0.000630	0.001700
敏感	1	0.000630	0.001700
ブーム	1	0.000630	0.001700
ン	1	0.000630	0.001700
サントリー	1	0.000630	0.001700
尽くさ	1	0.000630	0.001700
ピンク色	1	0.000630	0.001700
FUNK	1	0.000630	0.001700
ブラック	1	0.000630	0.001700
カルチャー	1	0.000630	0.001700
根付い	1	0.000630	0.001700
ワーク	1	0.000630	0.001700
NBA	1	0.000630	0.001700
ラップ	1	0.000630	0.001700
レコーディング	1	0.000630	0.001700
GOLD	1	0.000630	0.001700
径	1	0.000630	0.001700
ホット	1	0.000630	0.001700
スリー	1	0.000630	0.001700
新宿	1	0.000630	0.001700
歌舞伎町	1	0.000630	0.001700
康	1	0.000630	0.001700
うた	1	0.000630	0.001700
キュー	1	0.000630	0.001700
イラン	1	0.000630	0.001700
浴びる	1	0.000630	0.001700
イラク	1	0.000630	0.001700
WAR	1	0.000630	0.001700
脚本	1	0.000630	0.001700
カメラ	1	0.000630	0.001700
東芝	1	0.000630	0.001700
バッグ	1	0.000630	0.001700
SONY	1	0.000630	0.001700
迎え	1	0.000630	0.001700
選出	1	0.000630	0.001700
ペット	1	0.000630	0.001700
起動	1	0.000630	0.001700
永く	1	0.000630	0.001700
熟慮	1	0.000630	0.001700
オーナー	1	0.000630	0.001700
披露	1	0.000630	0.001700
キヤノン	1	0.000630	0.001700
審査	1	0.000630	0.001700
works	1	0.000630	0.001700
ワークス	1	0.000630	0.001700
コミュニケーション	1	0.000630	0.001700
晶文社	1	0.000630	0.001700
BOOK	1	0.000630	0.001700
MY	1	0.000630	0.001700
香港	1	0.000630	0.001700
シンガポール	1	0.000630	0.001700
アメリカン	1	0.000630	0.001700
まで	2	0.001259	0.001696
という	2	0.001259	0.001660
外部	2	0.001259	0.001649
駆使	1	0.000630	0.001589
作風	1	0.000630	0.001589
初頭	1	0.000630	0.001589
アーティスト	1	0.000630	0.001589
ジャケット	1	0.000630	0.001589
ブランド	1	0.000630	0.001589
田辺	1	0.000630	0.001589
飲料	1	0.000630	0.001589
典	1	0.000630	0.001589
ばん	1	0.000630	0.001589
CM	1	0.000630	0.001589
シカゴ	1	0.000630	0.001589
購入	1	0.000630	0.001589
ニューヨーク	1	0.000630	0.001589
オフィシャル	1	0.000630	0.001589
メディア	1	0.000630	0.001589
公募	1	0.000630	0.001589
グッズ	1	0.000630	0.001589
SHOW	1	0.000630	0.001589
マイケル	1	0.000630	0.001589
ON	1	0.000630	0.001589
AND	1	0.000630	0.001589
なっ	2	0.001259	0.001512
れる	2	0.001259	0.001512
手法	1	0.000630	0.001511
命名	1	0.000630	0.001511
師	1	0.000630	0.001511
チャート	1	0.000630	0.001511
大型	1	0.000630	0.001511
ツアー	1	0.000630	0.001511
電子	1	0.000630	0.001511
達	1	0.000630	0.001511
優れ	1	0.000630	0.001511
選ば	1	0.000630	0.001511
NHK	1	0.000630	0.001511
トップ	1	0.000630	0.001511
観	1	0.000630	0.001511
次々	1	0.000630	0.001511
役	1	0.000630	0.001511
名古屋	1	0.000630	0.001511
ウェブサイト	1	0.000630	0.001511
県立	1	0.000630	0.001450
手がけ	1	0.000630	0.001450
ジョージ	1	0.000630	0.001450
非常	1	0.000630	0.001450
TBS	1	0.000630	0.001450
スペイン	1	0.000630	0.001450
上映	1	0.000630	0.001450
年齢	1	0.000630	0.001450
書房	1	0.000630	0.001450
パリ	1	0.000630	0.001450
この	2	0.001259	0.001402
話題	1	0.000630	0.001400
使い	1	0.000630	0.001400
限定	1	0.000630	0.001400
主催	1	0.000630	0.001400
イベント	1	0.000630	0.001400
リリース	1	0.000630	0.001400
言葉	1	0.000630	0.001400
従来	1	0.000630	0.001400
イメージ	1	0.000630	0.001400
出る	1	0.000630	0.001400
バック	1	0.000630	0.001400
範囲	1	0.000630	0.001400
翻訳	1	0.000630	0.001400
いる	2	0.001259	0.001374
A	2	0.001259	0.001361
後半	1	0.000630	0.001358
かつ	1	0.000630	0.001358
アルバム	1	0.000630	0.001358
逆	1	0.000630	0.001358
商品	1	0.000630	0.001358
マン	1	0.000630	0.001358
なか	1	0.000630	0.001358
シングル	1	0.000630	0.001358
ヨーロッパ	1	0.000630	0.001358
至る	1	0.000630	0.001358
X	1	0.000630	0.001358
企業	1	0.000630	0.001358
L	1	0.000630	0.001358
グループ	1	0.000630	0.001358
スペース	1	0.000630	0.001358
TV	1	0.000630	0.001358
採用	1	0.000630	0.001321
専用	1	0.000630	0.001321
小林	1	0.000630	0.001321
+	1	0.000630	0.001321
世	1	0.000630	0.001321
出演	1	0.000630	0.001321
各地	1	0.000630	0.001321
著	1	0.000630	0.001321
日本語	1	0.000630	0.001321
5	2	0.001259	0.001305
1	2	0.001259	0.001299
卒業	1	0.000630	0.001289
色	1	0.000630	0.001289
生	1	0.000630	0.001289
祭	1	0.000630	0.001289
シリーズ	1	0.000630	0.001289
著名	1	0.000630	0.001289
始め	1	0.000630	0.001289
87	1	0.000630	0.001289
存命	1	0.000630	0.001289
/	2	0.001259	0.001264
作成	2	0.001259	0.001264
経	1	0.000630	0.001260
S	1	0.000630	0.001260
雑誌	1	0.000630	0.001260
様々	1	0.000630	0.001260
s	1	0.000630	0.001260
.	2	0.001259	0.001259
1986	1	0.000630	0.001234
東	1	0.000630	0.001234
発売	1	0.000630	0.001234
得	1	0.000630	0.001234
総	1	0.000630	0.001234
形成	1	0.000630	0.001234
はじめ	1	0.000630	0.001234
戦争	1	0.000630	0.001234
全て	1	0.000630	0.001234
高い	1	0.000630	0.001234
員	1	0.000630	0.001234
大阪	1	0.000630	0.001234
生まれ	1	0.000630	0.001210
記録	1	0.000630	0.001210
映画	1	0.000630	0.001210
規模	1	0.000630	0.001210
多	1	0.000630	0.001210
高等	1	0.000630	0.001188
全国	1	0.000630	0.001188
西	1	0.000630	0.001188
&	1	0.000630	0.001188
放送	1	0.000630	0.001188
女性	1	0.000630	0.001168
たち	1	0.000630	0.001168
内容	1	0.000630	0.001149
特に	1	0.000630	0.001149
学校	1	0.000630	0.001115
その他	1	0.000630	0.001115
及び	1	0.000630	0.001099
行っ	1	0.000630	0.001099
1980	1	0.000630	0.001084
版	1	0.000630	0.001084
開始	1	0.000630	0.001084
知ら	1	0.000630	0.001084
2002	1	0.000630	0.001084
公式	1	0.000630	0.001084
でも	1	0.000630	0.001070
年生	1	0.000630	0.001070
だけ	1	0.000630	0.001057
当時	1	0.000630	0.001044
行う	1	0.000630	0.001044
出身	1	0.000630	0.001044
90	1	0.000630	0.001032
同	1	0.000630	0.001032
P	1	0.000630	0.001020
内	1	0.000630	0.001020
行わ	1	0.000630	0.001009
関係	1	0.000630	0.000999
14	1	0.000630	0.000988
受け	1	0.000630	0.000978
化	1	0.000630	0.000969
それ	1	0.000630	0.000959
なく	1	0.000630	0.000959
時	1	0.000630	0.000950
せ	1	0.000630	0.000942
記事	1	0.000630	0.000925
二	1	0.000630	0.000917
ず	1	0.000630	0.000902
なり	1	0.000630	0.000895
なる	1	0.000630	0.000837
もの	1	0.000630	0.000837
82	1	0.000630	0.000814
ため	1	0.000630	0.000774
ない	1	0.000630	0.000752
者	1	0.000630	0.000748
日	1	0.000630	0.000736
目次	1	0.000630	0.000720
表示	1	0.000630	0.000720
非	1	0.000630	0.000709
6	1	0.000630	0.000698
9	1	0.000630	0.000688
4	1	0.000630	0.000674
B	1	0.000630	0.000671
/%	1	0.000630	0.000650
http	1	0.000630	0.000633
://	1	0.000630	0.000633
ja	1	0.000630	0.000633
wikipedia	1	0.000630	0.000633
org	1	0.000630	0.000633
wiki	1	0.000630	0.000633
より	1	0.000630	0.000633
カテゴリ	1	0.000630	0.000633
出典	1	0.000630	0.000630
フリー	1	0.000630	0.000630
百科	1	0.000630	0.000630
事典	1	0.000630	0.000630
『	1	0.000630	0.000630
ウィキペディア	1	0.000630	0.000630
Wikipedia	1	0.000630	0.000630
』	1	0.000630	0.000630
移動	1	0.000630	0.000630
ナビゲーション	1	0.000630	0.000630
,	1	0.000630	0.000630
検索	1	0.000630	0.000630
