食べ	17	0.019058	0.057174
の	42	0.047085	0.047085
、	33	0.036996	0.036996
給食	11	0.012332	0.033284
に	29	0.032511	0.032511
三角	10	0.011211	0.030258
た	23	0.025785	0.025898
が	22	0.024664	0.024880
で	22	0.024664	0.024772
指導	8	0.008969	0.020638
。	18	0.020179	0.020179
牛乳	6	0.006726	0.020178
学校	10	0.011211	0.019838
は	16	0.017937	0.017937
和食	5	0.005605	0.016815
を	14	0.015695	0.015695
角	5	0.005605	0.015128
れ	11	0.012332	0.013078
教育	6	0.006726	0.012686
%	11	0.012332	0.012495
食べる	4	0.004484	0.012102
て	10	0.011211	0.011359
と	9	0.010090	0.010134
し	9	0.010090	0.010090
.	9	0.010090	0.010090
是非	3	0.003363	0.010089
パン	3	0.003363	0.010089
生徒	3	0.003363	0.010089
ご飯	3	0.003363	0.010089
さ	8	0.008969	0.009556
なっ	7	0.007848	0.009423
[	8	0.008969	0.009088
]	8	0.008969	0.009088
三	5	0.005605	0.008884
たり	4	0.004484	0.008782
ある	7	0.007848	0.008284
食	3	0.003363	0.008064
（	7	0.007848	0.007848
）	7	0.007848	0.007848
な	6	0.006726	0.007768
児童	3	0.003363	0.007738
よう	5	0.005605	0.007717
など	6	0.006726	0.007645
も	6	0.006726	0.007342
において	4	0.004484	0.007034
ため	5	0.005605	0.006889
方	3	0.003363	0.006880
味噌汁	2	0.002242	0.006726
米飯	2	0.002242	0.006726
汁	2	0.002242	0.006726
食事	2	0.002242	0.006726
嫌い	2	0.002242	0.006726
逸脱	2	0.002242	0.006726
唾液	2	0.002242	0.006726
分泌	2	0.002242	0.006726
ない	5	0.005605	0.006691
日本	5	0.005605	0.006654
管理	3	0.003363	0.006587
1970	3	0.003363	0.006343
いる	5	0.005605	0.006118
おかず	2	0.002242	0.006051
習慣	2	0.002242	0.006051
そのもの	2	0.002242	0.006051
摂取	2	0.002242	0.006051
という	4	0.004484	0.005913
3	5	0.005605	0.005808
千葉	2	0.002242	0.005656
年代	3	0.003363	0.005574
当時	3	0.003363	0.005574
行わ	3	0.003363	0.005388
概念	2	0.002242	0.005376
世代	2	0.002242	0.005376
口	2	0.002242	0.005159
978	2	0.002242	0.005159
.^	3	0.003363	0.004982
本来	2	0.002242	0.004981
M	2	0.002242	0.004981
9	4	0.004484	0.004894
-	4	0.004484	0.004870
“	2	0.002242	0.004831
”	2	0.002242	0.004701
・	4	0.004484	0.004604
一	3	0.003363	0.004596
編集	4	0.004484	0.004563
E	4	0.004484	0.004543
→	2	0.002242	0.004156
以外	2	0.002242	0.004089
問題	2	0.002242	0.004089
ISBN	2	0.002242	0.004089
における	2	0.002242	0.004026
こと	3	0.003363	0.003863
この	3	0.003363	0.003745
一部	2	0.002242	0.003673
他	2	0.002242	0.003673
として	3	0.003363	0.003671
のみ	2	0.002242	0.003632
する	3	0.003363	0.003600
脚注	2	0.002242	0.003592
2	3	0.003363	0.003517
年	3	0.003363	0.003501
1	3	0.003363	0.003469
上	2	0.002242	0.003414
かく	1	0.001121	0.003363
たべ	1	0.001121	0.003363
順序よく	1	0.001121	0.003363
おいしく	1	0.001121	0.003363
味わう	1	0.001121	0.003363
触れ込み	1	0.001121	0.003363
広め	1	0.001121	0.003363
順序	1	0.001121	0.003363
三角形	1	0.001121	0.003363
洋食	1	0.001121	0.003363
一方向	1	0.001121	0.003363
農政	1	0.001121	0.003363
余剰	1	0.001121	0.003363
促進	1	0.001121	0.003363
飲ま	1	0.001121	0.003363
菜	1	0.001121	0.003363
些か	1	0.001121	0.003363
取り合わせ	1	0.001121	0.003363
メニュー	1	0.001121	0.003363
カロリー	1	0.001121	0.003363
従わ	1	0.001121	0.003363
体罰	1	0.001121	0.003363
歩き	1	0.001121	0.003363
エスカレート	1	0.001121	0.003363
職権	1	0.001121	0.003363
濫用	1	0.001121	0.003363
該当	1	0.001121	0.003363
口内	1	0.001121	0.003363
栄養士	1	0.001121	0.003363
飲み物	1	0.001121	0.003363
飲み込む	1	0.001121	0.003363
押し流す	1	0.001121	0.003363
咀嚼	1	0.001121	0.003363
おろそか	1	0.001121	0.003363
口腔	1	0.001121	0.003363
モラル	1	0.001121	0.003363
ハラスメント	1	0.001121	0.003363
育	1	0.001121	0.003363
食卓	1	0.001121	0.003363
一郎	1	0.001121	0.003363
ドライ	1	0.001121	0.003363
マウス	1	0.001121	0.003363
乾い	1	0.001121	0.003363
?』	1	0.001121	0.003363
4535982246	1	0.001121	0.003363
Edgar	1	0.001121	0.003363
Mullane	1	0.001121	0.003363
Saliva	1	0.001121	0.003363
oral	1	0.001121	0.003363
health	1	0.001121	0.003363
Dental	1	0.001121	0.003363
Journal	1	0.001121	0.003363
0904588309	1	0.001121	0.003363
詳しい	1	0.001121	0.003363
:	3	0.003363	0.003363
「	3	0.003363	0.003363
」	3	0.003363	0.003363
か	2	0.002242	0.003351
ず	2	0.002242	0.003210
県	2	0.002242	0.003210
中	2	0.002242	0.003064
飯	1	0.001121	0.003026
呼び	1	0.001121	0.003026
具体	1	0.001121	0.003026
消費	1	0.001121	0.003026
茶	1	0.001121	0.003026
飲む	1	0.001121	0.003026
変わら	1	0.001121	0.003026
外れ	1	0.001121	0.003026
所要	1	0.001121	0.003026
趣旨	1	0.001121	0.003026
弊害	1	0.001121	0.003026
極端	1	0.001121	0.003026
教師	1	0.001121	0.003026
公務員	1	0.001121	0.003026
刑法	1	0.001121	0.003026
固有	1	0.001121	0.003026
調味	1	0.001121	0.003026
実践	1	0.001121	0.003026
推奨	1	0.001121	0.003026
かね	1	0.001121	0.003026
乾燥	1	0.001121	0.003026
歯科	1	0.001121	0.003026
医	1	0.001121	0.003026
親子	1	0.001121	0.003026
評論	1	0.001121	0.003026
W	1	0.001121	0.003026
British	1	0.001121	0.003026
言及	1	0.001121	0.003026
水分	1	0.001121	0.003026
現在	2	0.002242	0.003019
もの	2	0.002242	0.002977
的	2	0.002242	0.002898
主流	1	0.001121	0.002828
飲料	1	0.001121	0.002828
供	1	0.001121	0.002828
あろ	1	0.001121	0.002828
家庭	1	0.001121	0.002828
違法	1	0.001121	0.002828
生じ	1	0.001121	0.002828
斎藤	1	0.001121	0.002828
あなた	1	0.001121	0.002828
ませ	1	0.001121	0.002828
あっ	2	0.002242	0.002756
導入	1	0.001121	0.002688
手段	1	0.001121	0.002688
監視	1	0.001121	0.002688
教員	1	0.001121	0.002688
比べ	1	0.001121	0.002688
行為	1	0.001121	0.002688
罪	1	0.001121	0.002688
193	1	0.001121	0.002688
行なわ	1	0.001121	0.002688
症	1	0.001121	0.002688
).	1	0.001121	0.002688
や	2	0.002242	0.002647
東日本	1	0.001121	0.002579
強制	1	0.001121	0.002579
1976	1	0.001121	0.002579
伝統	1	0.001121	0.002579
不明	1	0.001121	0.002579
現れ	1	0.001121	0.002579
条	1	0.001121	0.002579
現場	1	0.001121	0.002579
異常	1	0.001121	0.002579
主張	1	0.001121	0.002579
学ぶ	1	0.001121	0.002579
わけ	1	0.001121	0.002579
項目	2	0.002242	0.002562
月	2	0.002242	0.002535
関連	2	0.002242	0.002509
まま	1	0.001121	0.002491
なぜ	1	0.001121	0.002491
範囲	1	0.001121	0.002491
O	1	0.001121	0.002491
い	2	0.002242	0.002447
7	2	0.002242	0.002447
A	2	0.002242	0.002423
なけれ	1	0.001121	0.002416
起こっ	1	0.001121	0.002416
至る	1	0.001121	0.002416
4	2	0.002242	0.002400
B	2	0.002242	0.002389
|	2	0.002242	0.002366
さん	1	0.001121	0.002351
方法	1	0.001121	0.002351
例	1	0.001121	0.002351
and	1	0.001121	0.002351
直接	1	0.001121	0.002351
8	2	0.002242	0.002345
といった	1	0.001121	0.002293
米	1	0.001121	0.002293
『	2	0.002242	0.002242
,	2	0.002242	0.002242
いっ	1	0.001121	0.002242
子供	1	0.001121	0.002242
上記	1	0.001121	0.002242
様々	1	0.001121	0.002242
少なく	1	0.001121	0.002242
同様	1	0.001121	0.002196
考え	1	0.001121	0.002196
これら	1	0.001121	0.002196
92	1	0.001121	0.002196
為	1	0.001121	0.002153
含ま	1	0.001121	0.002153
生まれ	1	0.001121	0.002153
ん	1	0.001121	0.002153
なら	1	0.001121	0.002114
発生	1	0.001121	0.002114
権	1	0.001121	0.002114
一方	1	0.001121	0.002114
形	1	0.001121	0.002114
基本	1	0.001121	0.002114
'	1	0.001121	0.002078
とき	1	0.001121	0.002045
頃	1	0.001121	0.002045
1990	1	0.001121	0.002045
結果	1	0.001121	0.002013
または	1	0.001121	0.001984
文化	1	0.001121	0.001984
行っ	1	0.001121	0.001956
開始	1	0.001121	0.001930
社	1	0.001121	0.001930
可能	1	0.001121	0.001905
だっ	1	0.001121	0.001881
う	1	0.001121	0.001881
2003	1	0.001121	0.001881
89	1	0.001121	0.001858
81	1	0.001121	0.001858
多い	1	0.001121	0.001816
利用	1	0.001121	0.001796
き	1	0.001121	0.001777
関係	1	0.001121	0.001777
見	1	0.001121	0.001777
について	1	0.001121	0.001758
間	1	0.001121	0.001758
D	1	0.001121	0.001758
F	1	0.001121	0.001758
主	1	0.001121	0.001724
ば	1	0.001121	0.001724
なお	1	0.001121	0.001724
できる	1	0.001121	0.001724
なく	1	0.001121	0.001707
性	1	0.001121	0.001707
せ	1	0.001121	0.001676
られる	1	0.001121	0.001632
かけ	1	0.001121	0.001632
なり	1	0.001121	0.001592
これ	1	0.001121	0.001579
られ	1	0.001121	0.001543
まで	1	0.001121	0.001510
なる	1	0.001121	0.001489
により	1	0.001121	0.001468
人	1	0.001121	0.001412
(	1	0.001121	0.001378
れる	1	0.001121	0.001346
また	1	0.001121	0.001346
者	1	0.001121	0.001331
目次	1	0.001121	0.001281
表示	1	0.001121	0.001281
非	1	0.001121	0.001261
から	1	0.001121	0.001218
/%	1	0.001121	0.001156
http	1	0.001121	0.001126
://	1	0.001121	0.001126
ja	1	0.001121	0.001126
wikipedia	1	0.001121	0.001126
org	1	0.001121	0.001126
/	1	0.001121	0.001126
wiki	1	0.001121	0.001126
より	1	0.001121	0.001126
作成	1	0.001121	0.001126
カテゴリ	1	0.001121	0.001126
出典	1	0.001121	0.001121
フリー	1	0.001121	0.001121
百科	1	0.001121	0.001121
事典	1	0.001121	0.001121
ウィキペディア	1	0.001121	0.001121
Wikipedia	1	0.001121	0.001121
』	1	0.001121	0.001121
移動	1	0.001121	0.001121
ナビゲーション	1	0.001121	0.001121
検索	1	0.001121	0.001121
