求刑	25	0.021683	0.065049
の	41	0.035559	0.035559
判決	16	0.013877	0.033276
・	37	0.032090	0.032952
懲役	14	0.012142	0.029116
、	28	0.024284	0.024284
論告	8	0.006938	0.020814
が	23	0.019948	0.020123
。	23	0.019948	0.019948
年	22	0.019081	0.019863
刑事	8	0.006938	0.018725
地裁	8	0.006938	0.018725
は	21	0.018213	0.018213
検察官	7	0.006071	0.018213
を	20	0.017346	0.017346
に	19	0.016479	0.016479
で	18	0.015611	0.015679
　	12	0.010408	0.014902
（	16	0.013877	0.013877
）	16	0.013877	0.013877
事件	8	0.006938	0.013327
適用	6	0.005204	0.013129
と	15	0.013010	0.013067
被告	5	0.004337	0.013011
猶予	5	0.004337	0.013011
死刑	5	0.004337	0.013011
も	13	0.011275	0.012307
し	13	0.011275	0.011275
法	7	0.006071	0.011073
て	12	0.010408	0.010546
た	12	0.010408	0.010453
手続	4	0.003469	0.010407
裁判官	4	0.003469	0.010407
公訴	4	0.003469	0.010407
法則	4	0.003469	0.010407
訴訟	5	0.004337	0.010400
意見	5	0.004337	0.009980
場合	7	0.006071	0.009427
起訴	4	0.003469	0.009363
証拠	4	0.003469	0.009363
法律	5	0.004337	0.009094
1	10	0.008673	0.008946
月	9	0.007806	0.008827
執行	4	0.003469	0.008752
「	10	0.008673	0.008673
」	10	0.008673	0.008673
裁判	4	0.003469	0.008318
ない	8	0.006938	0.008283
日	8	0.006938	0.008100
相当	4	0.003469	0.007982
公判	3	0.002602	0.007806
量刑	3	0.002602	0.007806
控訴	3	0.002602	0.007806
刑罰	3	0.002602	0.007806
か月	3	0.002602	0.007806
ある	8	0.006938	0.007323
例	4	0.003469	0.007274
超え	3	0.002602	0.007023
実務	3	0.002602	0.007023
こと	7	0.006071	0.006974
上	5	0.004337	0.006605
裁判所	3	0.002602	0.006565
[	7	0.006071	0.006151
]	7	0.006071	0.006151
被害	3	0.002602	0.005781
言葉	3	0.002602	0.005781
ます	5	0.004337	0.005643
X	3	0.002602	0.005607
れ	6	0.005204	0.005519
制度	3	0.002602	0.005456
について	4	0.003469	0.005442
事実	3	0.002602	0.005323
弁護	2	0.001735	0.005205
検察	2	0.001735	0.005205
調べ	2	0.001735	0.005205
処する	2	0.001735	0.005205
掛け	2	0.001735	0.005205
事故	2	0.001735	0.005205
罰金	2	0.001735	0.005205
無期	2	0.001735	0.005205
大阪	3	0.002602	0.005096
この	5	0.004337	0.004829
刑法	2	0.001735	0.004683
必ず	2	0.001735	0.004683
法学	2	0.001735	0.004683
27	3	0.002602	0.004673
2	5	0.004337	0.004535
%	5	0.004337	0.004394
法令	2	0.001735	0.004377
違法	2	0.001735	0.004377
無罪	2	0.001735	0.004377
述べ	2	0.001735	0.004377
強盗	2	0.001735	0.004377
殺人	2	0.001735	0.004377
人	4	0.003469	0.004370
/	5	0.004337	0.004356
多い	3	0.002602	0.004215
求める	2	0.001735	0.004160
○	2	0.001735	0.004160
者	4	0.003469	0.004118
あり	4	0.003469	0.004050
強制	2	0.001735	0.003992
死亡	2	0.001735	0.003992
項目	4	0.003469	0.003964
関連	4	0.003469	0.003882
1957	2	0.001735	0.003855
られる	3	0.002602	0.003788
い	4	0.003469	0.003786
いる	4	0.003469	0.003786
7	4	0.003469	0.003786
解説	2	0.001735	0.003739
なけれ	2	0.001735	0.003739
円	2	0.001735	0.003739
さ	4	0.003469	0.003696
3	4	0.003469	0.003595
10	3	0.002602	0.003556
主義	2	0.001735	0.003549
編集	4	0.003469	0.003531
:	4	0.003469	0.003469
員	2	0.001735	0.003398
考え	2	0.001735	0.003398
男	2	0.001735	0.003398
ください	2	0.001735	0.003272
なら	2	0.001735	0.003272
いう	2	0.001735	0.003216
ご	2	0.001735	0.003164
お	2	0.001735	0.003164
歳	2	0.001735	0.003116
や	3	0.002602	0.003072
万	2	0.001735	0.003070
交通	2	0.001735	0.002986
など	3	0.002602	0.002958
6	3	0.002602	0.002883
概要	2	0.001735	0.002842
脚注	2	0.001735	0.002780
行わ	2	0.001735	0.002780
2007	2	0.001735	0.002722
8	3	0.002602	0.002721
ば	2	0.001735	0.002668
.	3	0.002602	0.002602
被疑	1	0.000867	0.002601
国選	1	0.000867	0.002601
司法	1	0.000867	0.002601
令状	1	0.000867	0.002601
勾留	1	0.000867	0.002601
捜索	1	0.000867	0.002601
差押え	1	0.000867	0.002601
告訴	1	0.000867	0.002601
自首	1	0.000867	0.002601
時効	1	0.000867	0.002601
訴因	1	0.000867	0.002601
審判	1	0.000867	0.002601
保釈	1	0.000867	0.002601
罪状	1	0.000867	0.002601
認否	1	0.000867	0.002601
黙秘	1	0.000867	0.002601
自白	1	0.000867	0.002601
弁論	1	0.000867	0.002601
有罪	1	0.000867	0.002601
疑わしき	1	0.000867	0.002601
免訴	1	0.000867	0.002601
上告	1	0.000867	0.002601
再審	1	0.000867	0.002601
一事	1	0.000867	0.002601
に際し	1	0.000867	0.002601
刑	1	0.000867	0.002601
293	1	0.000867	0.002601
陳述	1	0.000867	0.002601
無実	1	0.000867	0.002601
心神耗弱	1	0.000867	0.002601
心神喪失	1	0.000867	0.002601
しかる	1	0.000867	0.002601
含意	1	0.000867	0.002601
並べて	1	0.000867	0.002601
諸般	1	0.000867	0.002601
法条	1	0.000867	0.002601
思料	1	0.000867	0.002601
遣い	1	0.000867	0.002601
マスメディア	1	0.000867	0.002601
専権	1	0.000867	0.002601
重い	1	0.000867	0.002601
下さ	1	0.000867	0.002601
拘束	1	0.000867	0.002601
相場	1	0.000867	0.002601
実刑	1	0.000867	0.002601
目安	1	0.000867	0.002601
容れ	1	0.000867	0.002601
付す	1	0.000867	0.002601
禁固	1	0.000867	0.002601
阪和線	1	0.000867	0.002601
置石	1	0.000867	0.002601
ペッパーランチ	1	0.000867	0.002601
恒一	1	0.000867	0.002601
違反	1	0.000867	0.002601
5000	1	0.000867	0.002601
わいせつ	1	0.000867	0.002601
致傷	1	0.000867	0.002601
殺傷	1	0.000867	0.002601
米兵	1	0.000867	0.002601
審	1	0.000867	0.002601
取り下げ	1	0.000867	0.002601
長嶺	1	0.000867	0.002601
犯罪	1	0.000867	0.002601
ウィキブックス	1	0.000867	0.002601
20	2	0.001735	0.002526
求め	2	0.001735	0.002484
捜査	1	0.000867	0.002340
検証	1	0.000867	0.002340
告発	1	0.000867	0.002340
便宜	1	0.000867	0.002340
審査	1	0.000867	0.002340
請求	1	0.000867	0.002340
伝聞	1	0.000867	0.002340
収集	1	0.000867	0.002340
排除	1	0.000867	0.002340
罰	1	0.000867	0.002340
棄却	1	0.000867	0.002340
きゅう	1	0.000867	0.002340
述べる	1	0.000867	0.002340
終わっ	1	0.000867	0.002340
平易	1	0.000867	0.002340
取り上げ	1	0.000867	0.002340
判例	1	0.000867	0.002340
外山	1	0.000867	0.002340
さいたま	1	0.000867	0.002340
言い渡さ	1	0.000867	0.002340
仙台	1	0.000867	0.002340
愛人	1	0.000867	0.002340
八王子	1	0.000867	0.002340
支部	1	0.000867	0.002340
強姦	1	0.000867	0.002340
確定	1	0.000867	0.002340
輝	1	0.000867	0.002340
爆笑	1	0.000867	0.002340
幻冬舎	1	0.000867	0.002340
12	2	0.001735	0.002273
遭遇	1	0.000867	0.002187
相談	1	0.000867	0.002187
免責	1	0.000867	0.002187
職員	1	0.000867	0.002187
規則	1	0.000867	0.002187
届	1	0.000867	0.002187
補強	1	0.000867	0.002187
理	1	0.000867	0.002187
考える	1	0.000867	0.002187
もっとも	1	0.000867	0.002187
明らか	1	0.000867	0.002187
疑い	1	0.000867	0.002187
生じ	1	0.000867	0.002187
べく	1	0.000867	0.002187
山陽	1	0.000867	0.002187
事例	1	0.000867	0.002187
連続	1	0.000867	0.002187
黒人	1	0.000867	0.002187
超	1	0.000867	0.002187
また	2	0.001735	0.002083
れる	2	0.001735	0.002083
最新	1	0.000867	0.002079
反映	1	0.000867	0.002079
現実	1	0.000867	0.002079
処分	1	0.000867	0.002079
付	1	0.000867	0.002079
放棄	1	0.000867	0.002079
考慮	1	0.000867	0.002079
秋田	1	0.000867	0.002079
ヘルプ	1	0.000867	0.002079
教科書	1	0.000867	0.002079
属する	1	0.000867	0.002079
日本	2	0.001735	0.002060
読み	1	0.000867	0.001995
整理	1	0.000867	0.001995
けい	1	0.000867	0.001995
条	1	0.000867	0.001995
事情	1	0.000867	0.001995
形式	1	0.000867	0.001995
最近	1	0.000867	0.001995
報道	1	0.000867	0.001995
改正	1	0.000867	0.001926
警察	1	0.000867	0.001926
項	1	0.000867	0.001926
判断	1	0.000867	0.001926
そのまま	1	0.000867	0.001926
1947	1	0.000867	0.001926
として	2	0.001735	0.001894
9	2	0.001735	0.001894
限り	1	0.000867	0.001868
逮捕	1	0.000867	0.001868
政策	1	0.000867	0.001868
少年	1	0.000867	0.001868
科	1	0.000867	0.001868
理解	1	0.000867	0.001868
始まっ	1	0.000867	0.001868
過去	1	0.000867	0.001868
道路	1	0.000867	0.001868
分野	1	0.000867	0.001868
する	2	0.001735	0.001857
事項	1	0.000867	0.001818
鹿児島	1	0.000867	0.001818
集	1	0.000867	0.001818
5	2	0.001735	0.001798
記述	1	0.000867	0.001774
国内	1	0.000867	0.001774
不	1	0.000867	0.001774
最後	1	0.000867	0.001774
E	2	0.001735	0.001758
より	2	0.001735	0.001743
『	2	0.001735	0.001735
』	2	0.001735	0.001735
呼ぶ	1	0.000867	0.001734
両	1	0.000867	0.001734
91	1	0.000867	0.001734
保護	1	0.000867	0.001698
ほとんど	1	0.000867	0.001698
専門	1	0.000867	0.001665
再	1	0.000867	0.001665
うち	1	0.000867	0.001665
ただし	1	0.000867	0.001665
京都	1	0.000867	0.001665
JR	1	0.000867	0.001665
に対し	1	0.000867	0.001665
書	1	0.000867	0.001665
自身	1	0.000867	0.001635
権	1	0.000867	0.001635
以上	1	0.000867	0.001635
1996	1	0.000867	0.001635
道	1	0.000867	0.001635
とも	1	0.000867	0.001635
ウィキプロジェクト	1	0.000867	0.001635
参加	1	0.000867	0.001607
かつて	1	0.000867	0.001607
女性	1	0.000867	0.001607
特に	1	0.000867	0.001581
2010	1	0.000867	0.001581
部分	1	0.000867	0.001557
に対する	1	0.000867	0.001557
88	1	0.000867	0.001534
及び	1	0.000867	0.001513
東京	1	0.000867	0.001513
2005	1	0.000867	0.001473
19	1	0.000867	0.001473
28	1	0.000867	0.001473
PJ	1	0.000867	0.001473
に関する	1	0.000867	0.001437
行う	1	0.000867	0.001437
一部	1	0.000867	0.001420
会	1	0.000867	0.001404
2001	1	0.000867	0.001404
P	1	0.000867	0.001404
なお	1	0.000867	0.001333
市	1	0.000867	0.001320
家	1	0.000867	0.001308
書き	1	0.000867	0.001308
加筆	1	0.000867	0.001308
訂正	1	0.000867	0.001308
下さる	1	0.000867	0.001308
せ	1	0.000867	0.001296
15	1	0.000867	0.001296
名	1	0.000867	0.001296
.^	1	0.000867	0.001284
前	1	0.000867	0.001273
記事	1	0.000867	0.001273
おり	1	0.000867	0.001262
かけ	1	0.000867	0.001262
です	1	0.000867	0.001262
協力	1	0.000867	0.001252
ず	1	0.000867	0.001241
11	1	0.000867	0.001212
られ	1	0.000867	0.001194
よう	1	0.000867	0.001194
歴	1	0.000867	0.001185
による	1	0.000867	0.001185
中	1	0.000867	0.001185
話	1	0.000867	0.001176
表	1	0.000867	0.001168
まで	1	0.000867	0.001168
編	1	0.000867	0.001151
もの	1	0.000867	0.001151
という	1	0.000867	0.001143
82	1	0.000867	0.001121
)	1	0.000867	0.001092
後	1	0.000867	0.001085
ため	1	0.000867	0.001066
あっ	1	0.000867	0.001066
(	1	0.000867	0.001066
なっ	1	0.000867	0.001041
な	1	0.000867	0.001001
目次	1	0.000867	0.000991
表示	1	0.000867	0.000991
非	1	0.000867	0.000975
B	1	0.000867	0.000924
/%	1	0.000867	0.000894
http	1	0.000867	0.000871
://	1	0.000867	0.000871
ja	1	0.000867	0.000871
wikipedia	1	0.000867	0.000871
org	1	0.000867	0.000871
wiki	1	0.000867	0.000871
作成	1	0.000867	0.000871
カテゴリ	1	0.000867	0.000871
出典	1	0.000867	0.000867
フリー	1	0.000867	0.000867
百科	1	0.000867	0.000867
事典	1	0.000867	0.000867
ウィキペディア	1	0.000867	0.000867
Wikipedia	1	0.000867	0.000867
移動	1	0.000867	0.000867
ナビゲーション	1	0.000867	0.000867
,	1	0.000867	0.000867
検索	1	0.000867	0.000867
