上田	15	0.027372	0.073876
%	26	0.047445	0.048073
市立	10	0.018248	0.043758
中学校	10	0.018248	0.037331
学校	11	0.020073	0.035520
に	18	0.032847	0.032847
。	15	0.027372	0.027372
の	15	0.027372	0.027372
を	13	0.023723	0.023723
目標	4	0.007299	0.019700
小学校	5	0.009124	0.017870
E	9	0.016423	0.016640
学区	3	0.005474	0.016422
-	8	0.014599	0.015857
地区	4	0.007299	0.015305
長野	4	0.007299	0.014932
公立	3	0.005474	0.014774
開校	3	0.005474	0.014774
三	5	0.009124	0.014462
市	5	0.009124	0.013895
年	7	0.012774	0.013297
第	5	0.009124	0.012288
B	6	0.010949	0.011666
8	6	0.010949	0.011450
て	6	0.010949	0.011094
ユーザー	2	0.003650	0.010950
学期	2	0.003650	0.010950
エコ	2	0.003650	0.010950
県	4	0.007299	0.010451
北	3	0.005474	0.010324
養う	2	0.003650	0.009851
共学	2	0.003650	0.009851
校舎	2	0.003650	0.009851
・	5	0.009124	0.009369
半	2	0.003650	0.009209
解除	2	0.003650	0.009209
自主	2	0.003650	0.009209
単独	2	0.003650	0.009209
は	5	0.009124	0.009124
卒業生	2	0.003650	0.008752
1947	2	0.003650	0.008110
A	4	0.007299	0.007890
以来	2	0.003650	0.007865
4	4	0.007299	0.007814
3	4	0.007299	0.007563
が	4	0.007299	0.007363
沿革	2	0.003650	0.007300
（	4	0.007299	0.007299
）	4	0.007299	0.007299
外部	3	0.005474	0.007170
保護	2	0.003650	0.007149
リンク	3	0.005474	0.007029
設置	2	0.003650	0.006555
別	2	0.003650	0.006459
AC	2	0.003650	0.006201
AD	2	0.003650	0.006124
6	3	0.005474	0.006065
行う	2	0.003650	0.006050
概要	2	0.003650	0.005980
2008	2	0.003650	0.005980
として	3	0.005474	0.005975
7	3	0.005474	0.005975
から	3	0.005474	0.005946
する	3	0.005474	0.005860
さ	3	0.005474	0.005833
5	3	0.005474	0.005672
性	2	0.003650	0.005559
た	3	0.005474	0.005498
と	3	0.005474	0.005498
荒らし	1	0.001825	0.005475
IP	1	0.001825	0.005475
国公私立	1	0.001825	0.005475
386	1	0.001825	0.005475
0011	1	0.001825	0.005475
中央北	1	0.001825	0.005475
だし	1	0.001825	0.005475
故旧	1	0.001825	0.005475
キャップ	1	0.001825	0.005475
取り組ん	1	0.001825	0.005475
不変	1	0.001825	0.005475
川原	1	0.001825	0.005475
勝三郎	1	0.001825	0.005475
除幕	1	0.001825	0.005475
具現	1	0.001825	0.005475
行き交う	1	0.001825	0.005475
歌声	1	0.001825	0.005475
響く	1	0.001825	0.005475
読書	1	0.001825	0.005475
親しむ	1	0.001825	0.005475
清掃	1	0.001825	0.005475
打ち込む	1	0.001825	0.005475
ミュージシャン	1	0.001825	0.005475
:	3	0.005474	0.005474
、	3	0.005474	0.005474
し	3	0.005474	0.005474
0	2	0.003650	0.005025
中	2	0.003650	0.004988
校訓	1	0.001825	0.004926
りつ	1	0.001825	0.004926
ゅうがっこう	1	0.001825	0.004926
遅れ	1	0.001825	0.004926
大き	1	0.001825	0.004926
併設	1	0.001825	0.004926
北東	1	0.001825	0.004926
極	1	0.001825	0.004926
先生	1	0.001825	0.004926
胸像	1	0.001825	0.004926
講演	1	0.001825	0.004926
スクール	1	0.001825	0.004926
モットー	1	0.001825	0.004926
挨拶	1	0.001825	0.004926
集中	1	0.001825	0.004926
方針	1	0.001825	0.004604
新規	1	0.001825	0.004604
だい	1	0.001825	0.004604
体育館	1	0.001825	0.004604
ステージ	1	0.001825	0.004604
柳	1	0.001825	0.004604
現在地	1	0.001825	0.004604
その	2	0.003650	0.004513
なっ	2	0.003650	0.004382
基づき	1	0.001825	0.004376
登録	1	0.001825	0.004376
画像	1	0.001825	0.004376
年月日	1	0.001825	0.004376
〒	1	0.001825	0.004376
うえ	1	0.001825	0.004376
ち	1	0.001825	0.004376
所在	1	0.001825	0.004376
市街地	1	0.001825	0.004376
北西	1	0.001825	0.004376
守る	1	0.001825	0.004376
学習	1	0.001825	0.004376
ページ	1	0.001825	0.004199
未	1	0.001825	0.004199
禁止	1	0.001825	0.004199
募集	1	0.001825	0.004199
男女	1	0.001825	0.004199
1964	1	0.001825	0.004199
分離	1	0.001825	0.004199
創立	1	0.001825	0.004199
始める	1	0.001825	0.004199
項目	2	0.003650	0.004171
関連	2	0.003650	0.004085
この	2	0.003650	0.004064
理由	1	0.001825	0.004055
丁目	1	0.001825	0.004055
62	1	0.001825	0.004055
バック	1	0.001825	0.004055
新た	1	0.001825	0.004055
H	1	0.001825	0.004055
O	1	0.001825	0.004055
い	2	0.003650	0.003984
いる	2	0.003650	0.003984
ウィキポータル	1	0.001825	0.003933
一番	1	0.001825	0.003933
運動	1	0.001825	0.003933
周年	1	0.001825	0.003933
|	2	0.003650	0.003853
制	1	0.001825	0.003827
番	1	0.001825	0.003827
さん	1	0.001825	0.003827
移転	1	0.001825	0.003827
山	1	0.001825	0.003827
2	2	0.003650	0.003817
1	2	0.003650	0.003765
状態	1	0.001825	0.003734
有名	1	0.001825	0.003734
ほぼ	1	0.001825	0.003734
建設	1	0.001825	0.003734
で	2	0.003650	0.003666
「	2	0.003650	0.003650
」	2	0.003650	0.003650
.	2	0.003650	0.003650
設立	1	0.001825	0.003650
1968	1	0.001825	0.003650
依頼	1	0.001825	0.003574
サイト	1	0.001825	0.003574
東	1	0.001825	0.003574
1967	1	0.001825	0.003574
記念	1	0.001825	0.003574
完成	1	0.001825	0.003505
ください	1	0.001825	0.003442
教育	1	0.001825	0.003442
ウィキプロジェクト	1	0.001825	0.003442
西	1	0.001825	0.003442
60	1	0.001825	0.003442
さらに	1	0.001825	0.003442
向け	1	0.001825	0.003383
以下	1	0.001825	0.003383
問題	1	0.001825	0.003329
所在地	1	0.001825	0.003329
年度	1	0.001825	0.003329
学	1	0.001825	0.003277
94	1	0.001825	0.003229
高	1	0.001825	0.003184
公式	1	0.001825	0.003141
度	1	0.001825	0.003141
活動	1	0.001825	0.003141
AB	1	0.001825	0.003101
式	1	0.001825	0.003062
一覧	1	0.001825	0.003025
89	1	0.001825	0.003025
部	1	0.001825	0.002956
のみ	1	0.001825	0.002956
会	1	0.001825	0.002956
および	1	0.001825	0.002893
2007	1	0.001825	0.002863
場合	1	0.001825	0.002834
号	1	0.001825	0.002779
それ	1	0.001825	0.002779
時	1	0.001825	0.002753
記事	1	0.001825	0.002680
による	1	0.001825	0.002494
歴	1	0.001825	0.002494
一	1	0.001825	0.002494
話	1	0.001825	0.002476
表	1	0.001825	0.002458
編	1	0.001825	0.002423
ます	1	0.001825	0.002374
82	1	0.001825	0.002359
)	1	0.001825	0.002299
(	1	0.001825	0.002243
ため	1	0.001825	0.002243
ない	1	0.001825	0.002179
者	1	0.001825	0.002166
な	1	0.001825	0.002108
目次	1	0.001825	0.002085
表示	1	0.001825	0.002085
非	1	0.001825	0.002053
も	1	0.001825	0.001992
れ	1	0.001825	0.001935
ある	1	0.001825	0.001926
/%	1	0.001825	0.001883
編集	1	0.001825	0.001857
[	1	0.001825	0.001849
]	1	0.001825	0.001849
http	1	0.001825	0.001833
://	1	0.001825	0.001833
ja	1	0.001825	0.001833
wikipedia	1	0.001825	0.001833
org	1	0.001825	0.001833
/	1	0.001825	0.001833
wiki	1	0.001825	0.001833
より	1	0.001825	0.001833
作成	1	0.001825	0.001833
カテゴリ	1	0.001825	0.001833
出典	1	0.001825	0.001825
フリー	1	0.001825	0.001825
百科	1	0.001825	0.001825
事典	1	0.001825	0.001825
『	1	0.001825	0.001825
ウィキペディア	1	0.001825	0.001825
Wikipedia	1	0.001825	0.001825
』	1	0.001825	0.001825
移動	1	0.001825	0.001825
ナビゲーション	1	0.001825	0.001825
,	1	0.001825	0.001825
検索	1	0.001825	0.001825
