|	50	0.069061	0.072895
%	23	0.031768	0.032188
スペイン	9	0.012431	0.028604
選手	9	0.012431	0.025431
・	16	0.022099	0.022693
サッカー	7	0.009669	0.022249
-	14	0.019337	0.021004
3	12	0.016575	0.017175
チェンド	4	0.005525	0.016575
レ	4	0.005525	0.016575
FIFA	4	0.005525	0.016575
ワールドカップ	4	0.005525	0.016575
1986	6	0.008287	0.016231
の	11	0.015193	0.015193
アル	4	0.005525	0.014912
マドリード	4	0.005525	0.014912
。	10	0.013812	0.013812
代表	5	0.006906	0.013812
出場	4	0.005525	0.012713
[	9	0.012431	0.012595
た	9	0.012431	0.012485
ミゲル	3	0.004144	0.012432
（	9	0.012431	0.012431
,	9	0.012431	0.012431
し	9	0.012431	0.012431
を	9	0.012431	0.012431
83	7	0.009669	0.012179
■	4	0.005525	0.011906
]	8	0.011050	0.011196
E	8	0.011050	0.011196
）	8	0.011050	0.011050
、	8	0.011050	0.011050
1990	4	0.005525	0.010077
て	7	0.009669	0.009797
1961	3	0.004144	0.008930
年	6	0.008287	0.008626
"	3	0.004144	0.008288
は	6	0.008287	0.008287
に	6	0.008287	0.008287
Miguel	2	0.002762	0.008286
Porlan	2	0.002762	0.008286
Noguera	2	0.002762	0.008286
Chendo	2	0.002762	0.008286
スビサレッタ	2	0.002762	0.008286
ブトラゲーニョ	2	0.002762	0.008286
サリナス	2	0.002762	0.008286
ミチェル	2	0.002762	0.008286
アブラネード	2	0.002762	0.008286
ポルラン	2	0.002762	0.008286
所属	3	0.004144	0.007558
10	4	0.005525	0.007550
9	5	0.006906	0.007538
W	2	0.002762	0.007455
杯	2	0.002762	0.007455
UEFA	2	0.002762	0.007455
12	4	0.005525	0.007237
ポジション	2	0.002762	0.006968
DF	2	0.002762	0.006968
プレー	2	0.002762	0.006968
スタイル	2	0.002762	0.006968
:	5	0.006906	0.006906
クラブ	2	0.002762	0.006355
表示	4	0.005525	0.006313
月	4	0.005525	0.006247
リーグ	2	0.002762	0.006137
M	2	0.002762	0.006137
4	4	0.005525	0.005915
11	3	0.004144	0.005793
1982	2	0.002762	0.005792
監督	2	0.002762	0.005792
2	4	0.005525	0.005778
1	4	0.005525	0.005699
歴	3	0.004144	0.005663
タイトル	2	0.002762	0.005650
1989	2	0.002762	0.005650
編集	4	0.005525	0.005623
/	4	0.005525	0.005549
.	4	0.005525	0.005525
経歴	2	0.002762	0.005524
1985	2	0.002762	0.005305
1998	2	0.002762	0.005038
18	2	0.002762	0.004960
日	3	0.004144	0.004838
項目	3	0.004144	0.004735
など	3	0.004144	0.004710
17	2	0.002762	0.004693
19	2	0.002762	0.004693
22	2	0.002762	0.004693
PJ	2	0.002762	0.004693
AB	2	0.002762	0.004693
この	3	0.004144	0.004614
情報	2	0.002762	0.004525
21	2	0.002762	0.004525
い	3	0.004144	0.004523
13	2	0.002762	0.004333
14	2	0.002762	0.004333
5	3	0.004144	0.004294
16	2	0.002762	0.004247
書き	2	0.002762	0.004167
加筆	2	0.002762	0.004167
訂正	2	0.002762	0.004167
で	3	0.004144	0.004162
出典	3	0.004144	0.004144
「	3	0.004144	0.004144
」	3	0.004144	0.004144
ミゲル・ポルラン	1	0.001381	0.004143
ポルラン・ノゲーラ	1	0.001381	0.004143
ムルシア	1	0.001381	0.004143
RSB	1	0.001381	0.004143
ミゲル・ポルラン・ノゲーラ	1	0.001381	0.004143
"、	1	0.001381	0.004143
サイドバック	1	0.001381	0.004143
下部	1	0.001381	0.004143
育っ	1	0.001381	0.004143
カステリョン	1	0.001381	0.004143
一筋	1	0.001381	0.004143
キンタ・デル・ブイトレ	1	0.001381	0.004143
一員	1	0.001381	0.004143
リーガ・エスパニョーラ	1	0.001381	0.004143
メキシコ	1	0.001381	0.004143
快足	1	0.001381	0.004143
度々	1	0.001381	0.004143
チャンス	1	0.001381	0.004143
長け	1	0.001381	0.004143
バルセロナ	1	0.001381	0.004143
ディエゴ	1	0.001381	0.004143
マラドーナ	1	0.001381	0.004143
任さ	1	0.001381	0.004143
レアル・マドリード・カスティージャ	1	0.001381	0.004143
レアル・マドリード	1	0.001381	0.004143
コパ・デル・レイ	1	0.001381	0.004143
チャンピオンズ	1	0.001381	0.004143
トマス	1	0.001381	0.004143
カマーチョ	1	0.001381	0.004143
マセーダ	1	0.001381	0.004143
ビクトル	1	0.001381	0.004143
ゴルディージョ	1	0.001381	0.004143
セニョール	1	0.001381	0.004143
ゴイコエチェア	1	0.001381	0.004143
カラスコ	1	0.001381	0.004143
フリオ	1	0.001381	0.004143
セティエン	1	0.001381	0.004143
ウルティ	1	0.001381	0.004143
ガジェゴ	1	0.001381	0.004143
リンコン	1	0.001381	0.004143
シスコ	1	0.001381	0.004143
カルデレ	1	0.001381	0.004143
エロイ	1	0.001381	0.004143
ムニョス	1	0.001381	0.004143
ヒメネス	1	0.001381	0.004143
アンドリヌア	1	0.001381	0.004143
サンチス	1	0.001381	0.004143
バスケス	1	0.001381	0.004143
パルデサ	1	0.001381	0.004143
キケ	1	0.001381	0.004143
フェルナンド	1	0.001381	0.004143
ビリャローヤ	1	0.001381	0.004143
アルコルタ	1	0.001381	0.004143
ゴリス	1	0.001381	0.004143
ロベルト	1	0.001381	0.004143
バケーロ	1	0.001381	0.004143
イエロ	1	0.001381	0.004143
マノロ	1	0.001381	0.004143
オチョトレーナ	1	0.001381	0.004143
スアレス	1	0.001381	0.004143
15	2	0.002762	0.004129
記事	2	0.002762	0.004056
20	2	0.002762	0.004021
かけ	2	0.002762	0.004021
です	2	0.002762	0.004021
協力	2	0.002762	0.003987
求め	2	0.002762	0.003955
話	2	0.002762	0.003747
175	1	0.001381	0.003727
73	1	0.001381	0.003727
pj	1	0.001381	0.003727
連覇	1	0.001381	0.003727
生かし	1	0.001381	0.003727
サイド	1	0.001381	0.003727
守備	1	0.001381	0.003727
アルベルト	1	0.001381	0.003727
フラン	1	0.001381	0.003727
パス	1	0.001381	0.003727
くださる	1	0.001381	0.003727
Portal	1	0.001381	0.003727
表	2	0.002762	0.003720
編	2	0.002762	0.003668
ます	2	0.002762	0.003593
82	2	0.002762	0.003570
現役	1	0.001381	0.003484
作り	1	0.001381	0.003484
リング	1	0.001381	0.003484
FC	1	0.001381	0.003484
カップ	1	0.001381	0.003484
また	2	0.002762	0.003316
ラテン	1	0.001381	0.003312
貢献	1	0.001381	0.003312
マーク	1	0.001381	0.003312
者	2	0.002762	0.003279
本名	1	0.001381	0.003178
国籍	1	0.001381	0.003178
生年月日	1	0.001381	0.003178
身長	1	0.001381	0.003178
-）	1	0.001381	0.003178
イタリア	1	0.001381	0.003178
仕事	1	0.001381	0.003178
1988	1	0.001381	0.003178
関連	2	0.002762	0.003091
文字	1	0.001381	0.003068
体重	1	0.001381	0.003068
要	1	0.001381	0.003068
大会	1	0.001381	0.003068
6	2	0.002762	0.003060
として	2	0.002762	0.003015
7	2	0.002762	0.003015
48	1	0.001381	0.002976
ノート	1	0.001381	0.002976
解説	1	0.001381	0.002976
右	1	0.001381	0.002976
シーズン	1	0.001381	0.002976
攻撃	1	0.001381	0.002976
カバー	1	0.001381	0.002976
98	1	0.001381	0.002976
1987	1	0.001381	0.002976
女子	1	0.001381	0.002976
ヨーロッパ	1	0.001381	0.002976
B	2	0.002762	0.002943
kg	1	0.001381	0.002896
デビュー	1	0.001381	0.002896
重要	1	0.001381	0.002896
8	2	0.002762	0.002888
テンプレート	1	0.001381	0.002825
組織	1	0.001381	0.002825
87	1	0.001381	0.002825
存命	1	0.001381	0.002825
と	2	0.002762	0.002774
cm	1	0.001381	0.002762
CD	1	0.001381	0.002762
1997	1	0.001381	0.002762
1994	1	0.001381	0.002705
97	1	0.001381	0.002705
1993	1	0.001381	0.002705
彼	1	0.001381	0.002653
基本	1	0.001381	0.002605
86	1	0.001381	0.002605
1996	1	0.001381	0.002605
戦	1	0.001381	0.002560
参加	1	0.001381	0.002560
名前	1	0.001381	0.002519
2010	1	0.001381	0.002519
歳	1	0.001381	0.002480
88	1	0.001381	0.002444
26	1	0.001381	0.002409
95	1	0.001381	0.002409
1980	1	0.001381	0.002377
年生	1	0.001381	0.002346
だっ	1	0.001381	0.002317
出身	1	0.001381	0.002289
89	1	0.001381	0.002289
]。	1	0.001381	0.002262
90	1	0.001381	0.002262
必要	1	0.001381	0.002262
P	1	0.001381	0.002237
BB	1	0.001381	0.002189
F	1	0.001381	0.002166
D	1	0.001381	0.002166
地	1	0.001381	0.002123
元	1	0.001381	0.002123
下さる	1	0.001381	0.002083
人物	1	0.001381	0.002083
時代	1	0.001381	0.001946
0	1	0.001381	0.001901
まで	1	0.001381	0.001860
な	1	0.001381	0.001595
こと	1	0.001381	0.001586
目次	1	0.001381	0.001578
非	1	0.001381	0.001554
も	1	0.001381	0.001507
から	1	0.001381	0.001500
A	1	0.001381	0.001493
する	1	0.001381	0.001478
れ	1	0.001381	0.001465
/%	1	0.001381	0.001425
http	1	0.001381	0.001387
://	1	0.001381	0.001387
ja	1	0.001381	0.001387
wikipedia	1	0.001381	0.001387
org	1	0.001381	0.001387
wiki	1	0.001381	0.001387
より	1	0.001381	0.001387
作成	1	0.001381	0.001387
カテゴリ	1	0.001381	0.001387
フリー	1	0.001381	0.001381
百科	1	0.001381	0.001381
事典	1	0.001381	0.001381
『	1	0.001381	0.001381
ウィキペディア	1	0.001381	0.001381
Wikipedia	1	0.001381	0.001381
』	1	0.001381	0.001381
移動	1	0.001381	0.001381
ナビゲーション	1	0.001381	0.001381
検索	1	0.001381	0.001381
