駅	76	0.032122	0.056044
上郡	38	0.016061	0.048183
の	89	0.037616	0.037616
-	80	0.033812	0.036726
智頭	20	0.008453	0.025359
。	55	0.023246	0.023246
、	51	0.021555	0.021555
）	49	0.020710	0.020710
（	48	0.020287	0.020287
は	46	0.019442	0.019442
急行	18	0.007608	0.019194
に	42	0.017751	0.017751
方面	20	0.008453	0.016237
が	38	0.016061	0.016202
線	21	0.008876	0.015080
列車	16	0.006762	0.015024
当	16	0.006762	0.014571
年	33	0.013948	0.014519
兵庫	12	0.005072	0.013689
番線	12	0.005072	0.013689
鉄道	16	0.006762	0.013524
で	28	0.011834	0.011886
山陽本線	9	0.003804	0.011412
姫路	9	0.003804	0.011412
・	24	0.010144	0.010417
特急	10	0.004227	0.010136
ホーム	11	0.004649	0.010018
て	23	0.009721	0.009850
岡山	10	0.004227	0.009726
[	22	0.009298	0.009421
改札	8	0.003381	0.009125
日	18	0.007608	0.008882
を	20	0.008453	0.008453
■	9	0.003804	0.008197
有	8	0.003381	0.007780
快速	8	0.003381	0.007780
]	18	0.007608	0.007709
赤穂	6	0.002536	0.007608
智頭線	6	0.002536	0.007608
西日本旅客鉄道	7	0.002959	0.007465
1	17	0.007185	0.007411
JR	9	0.003804	0.007307
路線	9	0.003804	0.007307
と	17	0.007185	0.007216
月	15	0.006340	0.007169
3	16	0.006762	0.007007
4	15	0.006340	0.006787
「	16	0.006762	0.006762
」	16	0.006762	0.006762
ある	15	0.006340	0.006692
県	11	0.004649	0.006656
神戸	6	0.002536	0.006398
支社	5	0.002113	0.006339
利用	9	0.003804	0.006094
スーパー	6	0.002536	0.006081
行き	6	0.002536	0.006081
新	8	0.003381	0.005899
隣	6	0.002536	0.005835
2	13	0.005495	0.005746
相生	5	0.002113	0.005703
西日本	6	0.002536	0.005635
駅舎	5	0.002113	0.005331
普通	6	0.002536	0.005318
編集	12	0.005072	0.005162
いる	11	0.004649	0.005074
始発	4	0.001691	0.005073
停車	5	0.002113	0.005067
大阪	6	0.002536	0.004967
れ	11	0.004649	0.004930
平成	6	0.002536	0.004701
し	11	0.004649	0.004649
ダイヤ	4	0.001691	0.004564
下り	4	0.001691	0.004564
鳥取	4	0.001691	0.004564
町	6	0.002536	0.004554
.^	7	0.002959	0.004384
上り	4	0.001691	0.004266
山陽	4	0.001691	0.004266
も	9	0.003804	0.004152
明治	5	0.002113	0.004059
自動	4	0.001691	0.004055
貨物	4	0.001691	0.004055
道	5	0.002113	0.003985
8	9	0.003804	0.003978
運転	4	0.001691	0.003891
号	6	0.002536	0.003862
km	5	0.002113	0.003854
た	9	0.003804	0.003821
.	9	0.003804	0.003804
苔縄	3	0.001268	0.003804
跨線橋	3	0.001268	0.003804
三原	3	0.001268	0.003804
はく	3	0.001268	0.003804
大原	3	0.001268	0.003804
神姫バス	3	0.001268	0.003804
18	5	0.002113	0.003795
外	4	0.001691	0.003757
石	4	0.001691	0.003644
運用	4	0.001691	0.003644
さ	8	0.003381	0.003602
販売	4	0.001691	0.003546
機	4	0.001691	0.003459
あり	7	0.002959	0.003455
%	8	0.003381	0.003426
ICOCA	3	0.001268	0.003422
乗客	3	0.001268	0.003422
ウエスト	3	0.001268	0.003422
瀬戸	3	0.001268	0.003422
再開	3	0.001268	0.003422
（>>	3	0.001268	0.003422
両	4	0.001691	0.003382
なる	6	0.002536	0.003368
12	6	0.002536	0.003322
この	7	0.002959	0.003295
6	7	0.002959	0.003278
ば	5	0.002113	0.003249
京都	4	0.001691	0.003248
い	7	0.002959	0.003230
飲料	3	0.001268	0.003199
出雲	3	0.001268	0.003199
する	7	0.002959	0.003168
|	7	0.002959	0.003123
所属	4	0.001691	0.003084
おり	5	0.002113	0.003076
行く	3	0.001268	0.003041
姫	3	0.001268	0.003041
設置	4	0.001691	0.003037
本線	3	0.001268	0.002918
国有	3	0.001268	0.002918
まで	5	0.002113	0.002846
乗車	3	0.001268	0.002817
により	5	0.002113	0.002768
のみ	4	0.001691	0.002739
本	4	0.001691	0.002709
三	4	0.001691	0.002680
へ	5	0.002113	0.002629
5	6	0.002536	0.002628
化	4	0.001691	0.002600
構造	3	0.001268	0.002536
大持	2	0.000845	0.002535
中間	2	0.000845	0.002535
バリアフリー	2	0.000845	0.002535
□	2	0.000845	0.002535
折り返す	2	0.000845	0.002535
止まり	2	0.000845	0.002535
西明石	2	0.000845	0.002535
米原	2	0.000845	0.002535
近江塩津	2	0.000845	0.002535
駅弁	2	0.000845	0.002535
サンライズ	2	0.000845	0.002535
平福	2	0.000845	0.002535
岩木	2	0.000845	0.002535
網干	2	0.000845	0.002535
西川原	2	0.000845	0.002535
倉敷	2	0.000845	0.002535
な	5	0.002113	0.002440
神	3	0.001268	0.002436
センター	3	0.001268	0.002351
年度	3	0.001268	0.002313
9	5	0.002113	0.002306
かみ	2	0.000845	0.002281
1895	2	0.000845	0.002281
境界	2	0.000845	0.002281
標	2	0.000845	0.002281
管轄	2	0.000845	0.002281
エレベーター	2	0.000845	0.002281
待合室	2	0.000845	0.002281
トイレ	2	0.000845	0.002281
敷設	2	0.000845	0.002281
毎時	2	0.000845	0.002281
以東	2	0.000845	0.002281
町立	2	0.000845	0.002281
粒子	2	0.000845	0.002281
取扱	2	0.000845	0.002281
寝台	2	0.000845	0.002281
停車駅	2	0.000845	0.002281
<<）	2	0.000845	0.002281
?	3	0.001268	0.002277
及び	3	0.001268	0.002212
ます	4	0.001691	0.002200
開始	3	0.001268	0.002183
28	3	0.001268	0.002154
22	3	0.001268	0.002154
180	2	0.000845	0.002132
折り返し	2	0.000845	0.002132
土曜	2	0.000845	0.002132
乗り入れ	2	0.000845	0.002132
場	3	0.001268	0.002127
:	5	0.002113	0.002113
2008	3	0.001268	0.002077
]。	3	0.001268	0.002077
脚注	3	0.001268	0.002031
なっ	4	0.001691	0.002030
人員	2	0.000845	0.002026
程	2	0.000845	0.002026
起点	2	0.000845	0.002026
備考	2	0.000845	0.002026
みどり	2	0.000845	0.002026
窓口	2	0.000845	0.002026
出入口	2	0.000845	0.002026
経由	2	0.000845	0.002026
停留所	2	0.000845	0.002026
医療	2	0.000845	0.002026
信号	2	0.000845	0.002026
者	4	0.001691	0.002007
工事	2	0.000845	0.001944
のり	2	0.000845	0.001944
発着	2	0.000845	0.001944
会場	2	0.000845	0.001944
項目	4	0.001691	0.001932
時	3	0.001268	0.001913
関連	4	0.001691	0.001893
統計	2	0.000845	0.001877
キロ	2	0.000845	0.001877
状況	2	0.000845	0.001877
通過	2	0.000845	0.001877
帯	2	0.000845	0.001877
改正	2	0.000845	0.001877
7	4	0.001691	0.001846
から	4	0.001691	0.001837
朝	2	0.000845	0.001821
なり	3	0.001268	0.001801
0	3	0.001268	0.001746
10	3	0.001268	0.001733
中	3	0.001268	0.001733
郡	2	0.000845	0.001729
開業	2	0.000845	0.001729
,	4	0.001691	0.001691
含む	2	0.000845	0.001690
伴い	2	0.000845	0.001690
周辺	2	0.000845	0.001655
※	2	0.000845	0.001655
使わ	2	0.000845	0.001655
的	3	0.001268	0.001639
完成	2	0.000845	0.001623
用	2	0.000845	0.001623
人	3	0.001268	0.001597
事業	2	0.000845	0.001594
廃止	2	0.000845	0.001594
バス	2	0.000845	0.001567
ため	3	0.001268	0.001559
ご	2	0.000845	0.001541
面	2	0.000845	0.001541
以外	2	0.000845	0.001541
また	3	0.001268	0.001522
参照	2	0.000845	0.001518
日本	3	0.001268	0.001505
こと	3	0.001268	0.001457
2006	2	0.000845	0.001454
2009	2	0.000845	0.001454
表示	3	0.001268	0.001449
など	3	0.001268	0.001441
可能	2	0.000845	0.001436
昭和	2	0.000845	0.001418
隠す	2	0.000845	0.001401
概要	2	0.000845	0.001384
分	2	0.000845	0.001384
A	3	0.001268	0.001371
内	2	0.000845	0.001369
時間	2	0.000845	0.001339
について	2	0.000845	0.001325
歴史	2	0.000845	0.001325
間	2	0.000845	0.001325
できる	2	0.000845	0.001299
E	3	0.001268	0.001285
/	3	0.001268	0.001274
より	3	0.001268	0.001274
Kamig	1	0.000423	0.001269
ri	1	0.000423	0.001269
170	1	0.000423	0.001269
カミ	1	0.000423	0.001269
*?	1	0.000423	0.001269
管内	1	0.000423	0.001269
県境	1	0.000423	0.001269
アーバンネットワーク	1	0.000423	0.001269
使え	1	0.000423	0.001269
始発駅	1	0.000423	0.001269
有人	1	0.000423	0.001269
水洗	1	0.000423	0.001269
切り	1	0.000423	0.001269
欠き	1	0.000423	0.001269
仕切ら	1	0.000423	0.001269
通ら	1	0.000423	0.001269
スイッチバック	1	0.000423	0.001269
プラットホーム	1	0.000423	0.001269
両方向	1	0.000423	0.001269
佐用	1	0.000423	0.001269
待避	1	0.000423	0.001269
留置	1	0.000423	0.001269
滞	1	0.000423	0.001269
泊	1	0.000423	0.001269
遠く	1	0.000423	0.001269
近郊	1	0.000423	0.001269
北端	1	0.000423	0.001269
播州	1	0.000423	0.001269
255	1	0.000423	0.001269
打ち切ら	1	0.000423	0.001269
乗り換え	1	0.000423	0.001269
落ち込ん	1	0.000423	0.001269
店主	1	0.000423	0.001269
体調	1	0.000423	0.001269
崩し	1	0.000423	0.001269
廃業	1	0.000423	0.001269
山野里	1	0.000423	0.001269
ネオポリス	1	0.000423	0.001269
署	1	0.000423	0.001269
交番	1	0.000423	0.001269
373	1	0.000423	0.001269
末広	1	0.000423	0.001269
佐伯	1	0.000423	0.001269
236	1	0.000423	0.001269
停車場	1	0.000423	0.001269
大鳥	1	0.000423	0.001269
圭介	1	0.000423	0.001269
請願	1	0.000423	0.001269
線路	1	0.000423	0.001269
乗換	1	0.000423	0.001269
台風	1	0.000423	0.001269
全面	1	0.000423	0.001269
三石	1	0.000423	0.001269
以西	1	0.000423	0.001269
船坂	1	0.000423	0.001269
きっぷ	1	0.000423	0.001269
止め	1	0.000423	0.001269
待つ	1	0.000423	0.001269
光景	1	0.000423	0.001269
連結	1	0.000423	0.001269
北陸本線	1	0.000423	0.001269
窓	1	0.000423	0.001269
ぎく	1	0.000423	0.001269
成年	1	0.000423	0.001269
シャトル	1	0.000423	0.001269
プレス	1	0.000423	0.001269
英賀保	1	0.000423	0.001269
はりま	1	0.000423	0.001269
勝原	1	0.000423	0.001269
竜野	1	0.000423	0.001269
吉永	1	0.000423	0.001269
和気	1	0.000423	0.001269
熊山	1	0.000423	0.001269
上道	1	0.000423	0.001269
播州赤穂	1	0.000423	0.001269
高島	1	0.000423	0.001269
就実	1	0.000423	0.001269
西岡山	1	0.000423	0.001269
北長瀬	1	0.000423	0.001269
庭瀬	1	0.000423	0.001269
中庄	1	0.000423	0.001269
新見	1	0.000423	0.001269
西阿知	1	0.000423	0.001269
鴨方	1	0.000423	0.001269
里庄	1	0.000423	0.001269
笠岡	1	0.000423	0.001269
東福山	1	0.000423	0.001269
備後赤坂	1	0.000423	0.001269
松永	1	0.000423	0.001269
東尾道	1	0.000423	0.001269
尾道	1	0.000423	0.001269
糸崎	1	0.000423	0.001269
河野原	1	0.000423	0.001269
円心	1	0.000423	0.001269
久崎	1	0.000423	0.001269
佐	1	0.000423	0.001269
宮本	1	0.000423	0.001269
西粟倉	1	0.000423	0.001269
あわ	1	0.000423	0.001269
山郷	1	0.000423	0.001269
宮島	1	0.000423	0.001269
航路	1	0.000423	0.001269
使用	2	0.000845	0.001241
記事	2	0.000845	0.001241
ず	2	0.000845	0.001210
　	2	0.000845	0.001210
入	1	0.000423	0.001142
この間	1	0.000423	0.001142
年寄り	1	0.000423	0.001142
図	1	0.000423	0.001142
地平	1	0.000423	0.001142
売店	1	0.000423	0.001142
月曜	1	0.000423	0.001142
午前	1	0.000423	0.001142
行先	1	0.000423	0.001142
出入り	1	0.000423	0.001142
中途	1	0.000423	0.001142
県知事	1	0.000423	0.001142
1906	1	0.000423	0.001142
同線	1	0.000423	0.001142
無くなる	1	0.000423	0.001142
代行	1	0.000423	0.001142
介し	1	0.000423	0.001142
国体	1	0.000423	0.001142
貨	1	0.000423	0.001142
金光	1	0.000423	0.001142
福山	1	0.000423	0.001142
くら	1	0.000423	0.001142
表	2	0.000845	0.001138
という	2	0.000845	0.001114
外部	2	0.000845	0.001107
リンク	2	0.000845	0.001085
電報	1	0.000423	0.001067
略号	1	0.000423	0.001067
乗	1	0.000423	0.001067
仕方	1	0.000423	0.001067
Template	1	0.000423	0.001067
終点	1	0.000423	0.001067
扱い	1	0.000423	0.001067
エリア	1	0.000423	0.001067
待機	1	0.000423	0.001067
夜間	1	0.000423	0.001067
深夜	1	0.000423	0.001067
乗り入れる	1	0.000423	0.001067
あたり	1	0.000423	0.001067
平均	1	0.000423	0.001067
昼間	1	0.000423	0.001067
役場	1	0.000423	0.001067
平日	1	0.000423	0.001067
郵便	1	0.000423	0.001067
1893	1	0.000423	0.001067
1909	1	0.000423	0.001067
大雨	1	0.000423	0.001067
一時	1	0.000423	0.001067
直通	1	0.000423	0.001067
各駅	1	0.000423	0.001067
町内	1	0.000423	0.001067
公共	1	0.000423	0.001067
青春	1	0.000423	0.001067
PDF	1	0.000423	0.001067
富	1	0.000423	0.001067
大門	1	0.000423	0.001067
山形	1	0.000423	0.001067
)	2	0.000845	0.001064
その	2	0.000845	0.001045
(	2	0.000845	0.001039
あっ	2	0.000845	0.001039
地上	1	0.000423	0.001014
降車	1	0.000423	0.001014
年月日	1	0.000423	0.001014
)(	1	0.000423	0.001014
ごらん	1	0.000423	0.001014
]、	1	0.000423	0.001014
休日	1	0.000423	0.001014
往復	1	0.000423	0.001014
中野	1	0.000423	0.001014
旅客	1	0.000423	0.001014
分割	1	0.000423	0.001014
民営	1	0.000423	0.001014
利便	1	0.000423	0.001014
駅前	1	0.000423	0.001014
便	1	0.000423	0.001014
#	1	0.000423	0.001014
バスケットボール	1	0.000423	0.001014
石井	1	0.000423	0.001014
武蔵	1	0.000423	0.001014
ない	2	0.000845	0.001009
*	1	0.000423	0.000973
最	1	0.000423	0.000973
サービス	1	0.000423	0.000973
前述	1	0.000423	0.000973
カード	1	0.000423	0.000973
機能	1	0.000423	0.000973
西側	1	0.000423	0.000973
区間	1	0.000423	0.000973
傾向	1	0.000423	0.000973
県立	1	0.000423	0.000973
新設	1	0.000423	0.000973
42	1	0.000423	0.000973
制定	1	0.000423	0.000973
輸送	1	0.000423	0.000973
トンネル	1	0.000423	0.000973
向かう	1	0.000423	0.000973
非	2	0.000845	0.000951
運行	1	0.000423	0.000940
無い	1	0.000423	0.000940
設定	1	0.000423	0.000940
出る	1	0.000423	0.000940
案内	1	0.000423	0.000940
警察	1	0.000423	0.000940
スポーツ	1	0.000423	0.000940
39	1	0.000423	0.000940
47	1	0.000423	0.000940
62	1	0.000423	0.000940
国鉄	1	0.000423	0.000940
被害	1	0.000423	0.000940
唯一	1	0.000423	0.000940
編成	1	0.000423	0.000940
リリース	1	0.000423	0.000940
項	1	0.000423	0.000940
温泉	1	0.000423	0.000940
恋	1	0.000423	0.000940
客	1	0.000423	0.000912
え	1	0.000423	0.000912
合わせ	1	0.000423	0.000912
始まっ	1	0.000423	0.000912
独自	1	0.000423	0.000912
方向	1	0.000423	0.000912
すなわち	1	0.000423	0.000912
最終	1	0.000423	0.000912
一番	1	0.000423	0.000912
減少	1	0.000423	0.000912
市民	1	0.000423	0.000912
1972	1	0.000423	0.000912
1987	1	0.000423	0.000912
向上	1	0.000423	0.000912
自体	1	0.000423	0.000912
シーズン	1	0.000423	0.000912
女子	1	0.000423	0.000912
春	1	0.000423	0.000912
広島	1	0.000423	0.000912
共同	1	0.000423	0.000887
会社	1	0.000423	0.000887
観光	1	0.000423	0.000887
国道	1	0.000423	0.000887
村	1	0.000423	0.000887
よく	1	0.000423	0.000887
テンプレート	1	0.000423	0.000865
通り	1	0.000423	0.000865
／	1	0.000423	0.000865
34	1	0.000423	0.000865
中学校	1	0.000423	0.000865
病院	1	0.000423	0.000865
名称	1	0.000423	0.000865
付近	1	0.000423	0.000865
−	1	0.000423	0.000865
実際	1	0.000423	0.000865
詳細	1	0.000423	0.000865
小	1	0.000423	0.000865
開催	1	0.000423	0.000865
じ	1	0.000423	0.000865
カテゴリ	2	0.000845	0.000849
新しい	1	0.000423	0.000846
小学校	1	0.000423	0.000828
1994	1	0.000423	0.000828
影響	1	0.000423	0.000828
変更	1	0.000423	0.000828
東	1	0.000423	0.000828
含ま	1	0.000423	0.000813
営業	1	0.000423	0.000813
多	1	0.000423	0.000813
ただし	1	0.000423	0.000813
書	1	0.000423	0.000813
為	1	0.000423	0.000813
ください	1	0.000423	0.000798
西	1	0.000423	0.000798
持つ	1	0.000423	0.000798
とも	1	0.000423	0.000798
台	1	0.000423	0.000798
さらに	1	0.000423	0.000798
高等	1	0.000423	0.000798
側	1	0.000423	0.000798
用い	1	0.000423	0.000784
位置	1	0.000423	0.000784
構成	1	0.000423	0.000784
ウィキメディア・コモンズ	1	0.000423	0.000784
所在地	1	0.000423	0.000772
1990	1	0.000423	0.000772
2010	1	0.000423	0.000772
特に	1	0.000423	0.000772
機関	1	0.000423	0.000760
別	1	0.000423	0.000749
または	1	0.000423	0.000749
中心	1	0.000423	0.000749
学校	1	0.000423	0.000749
万	1	0.000423	0.000749
26	1	0.000423	0.000738
85	1	0.000423	0.000738
局	1	0.000423	0.000728
29	1	0.000423	0.000728
交通	1	0.000423	0.000728
でき	1	0.000423	0.000719
でも	1	0.000423	0.000719
所	1	0.000423	0.000719
PJ	1	0.000423	0.000719
式	1	0.000423	0.000710
89	1	0.000423	0.000701
行う	1	0.000423	0.000701
年代	1	0.000423	0.000701
当時	1	0.000423	0.000701
一覧	1	0.000423	0.000701
情報	1	0.000423	0.000693
必要	1	0.000423	0.000693
90	1	0.000423	0.000693
21	1	0.000423	0.000693
次	1	0.000423	0.000693
部	1	0.000423	0.000685
P	1	0.000423	0.000685
き	1	0.000423	0.000670
数	1	0.000423	0.000670
見	1	0.000423	0.000670
14	1	0.000423	0.000664
2007	1	0.000423	0.000664
13	1	0.000423	0.000664
場合	1	0.000423	0.000657
それ	1	0.000423	0.000644
性	1	0.000423	0.000644
なく	1	0.000423	0.000644
書き	1	0.000423	0.000638
加筆	1	0.000423	0.000638
訂正	1	0.000423	0.000638
下さる	1	0.000423	0.000638
15	1	0.000423	0.000632
か	1	0.000423	0.000632
等	1	0.000423	0.000627
前	1	0.000423	0.000621
20	1	0.000423	0.000616
られる	1	0.000423	0.000616
かけ	1	0.000423	0.000616
です	1	0.000423	0.000616
協力	1	0.000423	0.000611
求め	1	0.000423	0.000606
11	1	0.000423	0.000591
よう	1	0.000423	0.000582
による	1	0.000423	0.000578
83	1	0.000423	0.000533
れる	1	0.000423	0.000508
目次	1	0.000423	0.000483
B	1	0.000423	0.000451
/%	1	0.000423	0.000436
http	1	0.000423	0.000425
://	1	0.000423	0.000425
ja	1	0.000423	0.000425
wikipedia	1	0.000423	0.000425
org	1	0.000423	0.000425
wiki	1	0.000423	0.000425
作成	1	0.000423	0.000425
出典	1	0.000423	0.000423
フリー	1	0.000423	0.000423
百科	1	0.000423	0.000423
事典	1	0.000423	0.000423
『	1	0.000423	0.000423
ウィキペディア	1	0.000423	0.000423
Wikipedia	1	0.000423	0.000423
』	1	0.000423	0.000423
移動	1	0.000423	0.000423
ナビゲーション	1	0.000423	0.000423
検索	1	0.000423	0.000423
