の	32	0.049383	0.049383
ガイア	6	0.009259	0.027777
（	16	0.024691	0.024691
）	16	0.024691	0.024691
を	14	0.021605	0.021605
。	13	0.020062	0.020062
で	12	0.018519	0.018600
翻訳	5	0.007716	0.017144
、	11	0.016975	0.016975
地球	4	0.006173	0.016661
[	10	0.015432	0.015636
]	10	0.015432	0.015636
は	10	0.015432	0.015432
著作	4	0.006173	0.014802
グリーンピース	3	0.004630	0.013890
捕鯨	3	0.004630	0.013890
編集	8	0.012346	0.012565
%	8	0.012346	0.012509
屋久島	3	0.004630	0.012496
局長	3	0.004630	0.012496
幻冬舎	3	0.004630	0.012496
に	8	0.012346	0.012346
書	4	0.006173	0.011857
-	7	0.010802	0.011733
名義	3	0.004630	0.011681
事務	3	0.004630	0.011102
た	7	0.010802	0.010849
運動	3	0.004630	0.009977
星川	2	0.003086	0.009258
親戚	2	0.003086	0.009258
ロック	2	0.003086	0.009258
西濃運輸	2	0.003086	0.009258
甥	2	0.003086	0.009258
七つ	2	0.003086	0.009258
生命	2	0.003086	0.009258
舎	2	0.003086	0.009258
プラブッダ	2	0.003086	0.009258
日本	5	0.007716	0.009160
生活	3	0.004630	0.008583
戦	3	0.004630	0.008583
共著	2	0.003086	0.008329
注	2	0.003086	0.008329
ジェームズ	2	0.003086	0.008329
持ち出し	2	0.003086	0.008329
館	3	0.004630	0.008315
|	5	0.007716	0.008144
年	5	0.007716	0.008032
活動	3	0.004630	0.007969
社	3	0.004630	0.007969
・	5	0.007716	0.007923
淳	2	0.003086	0.007786
訳書	2	0.003086	0.007786
反	2	0.003086	0.007786
し	5	0.007716	0.007716
理論	2	0.003086	0.007400
世界	3	0.004630	0.007263
工作	2	0.003086	0.007101
家	3	0.004630	0.006985
非	4	0.006173	0.006944
メンバー	2	0.003086	0.006857
圏	2	0.003086	0.006857
1952	2	0.003086	0.006650
る	2	0.003086	0.006650
　	3	0.004630	0.006629
発表	2	0.003086	0.006471
1	4	0.006173	0.006368
森	2	0.003086	0.006313
て	4	0.006173	0.006255
が	4	0.006173	0.006227
と	4	0.006173	0.006200
調査	2	0.003086	0.006172
戦争	2	0.003086	0.006044
事件	2	0.003086	0.005928
)	3	0.004630	0.005832
(	3	0.004630	0.005691
内容	2	0.003086	0.005629
また	3	0.004630	0.005559
や	3	0.004630	0.005466
6	3	0.004630	0.005130
作品	2	0.003086	0.005056
も	3	0.004630	0.005054
いる	3	0.004630	0.005054
7	3	0.004630	0.005054
9	3	0.004630	0.005054
する	3	0.004630	0.004957
B	3	0.004630	0.004933
関係	2	0.003086	0.004891
3	3	0.004630	0.004798
主	2	0.003086	0.004745
E	3	0.004630	0.004691
:	3	0.004630	0.004630
スワミ・プレム・プラブッダ	1	0.001543	0.004629
九州芸術工科大学	1	0.001543	0.004629
中退	1	0.001543	0.004629
ピース	1	0.001543	0.004629
ラブ	1	0.001543	0.004629
ホクレア	1	0.001543	0.004629
ニューエイジ	1	0.001543	0.004629
多発	1	0.001543	0.004629
坂本	1	0.001543	0.004629
龍一	1	0.001543	0.004629
核	1	0.001543	0.004629
弾劾	1	0.001543	0.004629
日新	1	0.001543	0.004629
擁護	1	0.001543	0.004629
論陣	1	0.001543	0.004629
張っ	1	0.001543	0.004629
実妹	1	0.001543	0.004629
壱成	1	0.001543	0.004629
嫁	1	0.001543	0.004629
讃歌	1	0.001543	0.004629
南日本新聞社	1	0.001543	0.004629
翔	1	0.001543	0.004629
泳社	1	0.001543	0.004629
トンプソン	1	0.001543	0.004629
ベーリンジア	1	0.001543	0.004629
パラダイム	1	0.001543	0.004629
徳間書店	1	0.001543	0.004629
クジラ	1	0.001543	0.004629
殺す	1	0.001543	0.004629
イマジン	1	0.001543	0.004629
想像	1	0.001543	0.004629
め	1	0.001543	0.004629
くま	1	0.001543	0.004629
グルジェフ	1	0.001543	0.004629
不滅	1	0.001543	0.004629
白水	1	0.001543	0.004629
ジャン・ユドン	1	0.001543	0.004629
バグワン・シュリ・ラジニーシ	1	0.001543	0.004629
オショウ	1	0.001543	0.004629
和尚	1	0.001543	0.004629
OSHOU	1	0.001543	0.004629
メルクマール	1	0.001543	0.004629
スワミ・プラブッダ	1	0.001543	0.004629
ホーリーネーム	1	0.001543	0.004629
ラジニーシ	1	0.001543	0.004629
もらっ	1	0.001543	0.004629
憲法	1	0.001543	0.004629
格差	1	0.001543	0.004629
くいとめよ	1	0.001543	0.004629
みずほ	1	0.001543	0.004629
NGO	1	0.001543	0.004629
か	2	0.003086	0.004613
時代	2	0.003086	0.004348
ほし	1	0.001543	0.004165
じゅん	1	0.001543	0.004165
妻子	1	0.001543	0.004165
ジャパン	1	0.001543	0.004165
ハワイ	1	0.001543	0.004165
同時	1	0.001543	0.004165
原発	1	0.001543	0.004165
ヶ所	1	0.001543	0.004165
自宅	1	0.001543	0.004165
私物	1	0.001543	0.004165
純一	1	0.001543	0.004165
々	1	0.001543	0.004165
長男	1	0.001543	0.004165
いしだ	1	0.001543	0.004165
えみ	1	0.001543	0.004165
魂	1	0.001543	0.004165
築地	1	0.001543	0.004165
ライブラリー	1	0.001543	0.004165
旅路	1	0.001543	0.004165
ナイ	1	0.001543	0.004165
肖像	1	0.001543	0.004165
記憶	1	0.001543	0.004165
ライフ	1	0.001543	0.004165
合同	1	0.001543	0.004165
す	1	0.001543	0.004165
出会い	1	0.001543	0.004165
ラヴ	1	0.001543	0.004165
進化	1	0.001543	0.004165
対談	1	0.001543	0.004165
明石書店	1	0.001543	0.004165
事後	1	0.001543	0.004165
承認	1	0.001543	0.004165
HP	1	0.001543	0.004165
外部	2	0.003086	0.004042
リンク	2	0.003086	0.003962
作家	1	0.001543	0.003893
インド	1	0.001543	0.003893
グリーン	1	0.001543	0.003893
テロ	1	0.001543	0.003893
六	1	0.001543	0.003893
処理	1	0.001543	0.003893
広範	1	0.001543	0.003893
乗組	1	0.001543	0.003893
送っ	1	0.001543	0.003893
関わり	1	0.001543	0.003893
関わっ	1	0.001543	0.003893
石田	1	0.001543	0.003893
タレント	1	0.001543	0.003893
三宅	1	0.001543	0.003893
平凡社	1	0.001543	0.003893
航海	1	0.001543	0.003893
ノア	1	0.001543	0.003893
同上	1	0.001543	0.003893
福島	1	0.001543	0.003893
後	2	0.003086	0.003863
燃料	1	0.001543	0.003700
無断	1	0.001543	0.003700
民主	1	0.001543	0.003700
希望	1	0.001543	0.003700
変え	1	0.001543	0.003700
星	1	0.001543	0.003700
士	1	0.001543	0.003700
ごらん	1	0.001543	0.003700
注目	1	0.001543	0.003700
べき	1	0.001543	0.003700
小説	1	0.001543	0.003700
日	2	0.003086	0.003603
な	2	0.003086	0.003564
あたる	1	0.001543	0.003550
手がけ	1	0.001543	0.003550
項目	2	0.003086	0.003526
月	2	0.003086	0.003490
関連	2	0.003086	0.003454
わ	1	0.001543	0.003428
移住	1	0.001543	0.003428
展開	1	0.001543	0.003428
船	1	0.001543	0.003428
なぜ	1	0.001543	0.003428
ー	1	0.001543	0.003428
から	2	0.003086	0.003352
反対	1	0.001543	0.003325
丸	1	0.001543	0.003325
一番	1	0.001543	0.003325
人々	1	0.001543	0.003325
98	1	0.001543	0.003325
ある	2	0.003086	0.003257
1982	1	0.001543	0.003236
鹿児島	1	0.001543	0.003236
村	1	0.001543	0.003236
直接	1	0.001543	0.003236
妻	1	0.001543	0.003236
著	1	0.001543	0.003236
集	1	0.001543	0.003236
5	2	0.003086	0.003198
主義	1	0.001543	0.003157
存命	1	0.001543	0.003157
より	2	0.003086	0.003099
『	2	0.003086	0.003086
』	2	0.003086	0.003086
「	2	0.003086	0.003086
」	2	0.003086	0.003086
.	2	0.003086	0.003086
近年	1	0.001543	0.003086
員	1	0.001543	0.003022
出版	1	0.001543	0.003022
科学	1	0.001543	0.003022
手	1	0.001543	0.003022
とともに	1	0.001543	0.002964
再	1	0.001543	0.002964
事業	1	0.001543	0.002910
かつて	1	0.001543	0.002861
多数	1	0.001543	0.002861
ら	1	0.001543	0.002814
水	1	0.001543	0.002814
子	1	0.001543	0.002814
31	1	0.001543	0.002771
町	1	0.001543	0.002771
万	1	0.001543	0.002730
系	1	0.001543	0.002692
アメリカ	1	0.001543	0.002656
2006	1	0.001543	0.002656
施設	1	0.001543	0.002656
公式	1	0.001543	0.002656
17	1	0.001543	0.002622
年生	1	0.001543	0.002622
う	1	0.001543	0.002589
他	1	0.001543	0.002528
2008	1	0.001543	0.002528
多い	1	0.001543	0.002499
F	1	0.001543	0.002420
D	1	0.001543	0.002420
元	1	0.001543	0.002373
人物	1	0.001543	0.002328
.^	1	0.001543	0.002286
前	1	0.001543	0.002266
られる	1	0.001543	0.002247
：	1	0.001543	0.002247
県	1	0.001543	0.002209
一	1	0.001543	0.002109
現在	1	0.001543	0.002078
という	1	0.001543	0.002035
へ	1	0.001543	0.001920
その	1	0.001543	0.001908
あっ	1	0.001543	0.001897
ない	1	0.001543	0.001842
あり	1	0.001543	0.001801
目次	1	0.001543	0.001763
表示	1	0.001543	0.001763
など	1	0.001543	0.001754
この	1	0.001543	0.001718
として	1	0.001543	0.001684
4	1	0.001543	0.001652
2	1	0.001543	0.001614
8	1	0.001543	0.001614
/%	1	0.001543	0.001592
http	1	0.001543	0.001550
://	1	0.001543	0.001550
ja	1	0.001543	0.001550
wikipedia	1	0.001543	0.001550
org	1	0.001543	0.001550
/	1	0.001543	0.001550
wiki	1	0.001543	0.001550
作成	1	0.001543	0.001550
カテゴリ	1	0.001543	0.001550
出典	1	0.001543	0.001543
フリー	1	0.001543	0.001543
百科	1	0.001543	0.001543
事典	1	0.001543	0.001543
ウィキペディア	1	0.001543	0.001543
Wikipedia	1	0.001543	0.001543
移動	1	0.001543	0.001543
ナビゲーション	1	0.001543	0.001543
,	1	0.001543	0.001543
検索	1	0.001543	0.001543
