の	151	0.040000	0.040000
、	124	0.032848	0.032848
市	77	0.020397	0.031062
アルプス	36	0.009536	0.025737
に	73	0.019338	0.019338
町	40	0.010596	0.019029
が	70	0.018543	0.018706
。	70	0.018543	0.018543
南	35	0.009272	0.017810
は	65	0.017219	0.017219
山梨	20	0.005298	0.015894
〜	36	0.009536	0.015807
で	59	0.015629	0.015697
た	50	0.013245	0.013303
を	50	0.013245	0.013245
て	49	0.012980	0.013152
白根	16	0.004238	0.012714
甲府	16	0.004238	0.011438
（	43	0.011391	0.011391
）	43	0.011391	0.011391
駅	23	0.006093	0.010631
小学校	18	0.004768	0.009339
・	34	0.009007	0.009249
と	34	0.009007	0.009046
村	15	0.003974	0.008333
し	31	0.008212	0.008212
芦安	10	0.002649	0.007947
れ	28	0.007417	0.007866
も	27	0.007152	0.007807
-	27	0.007152	0.007768
年	28	0.007417	0.007721
人口	10	0.002649	0.007150
ある	25	0.006623	0.006991
[	26	0.006887	0.006978
|	24	0.006358	0.006711
]	25	0.006623	0.006711
小笠原	10	0.002649	0.006683
県	17	0.004503	0.006447
岳	9	0.002384	0.006434
いる	22	0.005828	0.006361
櫛形	8	0.002119	0.006357
線	14	0.003709	0.006301
■	11	0.002914	0.006279
中央	12	0.003179	0.006106
北	12	0.003179	0.005996
編集	22	0.005828	0.005931
経由	9	0.002384	0.005717
郡	10	0.002649	0.005419
旧	11	0.002914	0.005315
画像	8	0.002119	0.005081
さ	18	0.004768	0.005080
2	18	0.004768	0.004986
など	16	0.004238	0.004817
「	18	0.004768	0.004768
」	18	0.004768	0.004768
若草	6	0.001589	0.004767
甲西	6	0.001589	0.004767
甲斐	7	0.001854	0.004677
地帯	7	0.001854	0.004677
%	17	0.004503	0.004563
提供	8	0.002119	0.004443
3	16	0.004238	0.004391
中学校	8	0.002119	0.004335
川	7	0.001854	0.004266
—	7	0.001854	0.004119
日	13	0.003444	0.004021
韮崎	5	0.001325	0.003975
釜無川	5	0.001325	0.003975
.	15	0.003974	0.003974
月	13	0.003444	0.003894
部	9	0.002384	0.003862
1	14	0.003709	0.003826
表記	6	0.001589	0.003810
選手	7	0.001854	0.003793
学校	8	0.002119	0.003750
,	14	0.003709	0.003709
な	12	0.003179	0.003671
人	11	0.002914	0.003671
県立	6	0.001589	0.003656
橋	6	0.001589	0.003656
ほか	8	0.002119	0.003647
交通	8	0.002119	0.003647
標高	5	0.001325	0.003576
地域	7	0.001854	0.003497
m	7	0.001854	0.003437
道路	6	0.001589	0.003424
未定	4	0.001060	0.003180
市川	4	0.001060	0.003180
三郷	4	0.001060	0.003180
富士川	4	0.001060	0.003180
早川	4	0.001060	0.003180
市域	4	0.001060	0.003180
勅使	4	0.001060	0.003180
扇状地	4	0.001060	0.003180
広河原	4	0.001060	0.003180
六科	4	0.001060	0.003180
合併	5	0.001325	0.003177
依頼	6	0.001589	0.003112
：	8	0.002119	0.003085
バス	6	0.001589	0.002946
南部	5	0.001325	0.002944
から	10	0.002649	0.002877
山間	4	0.001060	0.002861
河川	4	0.001060	0.002861
伊奈	4	0.001060	0.002861
住民	4	0.001060	0.002861
信玄	4	0.001060	0.002861
西野	4	0.001060	0.002861
市内	5	0.001325	0.002855
元	7	0.001854	0.002851
する	10	0.002649	0.002836
や	9	0.002384	0.002814
名	7	0.001854	0.002771
所	6	0.001589	0.002700
ヶ	4	0.001060	0.002674
議員	4	0.001060	0.002674
公募	4	0.001060	0.002674
鉄道	5	0.001325	0.002650
あっ	8	0.002119	0.002605
営業	5	0.001325	0.002545
れる	8	0.002119	0.002544
自治体	4	0.001060	0.002542
静岡	4	0.001060	0.002542
御	4	0.001060	0.002542
現在	7	0.001854	0.002497
あり	8	0.002119	0.002474
行政	4	0.001060	0.002439
湖	4	0.001060	0.002439
こと	8	0.002119	0.002434
水	5	0.001325	0.002417
杜	3	0.000795	0.002385
平坦	3	0.000795	0.002385
氾濫	3	0.000795	0.002385
南湖	3	0.000795	0.002385
間ノ岳	3	0.000795	0.002385
仙丈ケ岳	3	0.000795	0.002385
中巨摩	3	0.000795	0.002385
八田	3	0.000795	0.002385
ローマ字	3	0.000795	0.002385
投票	3	0.000795	0.002385
巨摩	3	0.000795	0.002385
遠	3	0.000795	0.002385
鰍沢	3	0.000795	0.002385
隣接	4	0.001060	0.002355
として	8	0.002119	0.002313
なっ	7	0.001854	0.002226
昭和	5	0.001325	0.002223
都市	4	0.001060	0.002223
地区	4	0.001060	0.002223
山	4	0.001060	0.002223
国道	4	0.001060	0.002223
長野	4	0.001060	0.002169
原	4	0.001060	0.002169
病院	4	0.001060	0.002169
地名	3	0.000795	0.002146
遺跡	3	0.000795	0.002146
近年	4	0.001060	0.002120
歴史	5	0.001325	0.002078
存在	5	0.001325	0.002078
はじめ	4	0.001060	0.002076
これら	4	0.001060	0.002076
この	7	0.001854	0.002064
路線	4	0.001060	0.002036
電車	3	0.000795	0.002006
高等	4	0.001060	0.001999
平成	4	0.001060	0.001965
8	7	0.001854	0.001939
おり	5	0.001325	0.001929
193	3	0.000795	0.001906
結ぶ	3	0.000795	0.001906
ず	5	0.001325	0.001897
地方	4	0.001060	0.001876
約	4	0.001060	0.001876
源	3	0.000795	0.001829
分布	3	0.000795	0.001829
本線	3	0.000795	0.001829
第	5	0.001325	0.001784
西部	3	0.000795	0.001766
地理	3	0.000795	0.001766
アナウンサー	3	0.000795	0.001766
支援	3	0.000795	0.001713
光	3	0.000795	0.001713
4	6	0.001589	0.001701
呼ば	4	0.001060	0.001698
利用	4	0.001060	0.001698
三	4	0.001060	0.001680
区	3	0.000795	0.001667
建築	3	0.000795	0.001667
へ	5	0.001325	0.001648
5	6	0.001589	0.001647
国内	3	0.000795	0.001626
E	6	0.001589	0.001610
自然	3	0.000795	0.001590
みなみ	2	0.000530	0.001590
ぷすし	2	0.000530	0.001590
伊那	2	0.000530	0.001590
果樹	2	0.000530	0.001590
広がる	2	0.000530	0.001590
野呂川	2	0.000530	0.001590
用水	2	0.000530	0.001590
乏しく	2	0.000530	0.001590
堰	2	0.000530	0.001590
盆地	2	0.000530	0.001590
恵まれ	2	0.000530	0.001590
坪川	2	0.000530	0.001590
天井川	2	0.000530	0.001590
寸	2	0.000530	0.001590
赤石山脈	2	0.000530	0.001590
一望	2	0.000530	0.001590
櫛形山	2	0.000530	0.001590
東洋	2	0.000530	0.001590
西八代	2	0.000530	0.001590
南巨摩	2	0.000530	0.001590
こま	2	0.000530	0.001590
カタカナ	2	0.000530	0.001590
縦断	2	0.000530	0.001590
Minami	2	0.000530	0.001590
Alps	2	0.000530	0.001590
南ア	2	0.000530	0.001590
ゆかり	2	0.000530	0.001590
荊沢	2	0.000530	0.001590
奈良田	2	0.000530	0.001590
何れ	2	0.000530	0.001590
身延線	2	0.000530	0.001590
浅原	2	0.000530	0.001590
身延	2	0.000530	0.001590
アイオワ	2	0.000530	0.001590
衆議院	2	0.000530	0.001590
河西	2	0.000530	0.001590
バレーボール	2	0.000530	0.001590
ない	5	0.001325	0.001582
江戸	3	0.000795	0.001557
十	3	0.000795	0.001527
ください	3	0.000795	0.001499
誕生	3	0.000795	0.001499
道	3	0.000795	0.001499
時代	4	0.001060	0.001493
位	3	0.000795	0.001474
英語	3	0.000795	0.001474
州	3	0.000795	0.001474
6	5	0.001325	0.001468
い	5	0.001325	0.001446
上部	2	0.000530	0.001430
必ず	2	0.000530	0.001430
市役所	2	0.000530	0.001430
市長	2	0.000530	0.001430
友好	2	0.000530	0.001430
有名人	2	0.000530	0.001430
滝沢	2	0.000530	0.001430
登山	2	0.000530	0.001430
ルート	2	0.000530	0.001430
三角	2	0.000530	0.001430
本体	2	0.000530	0.001430
加賀	2	0.000530	0.001430
考古	2	0.000530	0.001430
山岳	2	0.000530	0.001430
部分	3	0.000795	0.001428
結果	3	0.000795	0.001428
館	3	0.000795	0.001428
27	3	0.000795	0.001428
なる	4	0.001060	0.001408
別	3	0.000795	0.001407
でも	3	0.000795	0.001351
28	3	0.000795	0.001351
長	3	0.000795	0.001351
72	2	0.000530	0.001337
級	2	0.000530	0.001337
古く	2	0.000530	0.001337
合流	2	0.000530	0.001337
地点	2	0.000530	0.001337
議会	2	0.000530	0.001337
野	2	0.000530	0.001337
跡	2	0.000530	0.001337
栄え	2	0.000530	0.001337
石川	2	0.000530	0.001337
町長	2	0.000530	0.001337
敷島	2	0.000530	0.001337
季節	2	0.000530	0.001337
2003	3	0.000795	0.001334
/	5	0.001325	0.001331
:	5	0.001325	0.001325
出身	3	0.000795	0.001318
ため	4	0.001060	0.001303
一部	3	0.000795	0.001302
多い	3	0.000795	0.001288
内	3	0.000795	0.001288
行わ	3	0.000795	0.001274
また	4	0.001060	0.001273
ち	2	0.000530	0.001271
東側	2	0.000530	0.001271
市街地	2	0.000530	0.001271
直後	2	0.000530	0.001271
協議	2	0.000530	0.001271
便	2	0.000530	0.001271
美	2	0.000530	0.001271
武田	2	0.000530	0.001271
信	2	0.000530	0.001271
木材	2	0.000530	0.001271
社長	2	0.000530	0.001271
き	3	0.000795	0.001260
者	4	0.001060	0.001258
日本	4	0.001060	0.001258
2007	3	0.000795	0.001247
市場	2	0.000530	0.001220
中部	2	0.000530	0.001220
年齢	2	0.000530	0.001220
運転	2	0.000530	0.001220
都	2	0.000530	0.001220
サッカー	2	0.000530	0.001220
特別	2	0.000530	0.001178
沿い	2	0.000530	0.001178
字	2	0.000530	0.001178
52	2	0.000530	0.001178
戦後	2	0.000530	0.001178
豊	2	0.000530	0.001178
北海道	2	0.000530	0.001178
によって	3	0.000795	0.001167
姉妹	2	0.000530	0.001142
言わ	2	0.000530	0.001142
以来	2	0.000530	0.001142
公園	2	0.000530	0.001142
組み合わせ	2	0.000530	0.001142
街	2	0.000530	0.001142
省	2	0.000530	0.001142
11	3	0.000795	0.001111
整備	2	0.000530	0.001111
少ない	2	0.000530	0.001111
批判	2	0.000530	0.001111
決定	2	0.000530	0.001111
氏	2	0.000530	0.001111
プロ	2	0.000530	0.001111
野球	2	0.000530	0.001111
られ	3	0.000795	0.001095
10	3	0.000795	0.001086
テンプレート	2	0.000530	0.001084
アメリカ合衆国	2	0.000530	0.001084
まで	3	0.000795	0.001071
沿革	2	0.000530	0.001060
計画	2	0.000530	0.001060
点	2	0.000530	0.001060
自動車	2	0.000530	0.001060
という	3	0.000795	0.001048
形成	2	0.000530	0.001038
いわ	2	0.000530	0.001038
97	2	0.000530	0.001038
的	3	0.000795	0.001027
82	3	0.000795	0.001027
方面	2	0.000530	0.001018
ものの	2	0.000530	0.001018
教育	2	0.000530	0.001000
全国	2	0.000530	0.001000
その	3	0.000795	0.000983
km	2	0.000530	0.000967
ご	2	0.000530	0.000967
現	2	0.000530	0.000967
子	2	0.000530	0.000967
その他	2	0.000530	0.000938
新	2	0.000530	0.000925
高	2	0.000530	0.000925
東京	2	0.000530	0.000925
一般	2	0.000530	0.000912
項目	3	0.000795	0.000908
2005	2	0.000530	0.000900
関連	3	0.000795	0.000890
だっ	2	0.000530	0.000889
2000	2	0.000530	0.000879
他	2	0.000530	0.000868
7	3	0.000795	0.000868
多く	2	0.000530	0.000858
会	2	0.000530	0.000858
脚注	2	0.000530	0.000849
しかし	2	0.000530	0.000840
なかっ	2	0.000530	0.000840
間	2	0.000530	0.000831
2004	2	0.000530	0.000831
ば	2	0.000530	0.000815
主	2	0.000530	0.000815
できる	2	0.000530	0.000815
なお	2	0.000530	0.000815
地	2	0.000530	0.000815
号	2	0.000530	0.000807
家	2	0.000530	0.000800
出典	3	0.000795	0.000795
Wikipedia	3	0.000795	0.000795
貼付	1	0.000265	0.000795
はがし	1	0.000265	0.000795
甲信越	1	0.000265	0.000795
19208	1	0.000265	0.000795
264	1	0.000265	0.000795
301	1	0.000265	0.000795
推計	1	0.000265	0.000795
0395	1	0.000265	0.000795
376	1	0.000265	0.000795
ウオッ	1	0.000265	0.000795
Map	1	0.000265	0.000795
bing	1	0.000265	0.000795
geohack	1	0.000265	0.000795
mapfan	1	0.000265	0.000795
yahoo	1	0.000265	0.000795
navitime	1	0.000265	0.000795
甲府盆地	1	0.000265	0.000795
二分	1	0.000265	0.000795
注ぐ	1	0.000265	0.000795
緩やか	1	0.000265	0.000795
傾斜地	1	0.000265	0.000795
桃源郷	1	0.000265	0.000795
モモ	1	0.000265	0.000795
サクランボ	1	0.000265	0.000795
桑畑	1	0.000265	0.000795
地下	1	0.000265	0.000795
地表	1	0.000265	0.000795
月夜	1	0.000265	0.000795
灼け	1	0.000265	0.000795
旱魃	1	0.000265	0.000795
ひい	1	0.000265	0.000795
ことし	1	0.000265	0.000795
語ら	1	0.000265	0.000795
到底	1	0.000265	0.000795
無理	1	0.000265	0.000795
さし	1	0.000265	0.000795
ばなし	1	0.000265	0.000795
始末	1	0.000265	0.000795
灌漑	1	0.000265	0.000795
低地	1	0.000265	0.000795
末端	1	0.000265	0.000795
湧	1	0.000265	0.000795
水田	1	0.000265	0.000795
ビニール	1	0.000265	0.000795
反面	1	0.000265	0.000795
五明	1	0.000265	0.000795
めい	1	0.000265	0.000795
曇っ	1	0.000265	0.000795
雨降り	1	0.000265	0.000795
どころか	1	0.000265	0.000795
曇	1	0.000265	0.000795
溢れる	1	0.000265	0.000795
襲	1	0.000265	0.000795
改修	1	0.000265	0.000795
入り組ん	1	0.000265	0.000795
浸水	1	0.000265	0.000795
筆頭	1	0.000265	0.000795
高峰	1	0.000265	0.000795
連なる	1	0.000265	0.000795
キタダケソウ	1	0.000265	0.000795
ライチョウ	1	0.000265	0.000795
駒ケ岳	1	0.000265	0.000795
北沢	1	0.000265	0.000795
冬期	1	0.000265	0.000795
マイカー	1	0.000265	0.000795
夜叉神峠	1	0.000265	0.000795
鳳凰	1	0.000265	0.000795
片道	1	0.000265	0.000795
農鳥岳	1	0.000265	0.000795
白峰	1	0.000265	0.000795
三山	1	0.000265	0.000795
絶景	1	0.000265	0.000795
192	1	0.000265	0.000795
南南西	1	0.000265	0.000795
岩盤	1	0.000265	0.000795
手前	1	0.000265	0.000795
052	1	0.000265	0.000795
アヤメ	1	0.000265	0.000795
群落	1	0.000265	0.000795
自生	1	0.000265	0.000795
食害	1	0.000265	0.000795
株数	1	0.000265	0.000795
激減	1	0.000265	0.000795
前衛	1	0.000265	0.000795
そびえる	1	0.000265	0.000795
望める	1	0.000265	0.000795
四方	1	0.000265	0.000795
富士山	1	0.000265	0.000795
八ヶ岳	1	0.000265	0.000795
山系	1	0.000265	0.000795
取り巻く	1	0.000265	0.000795
観音	1	0.000265	0.000795
薬師岳	1	0.000265	0.000795
アサヨ峰	1	0.000265	0.000795
小太郎山	1	0.000265	0.000795
千頭星山	1	0.000265	0.000795
秋山川	1	0.000265	0.000795
湖沼	1	0.000265	0.000795
在任	1	0.000265	0.000795
市議会	1	0.000265	0.000795
擁し	1	0.000265	0.000795
マンモス	1	0.000265	0.000795
決議	1	0.000265	0.000795
議決	1	0.000265	0.000795
改選	1	0.000265	0.000795
JCT	1	0.000265	0.000795
65	1	0.000265	0.000795
民意	1	0.000265	0.000795
言い	1	0.000265	0.000795
難かっ	1	0.000265	0.000795
合わせれ	1	0.000265	0.000795
次点	1	0.000265	0.000795
優勢	1	0.000265	0.000795
高かっ	1	0.000265	0.000795
崩さ	1	0.000265	0.000795
不在	1	0.000265	0.000795
不透明	1	0.000265	0.000795
抱く	1	0.000265	0.000795
いまだ	1	0.000265	0.000795
峡	1	0.000265	0.000795
西市	1	0.000265	0.000795
コザ	1	0.000265	0.000795
篠ノ井	1	0.000265	0.000795
楠原	1	0.000265	0.000795
佑介	1	0.000265	0.000795
いら	1	0.000265	0.000795
!　	1	0.000265	0.000795
もつ	1	0.000265	0.000795
牧	1	0.000265	0.000795
庄園	1	0.000265	0.000795
巨麻	1	0.000265	0.000795
加賀美	1	0.000265	0.000795
庄	1	0.000265	0.000795
拠っ	1	0.000265	0.000795
清ら	1	0.000265	0.000795
構え	1	0.000265	0.000795
頼朝	1	0.000265	0.000795
重臣	1	0.000265	0.000795
法善寺	1	0.000265	0.000795
奥州	1	0.000265	0.000795
光行	1	0.000265	0.000795
信虎	1	0.000265	0.000795
大井	1	0.000265	0.000795
舟運	1	0.000265	0.000795
陸路	1	0.000265	0.000795
旅人	1	0.000265	0.000795
賑わっ	1	0.000265	0.000795
駿	1	0.000265	0.000795
往還	1	0.000265	0.000795
物々交換	1	0.000265	0.000795
十日	1	0.000265	0.000795
流通	1	0.000265	0.000795
往時	1	0.000265	0.000795
増穂	1	0.000265	0.000795
青柳	1	0.000265	0.000795
にあたる	1	0.000265	0.000795
構想	1	0.000265	0.000795
唱え	1	0.000265	0.000795
テレビ局	1	0.000265	0.000795
立ち消え	1	0.000265	0.000795
石橋	1	0.000265	0.000795
湛山	1	0.000265	0.000795
鏡中條	1	0.000265	0.000795
長遠寺	1	0.000265	0.000795
過ごし	1	0.000265	0.000795
水利	1	0.000265	0.000795
定住	1	0.000265	0.000795
鋳物師屋	1	0.000265	0.000795
縄文	1	0.000265	0.000795
物見	1	0.000265	0.000795
塚	1	0.000265	0.000795
前方後円墳	1	0.000265	0.000795
遺物	1	0.000265	0.000795
出土	1	0.000265	0.000795
立川	1	0.000265	0.000795
全域	1	0.000265	0.000795
様相	1	0.000265	0.000795
森林	1	0.000265	0.000795
トロッコ	1	0.000265	0.000795
鉱山	1	0.000265	0.000795
鉱	1	0.000265	0.000795
終戦	1	0.000265	0.000795
産出	1	0.000265	0.000795
ペンション	1	0.000265	0.000795
開館	1	0.000265	0.000795
紫色	1	0.000265	0.000795
青色	1	0.000265	0.000795
123	1	0.000265	0.000795
298	1	0.000265	0.000795
351	1	0.000265	0.000795
504	1	0.000265	0.000795
116	1	0.000265	0.000795
055	1	0.000265	0.000795
出納	1	0.000265	0.000795
今沢	1	0.000265	0.000795
忠文	1	0.000265	0.000795
県議会	1	0.000265	0.000795
塩崎	1	0.000265	0.000795
竜王	1	0.000265	0.000795
東花輪	1	0.000265	0.000795
市川大門	1	0.000265	0.000795
平岡	1	0.000265	0.000795
あやめ	1	0.000265	0.000795
中条	1	0.000265	0.000795
山梨大学	1	0.000265	0.000795
医学部	1	0.000265	0.000795
車庫	1	0.000265	0.000795
野牛島	1	0.000265	0.000795
大草	1	0.000265	0.000795
夜叉	1	0.000265	0.000795
北沢峠	1	0.000265	0.000795
ルプスインターチェンジ	1	0.000265	0.000795
インターチェンジ	1	0.000265	0.000795
新山梨	1	0.000265	0.000795
環状	1	0.000265	0.000795
林道	1	0.000265	0.000795
花橋	1	0.000265	0.000795
景色	1	0.000265	0.000795
ムダ	1	0.000265	0.000795
槍玉	1	0.000265	0.000795
眺望	1	0.000265	0.000795
便利	1	0.000265	0.000795
津別	1	0.000265	0.000795
岩見沢	1	0.000265	0.000795
穴水	1	0.000265	0.000795
マーシャルタウン	1	0.000265	0.000795
クイーンビヤン	1	0.000265	0.000795
ニューサウスウェールズ	1	0.000265	0.000795
四川	1	0.000265	0.000795
飯野	1	0.000265	0.000795
百田	1	0.000265	0.000795
若草南	1	0.000265	0.000795
落合	1	0.000265	0.000795
大明	1	0.000265	0.000795
わかば	1	0.000265	0.000795
金丸	1	0.000265	0.000795
豊太郎	1	0.000265	0.000795
歌舞伎座	1	0.000265	0.000795
昌枝	1	0.000265	0.000795
主将	1	0.000265	0.000795
喜光	1	0.000265	0.000795
三菱	1	0.000265	0.000795
ケミカル	1	0.000265	0.000795
ホールディングス	1	0.000265	0.000795
三菱化学	1	0.000265	0.000795
矢崎	1	0.000265	0.000795
光圀	1	0.000265	0.000795
甲子	1	0.000265	0.000795
俳人	1	0.000265	0.000795
村松	1	0.000265	0.000795
栄	1	0.000265	0.000795
レーシングドライバー	1	0.000265	0.000795
土屋	1	0.000265	0.000795
裕一	1	0.000265	0.000795
藤本	1	0.000265	0.000795
芦沢	1	0.000265	0.000795
矢	1	0.000265	0.000795
高部	1	0.000265	0.000795
深澤	1	0.000265	0.000795
桂子	1	0.000265	0.000795
ホッケー	1	0.000265	0.000795
浅利	1	0.000265	0.000795
そ	1	0.000265	0.000795
中込	1	0.000265	0.000795
真理子	1	0.000265	0.000795
裕二	1	0.000265	0.000795
切子	1	0.000265	0.000795
駒ヶ根	1	0.000265	0.000795
新市	1	0.000265	0.000795
市部	1	0.000265	0.000795
富士吉田	1	0.000265	0.000795
都留	1	0.000265	0.000795
大月	1	0.000265	0.000795
笛吹	1	0.000265	0.000795
上野原	1	0.000265	0.000795
甲州	1	0.000265	0.000795
南都留	1	0.000265	0.000795
道志	1	0.000265	0.000795
西桂	1	0.000265	0.000795
忍野	1	0.000265	0.000795
山中湖	1	0.000265	0.000795
鳴沢	1	0.000265	0.000795
河口湖	1	0.000265	0.000795
北都留	1	0.000265	0.000795
小菅	1	0.000265	0.000795
丹波山	1	0.000265	0.000795
等	2	0.000530	0.000785
大	2	0.000530	0.000778
られる	2	0.000530	0.000772
なり	2	0.000530	0.000753
一	2	0.000530	0.000724
中	2	0.000530	0.000724
タグ	1	0.000265	0.000715
追記	1	0.000265	0.000715
たら	1	0.000265	0.000715
境界	1	0.000265	0.000715
密度	1	0.000265	0.000715
274	1	0.000265	0.000715
Google	1	0.000265	0.000715
ゼンリン	1	0.000265	0.000715
養蚕	1	0.000265	0.000715
郷	1	0.000265	0.000715
水位	1	0.000265	0.000715
飲み	1	0.000265	0.000715
築か	1	0.000265	0.000715
特有	1	0.000265	0.000715
ハウス	1	0.000265	0.000715
田園	1	0.000265	0.000715
なん	1	0.000265	0.000715
水系	1	0.000265	0.000715
洪水	1	0.000265	0.000715
常	1	0.000265	0.000715
複雑	1	0.000265	0.000715
生じる	1	0.000265	0.000715
峰	1	0.000265	0.000715
固有	1	0.000265	0.000715
高山	1	0.000265	0.000715
貴重	1	0.000265	0.000715
峠	1	0.000265	0.000715
図っ	1	0.000265	0.000715
余	1	0.000265	0.000715
ポイント	1	0.000265	0.000715
102	1	0.000265	0.000715
人造湖	1	0.000265	0.000715
山容	1	0.000265	0.000715
頂上	1	0.000265	0.000715
山々	1	0.000265	0.000715
葵	1	0.000265	0.000715
特例	1	0.000265	0.000715
さらさ	1	0.000265	0.000715
定数	1	0.000265	0.000715
双葉	1	0.000265	0.000715
逆転	1	0.000265	0.000715
姿勢	1	0.000265	0.000715
こんな	1	0.000265	0.000715
もう	1	0.000265	0.000715
マニュアル	1	0.000265	0.000715
標識	1	0.000265	0.000715
City	1	0.000265	0.000715
中世	1	0.000265	0.000715
居	1	0.000265	0.000715
源氏	1	0.000265	0.000715
宿	1	0.000265	0.000715
宿場	1	0.000265	0.000715
街道	1	0.000265	0.000715
倉庫	1	0.000265	0.000715
商店	1	0.000265	0.000715
端	1	0.000265	0.000715
発し	1	0.000265	0.000715
盛大	1	0.000265	0.000715
面影	1	0.000265	0.000715
残し	1	0.000265	0.000715
首相	1	0.000265	0.000715
残さ	1	0.000265	0.000715
古墳	1	0.000265	0.000715
各所	1	0.000265	0.000715
タコ	1	0.000265	0.000715
遺構	1	0.000265	0.000715
玄関	1	0.000265	0.000715
資源	1	0.000265	0.000715
供給	1	0.000265	0.000715
林業	1	0.000265	0.000715
運搬	1	0.000265	0.000715
開	1	0.000265	0.000715
銅	1	0.000265	0.000715
分校	1	0.000265	0.000715
旅館	1	0.000265	0.000715
赤色	1	0.000265	0.000715
国勢調査	1	0.000265	0.000715
通っ	1	0.000265	0.000715
井川	1	0.000265	0.000715
最寄り駅	1	0.000265	0.000715
団地	1	0.000265	0.000715
支所	1	0.000265	0.000715
140	1	0.000265	0.000715
桃	1	0.000265	0.000715
ピンク色	1	0.000265	0.000715
ループ	1	0.000265	0.000715
突如	1	0.000265	0.000715
インター	1	0.000265	0.000715
ウインター	1	0.000265	0.000715
西小学校	1	0.000265	0.000715
総理	1	0.000265	0.000715
内藤	1	0.000265	0.000715
タワー	1	0.000265	0.000715
魔女	1	0.000265	0.000715
哲学	1	0.000265	0.000715
えみ	1	0.000265	0.000715
中沢	1	0.000265	0.000715
伸二	1	0.000265	0.000715
幸次	1	0.000265	0.000715
香織	1	0.000265	0.000715
プロレス	1	0.000265	0.000715
WEB	1	0.000265	0.000715
もの	2	0.000530	0.000704
により	2	0.000530	0.000694
12	2	0.000530	0.000694
ます	2	0.000530	0.000690
コード	1	0.000265	0.000669
06	1	0.000265	0.000669
占める	1	0.000265	0.000669
広大	1	0.000265	0.000669
そこで	1	0.000265	0.000669
進ん	1	0.000265	0.000669
流れる	1	0.000265	0.000669
大雨	1	0.000265	0.000669
植物	1	0.000265	0.000669
閉鎖	1	0.000265	0.000669
敷か	1	0.000265	0.000669
通行	1	0.000265	0.000669
改訂	1	0.000265	0.000669
山頂	1	0.000265	0.000669
シカ	1	0.000265	0.000669
見え	1	0.000265	0.000669
秩父	1	0.000265	0.000669
関わら	1	0.000265	0.000669
自主	1	0.000265	0.000669
解散	1	0.000265	0.000669
賛成	1	0.000265	0.000669
不満	1	0.000265	0.000669
番目	1	0.000265	0.000669
ローカル	1	0.000265	0.000669
略し	1	0.000265	0.000669
勢力	1	0.000265	0.000669
基盤	1	0.000265	0.000669
一族	1	0.000265	0.000669
仕え	1	0.000265	0.000669
祖	1	0.000265	0.000669
号線	1	0.000265	0.000669
軌道	1	0.000265	0.000669
復活	1	0.000265	0.000669
初頭	1	0.000265	0.000669
建造	1	0.000265	0.000669
発掘	1	0.000265	0.000669
江戸城	1	0.000265	0.000669
置か	1	0.000265	0.000669
伝承	1	0.000265	0.000669
67	1	0.000265	0.000669
総務	1	0.000265	0.000669
県内	1	0.000265	0.000669
乗り入れる	1	0.000265	0.000669
町内	1	0.000265	0.000669
横断	1	0.000265	0.000669
しら	1	0.000265	0.000669
西方	1	0.000265	0.000669
公共	1	0.000265	0.000669
セット	1	0.000265	0.000669
江	1	0.000265	0.000669
中華人民共和国	1	0.000265	0.000669
実業	1	0.000265	0.000669
仲	1	0.000265	0.000669
福田	1	0.000265	0.000669
雄	1	0.000265	0.000669
紀	1	0.000265	0.000669
り	1	0.000265	0.000669
パーソナリティ	1	0.000265	0.000669
真	1	0.000265	0.000669
千葉	1	0.000265	0.000669
リング	1	0.000265	0.000669
予定	1	0.000265	0.000669
富士	1	0.000265	0.000669
市町村	1	0.000265	0.000669
83	2	0.000530	0.000668
後	2	0.000530	0.000663
出さ	1	0.000265	0.000635
貼り	1	0.000265	0.000635
報告	1	0.000265	0.000635
関東	1	0.000265	0.000635
〒	1	0.000265	0.000635
400	1	0.000265	0.000635
番地	1	0.000265	0.000635
深く	1	0.000265	0.000635
東部	1	0.000265	0.000635
中小	1	0.000265	0.000635
豊富	1	0.000265	0.000635
残る	1	0.000265	0.000635
拠点	1	0.000265	0.000635
国土	1	0.000265	0.000635
ぶり	1	0.000265	0.000635
一時期	1	0.000265	0.000635
選挙	1	0.000265	0.000635
在住	1	0.000265	0.000635
正確	1	0.000265	0.000635
反映	1	0.000265	0.000635
求める	1	0.000265	0.000635
重視	1	0.000265	0.000635
過程	1	0.000265	0.000635
著作	1	0.000265	0.000635
離れ	1	0.000265	0.000635
増加	1	0.000265	0.000635
市立	1	0.000265	0.000635
敷地	1	0.000265	0.000635
生母	1	0.000265	0.000635
南北	1	0.000265	0.000635
駅前	1	0.000265	0.000635
開通	1	0.000265	0.000635
結ん	1	0.000265	0.000635
深い	1	0.000265	0.000635
注目	1	0.000265	0.000635
飛行場	1	0.000265	0.000635
ロ	1	0.000265	0.000635
1914	1	0.000265	0.000635
発信	1	0.000265	0.000635
緑色	1	0.000265	0.000635
男性	1	0.000265	0.000635
58	1	0.000265	0.000635
発祥	1	0.000265	0.000635
オーストラリア	1	0.000265	0.000635
田中	1	0.000265	0.000635
副	1	0.000265	0.000635
学者	1	0.000265	0.000635
俳優	1	0.000265	0.000635
聖	1	0.000265	0.000635
まし	1	0.000265	0.000610
ページ	1	0.000265	0.000610
文	1	0.000265	0.000610
都道府県	1	0.000265	0.000610
鳥	1	0.000265	0.000610
西側	1	0.000265	0.000610
徳島	1	0.000265	0.000610
入口	1	0.000265	0.000610
長い	1	0.000265	0.000610
確認	1	0.000265	0.000610
わけ	1	0.000265	0.000610
伝統	1	0.000265	0.000610
由来	1	0.000265	0.000610
報道	1	0.000265	0.000610
古代	1	0.000265	0.000610
大名	1	0.000265	0.000610
活発	1	0.000265	0.000610
成立	1	0.000265	0.000610
扱っ	1	0.000265	0.000610
口	1	0.000265	0.000610
ピーク	1	0.000265	0.000610
男女	1	0.000265	0.000610
丘	1	0.000265	0.000610
福祉	1	0.000265	0.000610
トンネル	1	0.000265	0.000610
快速	1	0.000265	0.000610
市営	1	0.000265	0.000610
ね	1	0.000265	0.000610
現れ	1	0.000265	0.000610
連邦	1	0.000265	0.000610
土	1	0.000265	0.000610
木	1	0.000265	0.000589
しよ	1	0.000265	0.000589
被害	1	0.000265	0.000589
北部	1	0.000265	0.000589
規制	1	0.000265	0.000589
安全	1	0.000265	0.000589
途中	1	0.000265	0.000589
徒歩	1	0.000265	0.000589
従来	1	0.000265	0.000589
高く	1	0.000265	0.000589
外	1	0.000265	0.000589
違い	1	0.000265	0.000589
声	1	0.000265	0.000589
要	1	0.000265	0.000589
ちなみに	1	0.000265	0.000589
沖縄	1	0.000265	0.000589
官	1	0.000265	0.000589
清	1	0.000265	0.000589
夫人	1	0.000265	0.000589
地元	1	0.000265	0.000589
品	1	0.000265	0.000589
中期	1	0.000265	0.000589
列車	1	0.000265	0.000589
産業	1	0.000265	0.000589
温泉	1	0.000265	0.000589
62	1	0.000265	0.000589
70	1	0.000265	0.000589
統計	1	0.000265	0.000589
唯一	1	0.000265	0.000589
付属	1	0.000265	0.000589
運行	1	0.000265	0.000589
9	2	0.000530	0.000579
付け	1	0.000265	0.000571
なけれ	1	0.000265	0.000571
面積	1	0.000265	0.000571
丸	1	0.000265	0.000571
ノート	1	0.000265	0.000571
解説	1	0.000265	0.000571
大きく	1	0.000265	0.000571
七	1	0.000265	0.000571
る	1	0.000265	0.000571
来	1	0.000265	0.000571
農業	1	0.000265	0.000571
37	1	0.000265	0.000571
翌	1	0.000265	0.000571
かつ	1	0.000265	0.000571
市民	1	0.000265	0.000571
続い	1	0.000265	0.000571
保存	1	0.000265	0.000571
比較的	1	0.000265	0.000571
始まっ	1	0.000265	0.000571
1932	1	0.000265	0.000571
逆	1	0.000265	0.000571
L	1	0.000265	0.000571
1962	1	0.000265	0.000571
今	1	0.000265	0.000571
少年	1	0.000265	0.000571
航空	1	0.000265	0.000571
55	1	0.000265	0.000571
54	1	0.000265	0.000571
初代	1	0.000265	0.000571
過去	1	0.000265	0.000571
シーズン	1	0.000265	0.000571
限り	1	0.000265	0.000571
規格	1	0.000265	0.000571
至る	1	0.000265	0.000571
八	1	0.000265	0.000571
B	2	0.000530	0.000565
最大	1	0.000265	0.000556
院	1	0.000265	0.000556
み	1	0.000265	0.000556
委員	1	0.000265	0.000556
よ	1	0.000265	0.000556
妻	1	0.000265	0.000556
毎年	1	0.000265	0.000556
困難	1	0.000265	0.000556
大戦	1	0.000265	0.000556
異なる	1	0.000265	0.000556
観光	1	0.000265	0.000556
直接	1	0.000265	0.000556
高速	1	0.000265	0.000556
例	1	0.000265	0.000556
挙げ	1	0.000265	0.000556
よく	1	0.000265	0.000556
設計	1	0.000265	0.000556
小林	1	0.000265	0.000556
国立	1	0.000265	0.000556
つけ	1	0.000265	0.000542
団体	1	0.000265	0.000542
にかけて	1	0.000265	0.000542
期間	1	0.000265	0.000542
付近	1	0.000265	0.000542
有名	1	0.000265	0.000542
場所	1	0.000265	0.000542
名称	1	0.000265	0.000542
完全	1	0.000265	0.000542
期	1	0.000265	0.000542
隊	1	0.000265	0.000542
ほぼ	1	0.000265	0.000542
アクセス	1	0.000265	0.000542
小	1	0.000265	0.000542
より	2	0.000530	0.000532
カテゴリ	2	0.000530	0.000532
000	1	0.000265	0.000530
調査	1	0.000265	0.000530
cm	1	0.000265	0.000530
少なく	1	0.000265	0.000530
開発	1	0.000265	0.000530
世紀	1	0.000265	0.000530
様々	1	0.000265	0.000530
構造	1	0.000265	0.000530
ラジオ	1	0.000265	0.000530
※	1	0.000265	0.000519
総	1	0.000265	0.000519
ま	1	0.000265	0.000519
保護	1	0.000265	0.000519
高い	1	0.000265	0.000519
ほとんど	1	0.000265	0.000519
戦争	1	0.000265	0.000519
発展	1	0.000265	0.000519
東	1	0.000265	0.000519
サイト	1	0.000265	0.000519
花	1	0.000265	0.000509
明治	1	0.000265	0.000509
規模	1	0.000265	0.000509
ただし	1	0.000265	0.000509
含ま	1	0.000265	0.000509
金	1	0.000265	0.000509
とともに	1	0.000265	0.000509
1985	1	0.000265	0.000509
為	1	0.000265	0.000509
神	1	0.000265	0.000509
多	1	0.000265	0.000509
ウィキプロジェクト	1	0.000265	0.000500
一方	1	0.000265	0.000500
廃止	1	0.000265	0.000500
放送	1	0.000265	0.000500
60	1	0.000265	0.000500
1995	1	0.000265	0.000500
代	1	0.000265	0.000500
五	1	0.000265	0.000500
事業	1	0.000265	0.000500
位置	1	0.000265	0.000491
種	1	0.000265	0.000491
多数	1	0.000265	0.000491
番組	1	0.000265	0.000491
女性	1	0.000265	0.000491
担当	1	0.000265	0.000491
ウィキメディア・コモンズ	1	0.000265	0.000491
せる	1	0.000265	0.000491
2010	1	0.000265	0.000483
所在地	1	0.000265	0.000483
以外	1	0.000265	0.000483
名前	1	0.000265	0.000483
事	1	0.000265	0.000483
1990	1	0.000265	0.000483
法	1	0.000265	0.000483
設置	1	0.000265	0.000476
における	1	0.000265	0.000476
機関	1	0.000265	0.000476
下	1	0.000265	0.000469
万	1	0.000265	0.000469
中心	1	0.000265	0.000469
または	1	0.000265	0.000469
社会	1	0.000265	0.000469
95	1	0.000265	0.000462
型	1	0.000265	0.000462
26	1	0.000265	0.000462
知ら	1	0.000265	0.000456
2002	1	0.000265	0.000456
1980	1	0.000265	0.000456
局	1	0.000265	0.000456
可能	1	0.000265	0.000450
22	1	0.000265	0.000450
17	1	0.000265	0.000450
AB	1	0.000265	0.000450
う	1	0.000265	0.000445
際	1	0.000265	0.000445
80	1	0.000265	0.000445
だけ	1	0.000265	0.000445
当時	1	0.000265	0.000439
隠す	1	0.000265	0.000439
]。	1	0.000265	0.000434
次	1	0.000265	0.000434
同	1	0.000265	0.000434
21	1	0.000265	0.000434
必要	1	0.000265	0.000434
のみ	1	0.000265	0.000429
見	1	0.000265	0.000420
時間	1	0.000265	0.000420
関係	1	0.000265	0.000420
および	1	0.000265	0.000420
について	1	0.000265	0.000416
世界	1	0.000265	0.000416
D	1	0.000265	0.000416
国	1	0.000265	0.000412
受け	1	0.000265	0.000412
場合	1	0.000265	0.000412
化	1	0.000265	0.000407
上	1	0.000265	0.000404
それ	1	0.000265	0.000404
時	1	0.000265	0.000400
か	1	0.000265	0.000396
せ	1	0.000265	0.000396
.^	1	0.000265	0.000393
前	1	0.000265	0.000389
使用	1	0.000265	0.000389
記事	1	0.000265	0.000389
二	1	0.000265	0.000386
だ	1	0.000265	0.000383
求め	1	0.000265	0.000379
による	1	0.000265	0.000362
歴	1	0.000265	0.000362
話	1	0.000265	0.000359
表	1	0.000265	0.000357
編	1	0.000265	0.000352
外部	1	0.000265	0.000347
リンク	1	0.000265	0.000340
)	1	0.000265	0.000334
(	1	0.000265	0.000326
目次	1	0.000265	0.000303
表示	1	0.000265	0.000303
非	1	0.000265	0.000298
A	1	0.000265	0.000286
/%	1	0.000265	0.000273
http	1	0.000265	0.000266
://	1	0.000265	0.000266
ja	1	0.000265	0.000266
wikipedia	1	0.000265	0.000266
org	1	0.000265	0.000266
wiki	1	0.000265	0.000266
作成	1	0.000265	0.000266
フリー	1	0.000265	0.000265
百科	1	0.000265	0.000265
事典	1	0.000265	0.000265
『	1	0.000265	0.000265
ウィキペディア	1	0.000265	0.000265
』	1	0.000265	0.000265
移動	1	0.000265	0.000265
ナビゲーション	1	0.000265	0.000265
検索	1	0.000265	0.000265
