-	172	0.050204	0.054531
豊田	47	0.013719	0.041157
、	112	0.032691	0.032691
の	105	0.030648	0.030648
た	102	0.029772	0.029902
に	99	0.028897	0.028897
は	79	0.023059	0.023059
。	78	0.022767	0.022767
海軍	30	0.008757	0.020999
を	69	0.020140	0.020140
大臣	27	0.007881	0.019883
年	61	0.017805	0.018534
し	63	0.018389	0.018389
が	58	0.016929	0.017078
て	40	0.011675	0.011829
（	40	0.011675	0.011675
）	40	0.011675	0.011675
と	37	0.010800	0.010847
で	37	0.010800	0.010847
次官	13	0.003795	0.010243
外務	10	0.002919	0.008757
昭和	17	0.004962	0.008325
貞次郎	9	0.002627	0.007881
第	20	0.005838	0.007863
内閣	9	0.002627	0.007090
近衛	9	0.002627	0.007090
「	21	0.006130	0.006130
」	21	0.006130	0.006130
鉄鋼	7	0.002043	0.006129
れ	19	0.005546	0.005881
昇進	8	0.002335	0.005599
さ	18	0.005254	0.005598
大将	7	0.002043	0.005514
帰国	7	0.002043	0.005514
:	18	0.005254	0.005254
月	15	0.004378	0.004951
・	16	0.004670	0.004795
外務省	6	0.001751	0.004726
も	14	0.004086	0.004460
こと	13	0.003795	0.004359
山本	6	0.001751	0.004199
就任	7	0.002043	0.004179
%	14	0.004086	0.004140
学校	8	0.002335	0.004132
吉田	6	0.001751	0.004029
長	8	0.002335	0.003967
大日本帝国	5	0.001459	0.003938
鎮守	5	0.001459	0.003938
長官	5	0.001459	0.003938
軍需	5	0.001459	0.003938
任じ	5	0.001459	0.003938
先代	5	0.001459	0.003938
次代	5	0.001459	0.003938
本部	6	0.001751	0.003890
太郎	6	0.001751	0.003890
する	12	0.003503	0.003750
交渉	5	0.001459	0.003681
責任	5	0.001459	0.003681
後	10	0.002919	0.003654
1941	6	0.001751	0.003582
卒業	6	0.001751	0.003582
として	11	0.003211	0.003505
宮	4	0.001168	0.003504
及川	4	0.001168	0.003504
茂徳	4	0.001168	0.003504
大隈	4	0.001168	0.003504
重信	4	0.001168	0.003504
高明	4	0.001168	0.003504
軍人	5	0.001459	0.003499
茂	5	0.001459	0.003499
から	11	0.003211	0.003488
ない	10	0.002919	0.003485
日	10	0.002919	0.003408
ある	11	0.003211	0.003389
大正	6	0.001751	0.003363
11	8	0.002335	0.003264
ため	9	0.002627	0.003229
い	10	0.002919	0.003186
和歌山	4	0.001168	0.003152
佐世保	4	0.001168	0.003152
辞職	4	0.001168	0.003152
同盟	4	0.001168	0.003152
府	5	0.001459	0.003059
米	5	0.001459	0.002985
だ	7	0.002043	0.002949
商工	4	0.001168	0.002947
艦	4	0.001168	0.002947
東郷	4	0.001168	0.002947
加藤	4	0.001168	0.002947
あっ	8	0.002335	0.002870
いる	9	0.002627	0.002867
られ	7	0.002043	0.002813
副	4	0.001168	0.002801
事務	4	0.001168	0.002801
なかっ	6	0.001751	0.002775
日本	8	0.002335	0.002772
代	5	0.001459	0.002752
3	9	0.002627	0.002722
政治	4	0.001168	0.002688
鐵	3	0.000876	0.002628
砲術	3	0.000876	0.002628
軍務	3	0.000876	0.002628
軍縮	3	0.000876	0.002628
随員	3	0.000876	0.002628
更迭	3	0.000876	0.002628
後任	3	0.000876	0.002628
洋右	3	0.000876	0.002628
閣僚	3	0.000876	0.002628
親王	3	0.000876	0.002628
宣嘉	3	0.000876	0.002628
康哉	3	0.000876	0.002628
重光	3	0.000876	0.002628
河野	3	0.000876	0.002628
洋平	3	0.000876	0.002628
か	6	0.001751	0.002617
生産	4	0.001168	0.002595
1961	4	0.001168	0.002517
外国	4	0.001168	0.002517
4	8	0.002335	0.002500
時代	6	0.001751	0.002467
武	4	0.001168	0.002449
1	8	0.002335	0.002409
[	8	0.002335	0.002366
]	8	0.002335	0.002366
1885	3	0.000876	0.002364
ばかり	3	0.000876	0.002364
参謀	3	0.000876	0.002364
船団	3	0.000876	0.002364
工廠	3	0.000876	0.002364
兼任	3	0.000876	0.002364
首相	3	0.000876	0.002364
改造	3	0.000876	0.002364
松岡	3	0.000876	0.002364
策	3	0.000876	0.002364
有田	3	0.000876	0.002364
八郎	3	0.000876	0.002364
葵	3	0.000876	0.002364
明治	4	0.001168	0.002244
号	5	0.001459	0.002222
運輸	3	0.000876	0.002210
政	3	0.000876	0.002210
内田	3	0.000876	0.002210
人物	5	0.001459	0.002201
へ	6	0.001751	0.002178
|	7	0.002043	0.002156
2	7	0.002043	0.002136
通信	3	0.000876	0.002101
派遣	3	0.000876	0.002101
艦隊	3	0.000876	0.002101
確保	3	0.000876	0.002101
海外	3	0.000876	0.002101
会議	3	0.000876	0.002101
郎	3	0.000876	0.002101
対	3	0.000876	0.002101
労働	3	0.000876	0.002101
沢	3	0.000876	0.002101
県	5	0.001459	0.002089
E	7	0.002043	0.002070
成立	3	0.000876	0.002016
現場	3	0.000876	0.002016
一	5	0.001459	0.001994
戦後	3	0.000876	0.001946
ロンドン	3	0.000876	0.001946
出身	4	0.001168	0.001936
科	3	0.000876	0.001888
航空	3	0.000876	0.001888
力	3	0.000876	0.001888
井上	3	0.000876	0.001837
法律	3	0.000876	0.001837
8	6	0.001751	0.001831
33	3	0.000876	0.001792
イギリス	3	0.000876	0.001792
編集	6	0.001751	0.001782
家	4	0.001168	0.001762
時	4	0.001168	0.001762
拓	2	0.000584	0.001752
顧問	2	0.000584	0.001752
演じ	2	0.000584	0.001752
首席	2	0.000584	0.001752
肌	2	0.000584	0.001752
将官	2	0.000584	0.001752
着任	2	0.000584	0.001752
主力	2	0.000584	0.001752
留任	2	0.000584	0.001752
半年	2	0.000584	0.001752
武官	2	0.000584	0.001752
部長	2	0.000584	0.001752
博	2	0.000584	0.001752
もはや	2	0.000584	0.001752
五十六	2	0.000584	0.001752
補職	2	0.000584	0.001752
念願	2	0.000584	0.001752
差し置い	2	0.000584	0.001752
文麿	2	0.000584	0.001752
飾っ	2	0.000584	0.001752
峯	2	0.000584	0.001752
辞表	2	0.000584	0.001752
吉三郎	2	0.000584	0.001752
ルーズベルト	2	0.000584	0.001752
対ソ	2	0.000584	0.001752
招聘	2	0.000584	0.001752
東條	2	0.000584	0.001752
陸海	2	0.000584	0.001752
公職	2	0.000584	0.001752
英機	2	0.000584	0.001752
総裁	2	0.000584	0.001752
山階	2	0.000584	0.001752
晃	2	0.000584	0.001752
宗城	2	0.000584	0.001752
副島	2	0.000584	0.001752
種臣	2	0.000584	0.001752
馨	2	0.000584	0.001752
周藏	2	0.000584	0.001752
西園寺	2	0.000584	0.001752
公望	2	0.000584	0.001752
小村	2	0.000584	0.001752
寺内	2	0.000584	0.001752
正毅	2	0.000584	0.001752
幣	2	0.000584	0.001752
喜重郎	2	0.000584	0.001752
澤	2	0.000584	0.001752
廣田	2	0.000584	0.001752
弘毅	2	0.000584	0.001752
小坂	2	0.000584	0.001752
善太郎	2	0.000584	0.001752
大平	2	0.000584	0.001752
正芳	2	0.000584	0.001752
園田	2	0.000584	0.001752
高村	2	0.000584	0.001752
正彦	2	0.000584	0.001752
信孝	2	0.000584	0.001752
製	3	0.000876	0.001752
経	3	0.000876	0.001752
なっ	5	0.001459	0.001752
年間	3	0.000876	0.001716
大	4	0.001168	0.001715
ものの	3	0.000876	0.001683
この	5	0.001459	0.001625
法	3	0.000876	0.001598
9	5	0.001459	0.001593
階級	2	0.000584	0.001576
従	2	0.000584	0.001576
務	2	0.000584	0.001576
終わっ	2	0.000584	0.001576
戦隊	2	0.000584	0.001576
特務	2	0.000584	0.001576
シドニー	2	0.000584	0.001576
エリート	2	0.000584	0.001576
大使館	2	0.000584	0.001576
局長	2	0.000584	0.001576
経験	2	0.000584	0.001576
ポスト	2	0.000584	0.001576
締結	2	0.000584	0.001576
古賀	2	0.000584	0.001576
会長	2	0.000584	0.001576
開戦	2	0.000584	0.001576
伊達	2	0.000584	0.001576
青木	2	0.000584	0.001576
壽	2	0.000584	0.001576
林	2	0.000584	0.001576
町村	2	0.000584	0.001576
設置	3	0.000876	0.001573
まで	4	0.001168	0.001573
軍	3	0.000876	0.001550
12	4	0.001168	0.001530
でき	3	0.000876	0.001488
1905	2	0.000584	0.001473
実業	2	0.000584	0.001473
将来	2	0.000584	0.001473
護衛	2	0.000584	0.001473
1923	2	0.000584	0.001473
附	2	0.000584	0.001473
工場	2	0.000584	0.001473
賛成	2	0.000584	0.001473
野村	2	0.000584	0.001473
会談	2	0.000584	0.001473
追放	2	0.000584	0.001473
.	5	0.001459	0.001459
その	4	0.001168	0.001444
21	3	0.000876	0.001435
れる	4	0.001168	0.001402
作戦	2	0.000584	0.001400
太平洋戦争	2	0.000584	0.001400
社長	2	0.000584	0.001400
引退	2	0.000584	0.001400
兵	2	0.000584	0.001400
命令	2	0.000584	0.001400
1917	2	0.000584	0.001400
オーストラリア	2	0.000584	0.001400
強く	2	0.000584	0.001400
航空機	2	0.000584	0.001400
親	2	0.000584	0.001400
間もなく	2	0.000584	0.001400
鈴木	2	0.000584	0.001400
田中	2	0.000584	0.001400
直	2	0.000584	0.001400
三	3	0.000876	0.001388
者	4	0.001168	0.001387
な	4	0.001168	0.001349
指揮	2	0.000584	0.001344
生涯	2	0.000584	0.001344
無	2	0.000584	0.001344
輸送	2	0.000584	0.001344
事情	2	0.000584	0.001344
条約	2	0.000584	0.001344
軍事	2	0.000584	0.001344
広	2	0.000584	0.001344
成功	2	0.000584	0.001344
入学	2	0.000584	0.001298
出	2	0.000584	0.001298
再び	2	0.000584	0.001298
自ら	2	0.000584	0.001298
ヶ月	2	0.000584	0.001298
歴代	2	0.000584	0.001298
6	4	0.001168	0.001294
おり	3	0.000876	0.001275
7	4	0.001168	0.001275
最終	2	0.000584	0.001258
以来	2	0.000584	0.001258
省	2	0.000584	0.001258
特殊	2	0.000584	0.001258
来	2	0.000584	0.001258
減少	2	0.000584	0.001258
大戦	2	0.000584	0.001225
36	2	0.000584	0.001225
学生	2	0.000584	0.001225
務め	2	0.000584	0.001225
整備	2	0.000584	0.001225
歴	3	0.000876	0.001197
期	2	0.000584	0.001195
国内	2	0.000584	0.001195
原	2	0.000584	0.001195
英	2	0.000584	0.001168
1945	2	0.000584	0.001168
なる	3	0.000876	0.001163
という	3	0.000876	0.001155
戦争	2	0.000584	0.001144
自身	2	0.000584	0.001101
に対して	2	0.000584	0.001101
なら	2	0.000584	0.001101
位	2	0.000584	0.001083
生活	2	0.000584	0.001083
戦	2	0.000584	0.001083
所属	2	0.000584	0.001065
ら	2	0.000584	0.001065
18	2	0.000584	0.001049
に対する	2	0.000584	0.001049
や	3	0.000876	0.001034
94	2	0.000584	0.001033
あり	3	0.000876	0.001023
東京	2	0.000584	0.001019
26	2	0.000584	0.001019
だっ	2	0.000584	0.000980
〜	2	0.000584	0.000968
一覧	2	0.000584	0.000968
次	2	0.000584	0.000957
必要	2	0.000584	0.000957
A	3	0.000876	0.000947
B	3	0.000876	0.000933
き	2	0.000584	0.000926
しかし	2	0.000584	0.000926
世界	2	0.000584	0.000916
間	2	0.000584	0.000916
国	2	0.000584	0.000907
16	2	0.000584	0.000898
より	3	0.000876	0.000880
一等旭日桐花大綬章	1	0.000292	0.000876
いじろ	1	0.000292	0.000876
紀伊田辺	1	0.000292	0.000876
信太郎	1	0.000292	0.000876
二位勲一等旭日桐花大綬章	1	0.000292	0.000876
天王寺	1	0.000292	0.000876
外語	1	0.000292	0.000876
入校	1	0.000292	0.000876
面識	1	0.000292	0.000876
苦労人	1	0.000292	0.000876
こそ	1	0.000292	0.000876
正反対	1	0.000292	0.000876
嘱望	1	0.000292	0.000876
中尉	1	0.000292	0.000876
千歳	1	0.000292	0.000876
乗艦	1	0.000292	0.000876
水雷	1	0.000292	0.000876
はさん	1	0.000292	0.000876
磨い	1	0.000292	0.000876
大尉	1	0.000292	0.000876
乙種	1	0.000292	0.000876
駐在	1	0.000292	0.000876
オックスフォード大学	1	0.000292	0.000876
勉学	1	0.000292	0.000876
励ん	1	0.000292	0.000876
比叡	1	0.000292	0.000876
分隊	1	0.000292	0.000876
潜水	1	0.000292	0.000876
ニュージーランド	1	0.000292	0.000876
担い	1	0.000292	0.000876
撤退	1	0.000292	0.000876
甲種	1	0.000292	0.000876
勝ち取り	1	0.000292	0.000876
中枢	1	0.000292	0.000876
局員	1	0.000292	0.000876
剛	1	0.000292	0.000876
副長	1	0.000292	0.000876
首位	1	0.000292	0.000876
大佐	1	0.000292	0.000876
ジュネーブ	1	0.000292	0.000876
横滑り	1	0.000292	0.000876
抜群	1	0.000292	0.000876
詳しかっ	1	0.000292	0.000876
疎く	1	0.000292	0.000876
反り	1	0.000292	0.000876
阿武隈	1	0.000292	0.000876
渡	1	0.000292	0.000876
全権	1	0.000292	0.000876
財部	1	0.000292	0.000876
可否	1	0.000292	0.000876
口出し	1	0.000292	0.000876
余地	1	0.000292	0.000876
少将	1	0.000292	0.000876
軍令	1	0.000292	0.000876
恭	1	0.000292	0.000876
失言	1	0.000292	0.000876
挫折	1	0.000292	0.000876
ろくに	1	0.000292	0.000876
宛	1	0.000292	0.000876
われ	1	0.000292	0.000876
異動	1	0.000292	0.000876
命脈	1	0.000292	0.000876
尽き	1	0.000292	0.000876
捲土重来	1	0.000292	0.000876
伺う	1	0.000292	0.000876
先発	1	0.000292	0.000876
叩き	1	0.000292	0.000876
落さ	1	0.000292	0.000876
窮状	1	0.000292	0.000876
感じ取り	1	0.000292	0.000876
原点	1	0.000292	0.000876
呉	1	0.000292	0.000876
次期	1	0.000292	0.000876
宮中	1	0.000292	0.000876
格下	1	0.000292	0.000876
返書	1	0.000292	0.000876
鼻白ま	1	0.000292	0.000876
慰留	1	0.000292	0.000876
白紙	1	0.000292	0.000876
雌伏	1	0.000292	0.000876
住山	1	0.000292	0.000876
徳太郎	1	0.000292	0.000876
退い	1	0.000292	0.000876
懸案	1	0.000292	0.000876
古志	1	0.000292	0.000876
好ましく	1	0.000292	0.000876
優先	1	0.000292	0.000876
やむなく	1	0.000292	0.000876
暗に	1	0.000292	0.000876
まさか	1	0.000292	0.000876
座ら	1	0.000292	0.000876
政務	1	0.000292	0.000876
余る	1	0.000292	0.000876
顕示	1	0.000292	0.000876
陰口	1	0.000292	0.000876
叩か	1	0.000292	0.000876
名札	1	0.000292	0.000876
陳列	1	0.000292	0.000876
さながら	1	0.000292	0.000876
如し	1	0.000292	0.000876
成美	1	0.000292	0.000876
執着	1	0.000292	0.000876
あからさま	1	0.000292	0.000876
副官	1	0.000292	0.000876
代わる	1	0.000292	0.000876
面目	1	0.000292	0.000876
失	1	0.000292	0.000876
辞意	1	0.000292	0.000876
繁太郎	1	0.000292	0.000876
若返り	1	0.000292	0.000876
推す	1	0.000292	0.000876
書簡	1	0.000292	0.000876
もちろん	1	0.000292	0.000876
前者	1	0.000292	0.000876
本命	1	0.000292	0.000876
後者	1	0.000292	0.000876
皮肉	1	0.000292	0.000876
現職	1	0.000292	0.000876
唖然	1	0.000292	0.000876
受理	1	0.000292	0.000876
即日	1	0.000292	0.000876
予備	1	0.000292	0.000876
政界	1	0.000292	0.000876
転向	1	0.000292	0.000876
踏み台	1	0.000292	0.000876
落胆	1	0.000292	0.000876
沢本	1	0.000292	0.000876
懐かしく	1	0.000292	0.000876
多々	1	0.000292	0.000876
吐露	1	0.000292	0.000876
本領	1	0.000292	0.000876
踏み切っ	1	0.000292	0.000876
推さ	1	0.000292	0.000876
押し付け	1	0.000292	0.000876
就か	1	0.000292	0.000876
固辞	1	0.000292	0.000876
同郷	1	0.000292	0.000876
駐米	1	0.000292	0.000876
連携	1	0.000292	0.000876
押し切ら	1	0.000292	0.000876
邁進	1	0.000292	0.000876
訪米	1	0.000292	0.000876
腹案	1	0.000292	0.000876
厳し	1	0.000292	0.000876
増す	1	0.000292	0.000876
至り	1	0.000292	0.000876
察知	1	0.000292	0.000876
要綱	1	0.000292	0.000876
採択	1	0.000292	0.000876
通告	1	0.000292	0.000876
増産	1	0.000292	0.000876
不足	1	0.000292	0.000876
下半期	1	0.000292	0.000876
克服	1	0.000292	0.000876
就労	1	0.000292	0.000876
離職	1	0.000292	0.000876
福利	1	0.000292	0.000876
厚生	1	0.000292	0.000876
戦局	1	0.000292	0.000876
悪化	1	0.000292	0.000876
一途	1	0.000292	0.000876
たどる	1	0.000292	0.000876
物資	1	0.000292	0.000876
打開	1	0.000292	0.000876
思惑	1	0.000292	0.000876
進ま	1	0.000292	0.000876
打つ手	1	0.000292	0.000876
問う	1	0.000292	0.000876
戦犯	1	0.000292	0.000876
画策	1	0.000292	0.000876
和平	1	0.000292	0.000876
努力	1	0.000292	0.000876
ブラジル	1	0.000292	0.000876
合弁	1	0.000292	0.000876
ウジミナス	1	0.000292	0.000876
注ぎ込ん	1	0.000292	0.000876
半生	1	0.000292	0.000876
癌	1	0.000292	0.000876
織本	1	0.000292	0.000876
順吉	1	0.000292	0.000876
平泉	1	0.000292	0.000876
東条	1	0.000292	0.000876
一三	1	0.000292	0.000876
左近	1	0.000292	0.000876
司政	1	0.000292	0.000876
米蔵	1	0.000292	0.000876
日山	1	0.000292	0.000876
直登	1	0.000292	0.000876
知久平	1	0.000292	0.000876
仁和寺	1	0.000292	0.000876
嘉	1	0.000292	0.000876
実美	1	0.000292	0.000876
久世	1	0.000292	0.000876
禧	1	0.000292	0.000876
督	1	0.000292	0.000876
知事	1	0.000292	0.000876
具視	1	0.000292	0.000876
寺島	1	0.000292	0.000876
則	1	0.000292	0.000876
太政官	1	0.000292	0.000876
博文	1	0.000292	0.000876
榎本	1	0.000292	0.000876
武揚	1	0.000292	0.000876
陸奥	1	0.000292	0.000876
宗光	1	0.000292	0.000876
勅	1	0.000292	0.000876
258	1	0.000292	0.000876
曾禰	1	0.000292	0.000876
董	1	0.000292	0.000876
牧野	1	0.000292	0.000876
伸	1	0.000292	0.000876
顯	1	0.000292	0.000876
菊次郎	1	0.000292	0.000876
本野	1	0.000292	0.000876
新平	1	0.000292	0.000876
權兵	1	0.000292	0.000876
伊集院	1	0.000292	0.000876
彦吉	1	0.000292	0.000876
慶四郎	1	0.000292	0.000876
義一	1	0.000292	0.000876
毅	1	0.000292	0.000876
謙吉	1	0.000292	0.000876
實	1	0.000292	0.000876
銑	1	0.000292	0.000876
尚武	1	0.000292	0.000876
宇垣	1	0.000292	0.000876
一成	1	0.000292	0.000876
信行	1	0.000292	0.000876
正之	1	0.000292	0.000876
貫太郎	1	0.000292	0.000876
芦田	1	0.000292	0.000876
均	1	0.000292	0.000876
283	1	0.000292	0.000876
岡崎	1	0.000292	0.000876
勝男	1	0.000292	0.000876
信介	1	0.000292	0.000876
藤山	1	0.000292	0.000876
愛一郎	1	0.000292	0.000876
悦三郎	1	0.000292	0.000876
武夫	1	0.000292	0.000876
揆一	1	0.000292	0.000876
赳夫	1	0.000292	0.000876
宮澤	1	0.000292	0.000876
喜一	1	0.000292	0.000876
威一郎	1	0.000292	0.000876
佐武郎	1	0.000292	0.000876
櫻内	1	0.000292	0.000876
義雄	1	0.000292	0.000876
安倍	1	0.000292	0.000876
晋	1	0.000292	0.000876
倉成	1	0.000292	0.000876
宇野	1	0.000292	0.000876
宗佑	1	0.000292	0.000876
三塚	1	0.000292	0.000876
美智雄	1	0.000292	0.000876
武藤	1	0.000292	0.000876
嘉文	1	0.000292	0.000876
羽田	1	0.000292	0.000876
孜	1	0.000292	0.000876
柿	1	0.000292	0.000876
行彦	1	0.000292	0.000876
小渕	1	0.000292	0.000876
恵三	1	0.000292	0.000876
眞紀子	1	0.000292	0.000876
純一郎	1	0.000292	0.000876
順子	1	0.000292	0.000876
中曽根	1	0.000292	0.000876
弘文	1	0.000292	0.000876
克也	1	0.000292	0.000876
『	3	0.000876	0.000876
』	3	0.000876	0.000876
せ	2	0.000584	0.000873
前	2	0.000584	0.000858
ず	2	0.000584	0.000836
なり	2	0.000584	0.000829
よう	2	0.000584	0.000804
話	2	0.000584	0.000792
政体	1	0.000292	0.000788
賞罰	1	0.000292	0.000788
勲	1	0.000292	0.000788
藩士	1	0.000292	0.000788
次男	1	0.000292	0.000788
同期	1	0.000292	0.000788
他人	1	0.000292	0.000788
露	1	0.000292	0.000788
東南アジア	1	0.000292	0.000788
遠洋	1	0.000292	0.000788
少尉	1	0.000292	0.000788
香取	1	0.000292	0.000788
腕	1	0.000292	0.000788
計	1	0.000292	0.000788
末期	1	0.000292	0.000788
差別	1	0.000292	0.000788
少佐	1	0.000292	0.000788
学ん	1	0.000292	0.000788
自他	1	0.000292	0.000788
たる	1	0.000292	0.000788
この間	1	0.000292	0.000788
中佐	1	0.000292	0.000788
合わ	1	0.000292	0.000788
歴任	1	0.000292	0.000788
彪	1	0.000292	0.000788
発言	1	0.000292	0.000788
横須賀	1	0.000292	0.000788
ところが	1	0.000292	0.000788
残さ	1	0.000292	0.000788
伏見	1	0.000292	0.000788
口癖	1	0.000292	0.000788
まったく	1	0.000292	0.000788
地位	1	0.000292	0.000788
造船	1	0.000292	0.000788
徐々に	1	0.000292	0.000788
満足	1	0.000292	0.000788
調達	1	0.000292	0.000788
一貫	1	0.000292	0.000788
務める	1	0.000292	0.000788
最前線	1	0.000292	0.000788
ぬ	1	0.000292	0.000788
趣旨	1	0.000292	0.000788
人事	1	0.000292	0.000788
復帰	1	0.000292	0.000788
善	1	0.000292	0.000788
吾	1	0.000292	0.000788
伊	1	0.000292	0.000788
孤立	1	0.000292	0.000788
調和	1	0.000292	0.000788
有利	1	0.000292	0.000788
告げ	1	0.000292	0.000788
座	1	0.000292	0.000788
想定	1	0.000292	0.000788
肖像	1	0.000292	0.000788
ナチス	1	0.000292	0.000788
列	1	0.000292	0.000788
公言	1	0.000292	0.000788
受け取り	1	0.000292	0.000788
くし	1	0.000292	0.000788
エピソード	1	0.000292	0.000788
嶋田	1	0.000292	0.000788
熟慮	1	0.000292	0.000788
決着	1	0.000292	0.000788
出世	1	0.000292	0.000788
頼	1	0.000292	0.000788
僅か	1	0.000292	0.000788
暴走	1	0.000292	0.000788
先輩	1	0.000292	0.000788
大使	1	0.000292	0.000788
うまく	1	0.000292	0.000788
関東軍	1	0.000292	0.000788
演習	1	0.000292	0.000788
特	1	0.000292	0.000788
演	1	0.000292	0.000788
関心	1	0.000292	0.000788
ようやく	1	0.000292	0.000788
立つ	1	0.000292	0.000788
製鉄	1	0.000292	0.000788
上半期	1	0.000292	0.000788
統制	1	0.000292	0.000788
朝鮮	1	0.000292	0.000788
充実	1	0.000292	0.000788
比率	1	0.000292	0.000788
尽くさ	1	0.000292	0.000788
起訴	1	0.000292	0.000788
腎臓	1	0.000292	0.000788
享年	1	0.000292	0.000788
東映	1	0.000292	0.000788
前田	1	0.000292	0.000788
三条	1	0.000292	0.000788
卿	1	0.000292	0.000788
岩倉	1	0.000292	0.000788
69	1	0.000292	0.000788
伊藤	1	0.000292	0.000788
官制	1	0.000292	0.000788
荒	1	0.000292	0.000788
後藤	1	0.000292	0.000788
衞	1	0.000292	0.000788
松井	1	0.000292	0.000788
養	1	0.000292	0.000788
齋藤	1	0.000292	0.000788
阿部	1	0.000292	0.000788
岸	1	0.000292	0.000788
椎名	1	0.000292	0.000788
鳩山	1	0.000292	0.000788
伊東	1	0.000292	0.000788
弘治	1	0.000292	0.000788
川口	1	0.000292	0.000788
表	2	0.000584	0.000787
編	2	0.000584	0.000775
除隊	1	0.000292	0.000737
旧制	1	0.000292	0.000737
同士	1	0.000292	0.000737
天才	1	0.000292	0.000737
航海	1	0.000292	0.000737
弥生	1	0.000292	0.000737
敷島	1	0.000292	0.000737
薩摩	1	0.000292	0.000737
乗組	1	0.000292	0.000737
1910	1	0.000292	0.000737
命じ	1	0.000292	0.000737
留学	1	0.000292	0.000737
半	1	0.000292	0.000737
宣言	1	0.000292	0.000737
在籍	1	0.000292	0.000737
直前	1	0.000292	0.000737
養成	1	0.000292	0.000737
しかも	1	0.000292	0.000737
連盟	1	0.000292	0.000737
山城	1	0.000292	0.000737
艦長	1	0.000292	0.000737
経緯	1	0.000292	0.000737
推測	1	0.000292	0.000737
誰	1	0.000292	0.000737
不満	1	0.000292	0.000737
高まり	1	0.000292	0.000737
工具	1	0.000292	0.000737
部品	1	0.000292	0.000737
厳しい	1	0.000292	0.000737
振興	1	0.000292	0.000737
総務	1	0.000292	0.000737
送り	1	0.000292	0.000737
回っ	1	0.000292	0.000737
独	1	0.000292	0.000737
帝国	1	0.000292	0.000737
議会	1	0.000292	0.000737
陸軍	1	0.000292	0.000737
警戒	1	0.000292	0.000737
執行	1	0.000292	0.000737
眼	1	0.000292	0.000737
皮肉っ	1	0.000292	0.000737
俺	1	0.000292	0.000737
代わら	1	0.000292	0.000737
報	1	0.000292	0.000737
表明	1	0.000292	0.000737
送っ	1	0.000292	0.000737
着手	1	0.000292	0.000737
決意	1	0.000292	0.000737
雄	1	0.000292	0.000737
発揮	1	0.000292	0.000737
リン	1	0.000292	0.000737
大統領	1	0.000292	0.000737
関	1	0.000292	0.000737
実情	1	0.000292	0.000737
回避	1	0.000292	0.000737
強化	1	0.000292	0.000737
やがて	1	0.000292	0.000737
原料	1	0.000292	0.000737
しばらく	1	0.000292	0.000737
配分	1	0.000292	0.000737
激しく	1	0.000292	0.000737
基盤	1	0.000292	0.000737
破壊	1	0.000292	0.000737
べく	1	0.000292	0.000737
級	1	0.000292	0.000737
実行	1	0.000292	0.000737
解除	1	0.000292	0.000737
成	1	0.000292	0.000737
あの	1	0.000292	0.000737
彰	1	0.000292	0.000737
通	1	0.000292	0.000737
二郎	1	0.000292	0.000737
令	1	0.000292	0.000737
桂	1	0.000292	0.000737
芳	1	0.000292	0.000737
三木	1	0.000292	0.000737
愛知	1	0.000292	0.000737
福田	1	0.000292	0.000737
俊夫	1	0.000292	0.000737
正義	1	0.000292	0.000737
渡辺	1	0.000292	0.000737
小泉	1	0.000292	0.000737
麻生	1	0.000292	0.000737
岡田	1	0.000292	0.000737
司令	1	0.000292	0.000700
順位	1	0.000292	0.000700
学び	1	0.000292	0.000700
1914	1	0.000292	0.000700
にわたって	1	0.000292	0.000700
中学	1	0.000292	0.000700
認める	1	0.000292	0.000700
幹部	1	0.000292	0.000700
向かっ	1	0.000292	0.000700
1931	1	0.000292	0.000700
王	1	0.000292	0.000700
学習	1	0.000292	0.000700
思っ	1	0.000292	0.000700
展望	1	0.000292	0.000700
業	1	0.000292	0.000700
勤務	1	0.000292	0.000700
病気	1	0.000292	0.000700
認識	1	0.000292	0.000700
直後	1	0.000292	0.000700
希望	1	0.000292	0.000700
条件	1	0.000292	0.000700
役	1	0.000292	0.000700
つい	1	0.000292	0.000700
のに	1	0.000292	0.000700
期待	1	0.000292	0.000700
放棄	1	0.000292	0.000700
外交	1	0.000292	0.000700
結成	1	0.000292	0.000700
卒業生	1	0.000292	0.000700
推進	1	0.000292	0.000700
離れ	1	0.000292	0.000700
兼	1	0.000292	0.000700
裁判	1	0.000292	0.000700
76	1	0.000292	0.000700
秋田	1	0.000292	0.000700
中島	1	0.000292	0.000700
総督	1	0.000292	0.000700
達	1	0.000292	0.000700
徳	1	0.000292	0.000700
助	1	0.000292	0.000700
石井	1	0.000292	0.000700
135	1	0.000292	0.000700
木村	1	0.000292	0.000700
制限	1	0.000292	0.000672
共	1	0.000292	0.000672
コース	1	0.000292	0.000672
乗っ	1	0.000292	0.000672
非常	1	0.000292	0.000672
長い	1	0.000292	0.000672
主張	1	0.000292	0.000672
異なり	1	0.000292	0.000672
除く	1	0.000292	0.000672
あたる	1	0.000292	0.000672
1940	1	0.000292	0.000672
自分	1	0.000292	0.000672
自己	1	0.000292	0.000672
工作	1	0.000292	0.000672
図る	1	0.000292	0.000672
提出	1	0.000292	0.000672
周囲	1	0.000292	0.000672
フランク	1	0.000292	0.000672
ソ連	1	0.000292	0.000672
防止	1	0.000292	0.000672
1943	1	0.000292	0.000672
容疑	1	0.000292	0.000672
TBS	1	0.000292	0.000672
64	1	0.000292	0.000672
犬	1	0.000292	0.000672
池田	1	0.000292	0.000672
表示	2	0.000584	0.000667
項目	2	0.000584	0.000667
関連	2	0.000584	0.000654
生誕	1	0.000292	0.000649
大分	1	0.000292	0.000649
同時に	1	0.000292	0.000649
出る	1	0.000292	0.000649
安全	1	0.000292	0.000649
定期	1	0.000292	0.000649
新た	1	0.000292	0.000649
工業	1	0.000292	0.000649
1939	1	0.000292	0.000649
候補	1	0.000292	0.000649
私	1	0.000292	0.000649
状況	1	0.000292	0.000649
どう	1	0.000292	0.000649
連合	1	0.000292	0.000649
それぞれ	1	0.000292	0.000649
編入	1	0.000292	0.000649
いく	1	0.000292	0.000649
進め	1	0.000292	0.000649
清	1	0.000292	0.000649
官	1	0.000292	0.000649
宗	1	0.000292	0.000649
佐藤	1	0.000292	0.000649
中山	1	0.000292	0.000649
戦闘	1	0.000292	0.000629
タイプ	1	0.000292	0.000629
43	1	0.000292	0.000629
攻撃	1	0.000292	0.000629
取っ	1	0.000292	0.000629
1920	1	0.000292	0.000629
1927	1	0.000292	0.000629
末	1	0.000292	0.000629
資料	1	0.000292	0.000629
1932	1	0.000292	0.000629
機会	1	0.000292	0.000629
理解	1	0.000292	0.000629
向上	1	0.000292	0.000629
1938	1	0.000292	0.000629
続い	1	0.000292	0.000629
最も	1	0.000292	0.000629
反対	1	0.000292	0.000629
室	1	0.000292	0.000629
職	1	0.000292	0.000629
組み合わせ	1	0.000292	0.000629
しまう	1	0.000292	0.000629
1942	1	0.000292	0.000629
逮捕	1	0.000292	0.000629
企業	1	0.000292	0.000629
死去	1	0.000292	0.000629
-------------------------	1	0.000292	0.000629
谷	1	0.000292	0.000629
よ	1	0.000292	0.000612
38	1	0.000292	0.000612
普通	1	0.000292	0.000612
翌年	1	0.000292	0.000612
ドイツ	1	0.000292	0.000612
獲得	1	0.000292	0.000612
持っ	1	0.000292	0.000612
認め	1	0.000292	0.000612
経営	1	0.000292	0.000612
1934	1	0.000292	0.000612
挙げ	1	0.000292	0.000612
近い	1	0.000292	0.000612
最大	1	0.000292	0.000612
事項	1	0.000292	0.000612
全体	1	0.000292	0.000612
さん	1	0.000292	0.000612
直接	1	0.000292	0.000612
困難	1	0.000292	0.000612
対立	1	0.000292	0.000612
1958	1	0.000292	0.000612
1982	1	0.000292	0.000612
小林	1	0.000292	0.000612
正	1	0.000292	0.000612
組織	1	0.000292	0.000597
中学校	1	0.000292	0.000597
隊	1	0.000292	0.000597
完全	1	0.000292	0.000597
開催	1	0.000292	0.000597
多かっ	1	0.000292	0.000597
主義	1	0.000292	0.000597
環境	1	0.000292	0.000597
のち	1	0.000292	0.000597
始め	1	0.000292	0.000597
にかけて	1	0.000292	0.000597
通り	1	0.000292	0.000597
不	1	0.000292	0.000597
最後	1	0.000292	0.000597
小	1	0.000292	0.000597
/	2	0.000584	0.000587
両	1	0.000292	0.000584
示す	1	0.000292	0.000584
いっ	1	0.000292	0.000584
開発	1	0.000292	0.000584
何	1	0.000292	0.000584
依頼	1	0.000292	0.000572
初めて	1	0.000292	0.000572
つつ	1	0.000292	0.000572
1936	1	0.000292	0.000572
政府	1	0.000292	0.000572
小学校	1	0.000292	0.000572
東	1	0.000292	0.000572
没	1	0.000292	0.000572
方面	1	0.000292	0.000561
再	1	0.000292	0.000561
金	1	0.000292	0.000561
目	1	0.000292	0.000561
たい	1	0.000292	0.000561
専門	1	0.000292	0.000561
とともに	1	0.000292	0.000561
技術	1	0.000292	0.000561
ん	1	0.000292	0.000561
用	1	0.000292	0.000561
十	1	0.000292	0.000561
24	1	0.000292	0.000561
高等	1	0.000292	0.000551
国際	1	0.000292	0.000551
権	1	0.000292	0.000551
持つ	1	0.000292	0.000551
夏	1	0.000292	0.000551
五	1	0.000292	0.000551
目的	1	0.000292	0.000551
一方	1	0.000292	0.000551
西	1	0.000292	0.000551
英語	1	0.000292	0.000541
たち	1	0.000292	0.000541
向け	1	0.000292	0.000541
そして	1	0.000292	0.000541
平成	1	0.000292	0.000541
頃	1	0.000292	0.000533
年度	1	0.000292	0.000533
問題	1	0.000292	0.000533
とき	1	0.000292	0.000533
31	1	0.000292	0.000524
下	1	0.000292	0.000517
別	1	0.000292	0.000517
または	1	0.000292	0.000517
及び	1	0.000292	0.000509
行っ	1	0.000292	0.000509
活動	1	0.000292	0.000503
局	1	0.000292	0.000503
17	1	0.000292	0.000496
22	1	0.000292	0.000496
AC	1	0.000292	0.000496
年生	1	0.000292	0.000496
う	1	0.000292	0.000490
際	1	0.000292	0.000490
だけ	1	0.000292	0.000490
当時	1	0.000292	0.000484
2008	1	0.000292	0.000478
多く	1	0.000292	0.000473
会	1	0.000292	0.000473
のみ	1	0.000292	0.000473
呼ば	1	0.000292	0.000468
関係	1	0.000292	0.000463
時間	1	0.000292	0.000463
13	1	0.000292	0.000458
14	1	0.000292	0.000458
地	1	0.000292	0.000449
できる	1	0.000292	0.000449
化	1	0.000292	0.000449
なく	1	0.000292	0.000445
上	1	0.000292	0.000445
15	1	0.000292	0.000436
名	1	0.000292	0.000436
によって	1	0.000292	0.000429
二	1	0.000292	0.000425
られる	1	0.000292	0.000425
20	1	0.000292	0.000425
求め	1	0.000292	0.000418
これ	1	0.000292	0.000411
0	1	0.000292	0.000402
もの	1	0.000292	0.000388
により	1	0.000292	0.000382
的	1	0.000292	0.000377
人	1	0.000292	0.000368
83	1	0.000292	0.000368
目次	1	0.000292	0.000334
など	1	0.000292	0.000332
非	1	0.000292	0.000328
5	1	0.000292	0.000303
/%	1	0.000292	0.000301
http	1	0.000292	0.000293
://	1	0.000292	0.000293
ja	1	0.000292	0.000293
wikipedia	1	0.000292	0.000293
org	1	0.000292	0.000293
wiki	1	0.000292	0.000293
作成	1	0.000292	0.000293
カテゴリ	1	0.000292	0.000293
出典	1	0.000292	0.000292
フリー	1	0.000292	0.000292
百科	1	0.000292	0.000292
事典	1	0.000292	0.000292
ウィキペディア	1	0.000292	0.000292
Wikipedia	1	0.000292	0.000292
移動	1	0.000292	0.000292
ナビゲーション	1	0.000292	0.000292
,	1	0.000292	0.000292
検索	1	0.000292	0.000292
