MBA	23	0.018459	0.055377
の	60	0.048154	0.048154
、	51	0.040931	0.040931
を	36	0.028892	0.028892
学位	11	0.008828	0.026484
大学院	12	0.009631	0.025994
経営	15	0.012039	0.025245
に	30	0.024077	0.024077
は	27	0.021669	0.021669
が	24	0.019262	0.019431
。	23	0.018459	0.018459
スクール	8	0.006421	0.017330
認証	7	0.005618	0.016854
職	9	0.007223	0.015565
専門	10	0.008026	0.015416
ビジネス	8	0.006421	0.015397
た	19	0.015249	0.015316
（	18	0.014446	0.014446
）	18	0.014446	0.014446
企業	8	0.006421	0.013837
で	17	0.013644	0.013704
修士	6	0.004815	0.012996
コース	7	0.005618	0.012927
と	15	0.012039	0.012092
し	15	0.012039	0.012039
[	14	0.011236	0.011385
て	14	0.011236	0.011385
%	14	0.011236	0.011385
実務	5	0.004013	0.010831
]	13	0.010433	0.010571
課程	5	0.004013	0.009623
する	11	0.008828	0.009451
ある	11	0.008828	0.009318
プログラム	4	0.003210	0.008664
さ	9	0.007223	0.007696
教育	5	0.004013	0.007569
家	6	0.004815	0.007264
学修	3	0.002408	0.007224
AMBA	3	0.002408	0.007224
米国	3	0.002408	0.007224
論文	3	0.002408	0.007224
AACSB	3	0.002408	0.007224
「	9	0.007223	0.007223
」	9	0.007223	0.007223
いる	8	0.006421	0.007009
取得	4	0.003210	0.006917
れる	7	0.005618	0.006745
年	8	0.006421	0.006684
日本	7	0.005618	0.006669
よう	6	0.004815	0.006629
起業	3	0.002408	0.006499
養成	3	0.002408	0.006075
置く	3	0.002408	0.006075
研究	4	0.003210	0.006054
れ	7	0.005618	0.005958
大学	4	0.003210	0.005951
2	7	0.005618	0.005875
士	3	0.002408	0.005774
幹部	3	0.002408	0.005774
・	7	0.005618	0.005769
機関	4	0.003210	0.005765
編集	7	0.005618	0.005718
こと	6	0.004815	0.005531
による	5	0.004013	0.005484
従来	3	0.002408	0.005350
も	6	0.004815	0.005256
末	3	0.002408	0.005189
発行	3	0.002408	0.005189
校	3	0.002408	0.005189
において	4	0.003210	0.005035
5	6	0.004815	0.004989
1	6	0.004815	0.004967
Business	2	0.001605	0.004815
アプローチ	2	0.001605	0.004815
EMBA	2	0.001605	0.004815
成果	2	0.001605	0.004815
本拠	2	0.001605	0.004815
Association	2	0.001605	0.004815
European	2	0.001605	0.004815
名古屋商科大学	2	0.001605	0.004815
tips	2	0.001605	0.004815
Universum	2	0.001605	0.004815
of	3	0.002408	0.004716
科学	3	0.002408	0.004716
として	5	0.004013	0.004380
授与	2	0.001605	0.004332
文部	2	0.001605	0.004332
考え方	2	0.001605	0.004332
エリート	2	0.001605	0.004332
価値	2	0.001605	0.004332
現在	4	0.003210	0.004323
もの	4	0.003210	0.004263
3	5	0.004013	0.004158
E	5	0.004013	0.004066
概説	2	0.001605	0.004049
一定	2	0.001605	0.004049
年代	3	0.002408	0.003991
多く	3	0.002408	0.003900
なっ	4	0.003210	0.003854
質	2	0.001605	0.003849
for	2	0.001605	0.003849
能力	2	0.001605	0.003693
なく	3	0.002408	0.003667
など	4	0.003210	0.003649
さまざま	2	0.001605	0.003566
圏	2	0.001605	0.003566
省	2	0.001605	0.003459
外国	2	0.001605	0.003459
これ	3	0.002408	0.003393
|	4	0.003210	0.003388
制度	2	0.001605	0.003366
採用	2	0.001605	0.003366
米	2	0.001605	0.003283
.	4	0.003210	0.003210
英	2	0.001605	0.003210
開発	2	0.001605	0.003210
という	3	0.002408	0.003176
により	3	0.002408	0.003154
考え	2	0.001605	0.003144
的	3	0.002408	0.003112
人	3	0.002408	0.003033
とも	2	0.001605	0.003027
高等	2	0.001605	0.003027
学	2	0.001605	0.002882
登場	2	0.001605	0.002882
設置	2	0.001605	0.002882
や	3	0.002408	0.002843
アメリカ	2	0.001605	0.002763
から	3	0.002408	0.002616
多い	2	0.001605	0.002600
4	3	0.002408	0.002578
行わ	2	0.001605	0.002571
き	2	0.001605	0.002544
世界	2	0.001605	0.002518
化	2	0.001605	0.002468
/	3	0.002408	0.002419
しゅうし	1	0.000803	0.002409
修め	1	0.000803	0.002409
Master	1	0.000803	0.002409
Administration	1	0.000803	0.002409
両者	1	0.000803	0.002409
マネジメント	1	0.000803	0.002409
捉え	1	0.000803	0.002409
進める	1	0.000803	0.002409
ウォートン・スクール	1	0.000803	0.002409
ハー	1	0.000803	0.002409
メソッド	1	0.000803	0.002409
パスポート	1	0.000803	0.002409
同窓	1	0.000803	0.002409
人脈	1	0.000803	0.002409
高額	1	0.000803	0.002409
給与	1	0.000803	0.002409
早くから	1	0.000803	0.002409
エグゼクティブ	1	0.000803	0.002409
皮切り	1	0.000803	0.002409
修了	1	0.000803	0.002409
パートタイム	1	0.000803	0.002409
職務	1	0.000803	0.002409
中断	1	0.000803	0.002409
見出す	1	0.000803	0.002409
昇給	1	0.000803	0.002409
金融	1	0.000803	0.002409
引き起こし	1	0.000803	0.002409
会計	1	0.000803	0.002409
法務	1	0.000803	0.002409
不要	1	0.000803	0.002409
履修	1	0.000803	0.002409
習得	1	0.000803	0.002409
うたわ	1	0.000803	0.002409
営利	1	0.000803	0.002409
Accreditation	1	0.000803	0.002409
保証	1	0.000803	0.002409
MBAs	1	0.000803	0.002409
ベルギー	1	0.000803	0.002409
EFMD	1	0.000803	0.002409
Foundation	1	0.000803	0.002409
Management	1	0.000803	0.002409
Development	1	0.000803	0.002409
EQUIS	1	0.000803	0.002409
Improvement	1	0.000803	0.002409
System	1	0.000803	0.002409
慶應義塾	1	0.000803	0.002409
Exduco	1	0.000803	0.002409
Graduate	1	0.000803	0.002409
School	1	0.000803	0.002409
Guide	1	0.000803	0.002409
Advance	1	0.000803	0.002409
Collegiate	1	0.000803	0.002409
Schools	1	0.000803	0.002409
Sciences	1	0.000803	0.002409
Po	1	0.000803	0.002409
skoolix	1	0.000803	0.002409
admission	1	0.000803	0.002409
search	1	0.000803	0.002409
tool	1	0.000803	0.002409
programs	1	0.000803	0.002409
Fortune	1	0.000803	0.002409
Top	1	0.000803	0.002409
Employers	1	0.000803	0.002409
ディプロマ	1	0.000803	0.002409
ディグリー	1	0.000803	0.002409
リクルート	1	0.000803	0.002409
net	1	0.000803	0.002409
スキル	1	0.000803	0.002409
出典	3	0.002408	0.002408
:	3	0.002408	0.002408
大	2	0.001605	0.002357
られる	2	0.001605	0.002337
ず	2	0.001605	0.002298
られ	2	0.001605	0.002210
えい	1	0.000803	0.002167
がく	1	0.000803	0.002167
経験	1	0.000803	0.002167
規定	1	0.000803	0.002167
バード	1	0.000803	0.002167
狙い	1	0.000803	0.002167
併設	1	0.000803	0.002167
短期	1	0.000803	0.002167
週末	1	0.000803	0.002167
学べる	1	0.000803	0.002167
転機	1	0.000803	0.002167
志向	1	0.000803	0.002167
強まっ	1	0.000803	0.002167
意味合い	1	0.000803	0.002167
強め	1	0.000803	0.002167
特	1	0.000803	0.002167
有利	1	0.000803	0.002167
危機	1	0.000803	0.002167
ますます	1	0.000803	0.002167
別に	1	0.000803	0.002167
知識	1	0.000803	0.002167
重き	1	0.000803	0.002167
欧米	1	0.000803	0.002167
第三者	1	0.000803	0.002167
義務づけ	1	0.000803	0.002167
意図	1	0.000803	0.002167
カ国	1	0.000803	0.002167
Quality	1	0.000803	0.002167
Best	1	0.000803	0.002167
US	1	0.000803	0.002167
ミル	1	0.000803	0.002167
高度	1	0.000803	0.002167
外部	2	0.001605	0.002102
リンク	2	0.001605	0.002061
1881	1	0.000803	0.002026
分析	1	0.000803	0.002026
訓練	1	0.000803	0.002026
ケース	1	0.000803	0.002026
シカゴ	1	0.000803	0.002026
現役	1	0.000803	0.002026
夜間	1	0.000803	0.002026
配慮	1	0.000803	0.002026
作り	1	0.000803	0.002026
私立	1	0.000803	0.002026
レベル	1	0.000803	0.002026
達する	1	0.000803	0.002026
公認	1	0.000803	0.002026
ランキング	1	0.000803	0.002026
職業	1	0.000803	0.002026
その	2	0.001605	0.001985
ため	2	0.001605	0.001973
基づく	1	0.000803	0.001926
界	1	0.000803	0.001926
定着	1	0.000803	0.001926
トップ	1	0.000803	0.001926
利便	1	0.000803	0.001926
標準	1	0.000803	0.001926
通信	1	0.000803	0.001926
観	1	0.000803	0.001926
昇進	1	0.000803	0.001926
要求	1	0.000803	0.001926
認める	1	0.000803	0.001926
重視	1	0.000803	0.001926
民間	1	0.000803	0.001926
認定	1	0.000803	0.001926
自	1	0.000803	0.001926
to	1	0.000803	0.001926
者	2	0.001605	0.001905
な	2	0.001605	0.001854
けい	1	0.000803	0.001848
相当	1	0.000803	0.001848
新設	1	0.000803	0.001848
広	1	0.000803	0.001848
1940	1	0.000803	0.001848
独立	1	0.000803	0.001848
育成	1	0.000803	0.001848
教え	1	0.000803	0.001848
思想	1	0.000803	0.001848
意見	1	0.000803	0.001848
あるいは	1	0.000803	0.001848
提出	1	0.000803	0.001848
授業	1	0.000803	0.001848
基準	1	0.000803	0.001848
執筆	1	0.000803	0.001848
加盟	1	0.000803	0.001848
項目	2	0.001605	0.001834
非	2	0.001605	0.001806
関連	2	0.001605	0.001796
略称	1	0.000803	0.001784
状況	1	0.000803	0.001784
判断	1	0.000803	0.001784
候補	1	0.000803	0.001784
それら	1	0.000803	0.001784
終わり	1	0.000803	0.001784
定期	1	0.000803	0.001784
評価	1	0.000803	0.001784
6	2	0.001605	0.001778
A	2	0.001605	0.001735
有する	1	0.000803	0.001730
1920	1	0.000803	0.001730
後半	1	0.000803	0.001730
言わ	1	0.000803	0.001730
合わせ	1	0.000803	0.001730
かつ	1	0.000803	0.001730
システム	1	0.000803	0.001730
B	2	0.001605	0.001710
提供	1	0.000803	0.001684
例	1	0.000803	0.001684
学生	1	0.000803	0.001684
少ない	1	0.000803	0.001684
近い	1	0.000803	0.001684
国立	1	0.000803	0.001684
認め	1	0.000803	0.001684
受ける	1	0.000803	0.001684
and	1	0.000803	0.001684
96	1	0.000803	0.001684
名称	1	0.000803	0.001643
通り	1	0.000803	0.001643
近代	1	0.000803	0.001643
もと	1	0.000803	0.001643
形態	1	0.000803	0.001643
団体	1	0.000803	0.001643
イギリス	1	0.000803	0.001643
AE	1	0.000803	0.001643
アメリカ合衆国	1	0.000803	0.001643
作成	2	0.001605	0.001612
世紀	1	0.000803	0.001606
設立	1	0.000803	0.001606
伴い	1	0.000803	0.001606
少なく	1	0.000803	0.001606
一つ	1	0.000803	0.001606
対象	1	0.000803	0.001573
管理	1	0.000803	0.001573
政府	1	0.000803	0.001573
500	1	0.000803	0.001573
BF	1	0.000803	0.001573
最初	1	0.000803	0.001542
に対して	1	0.000803	0.001515
1970	1	0.000803	0.001515
なら	1	0.000803	0.001515
各	1	0.000803	0.001515
向け	1	0.000803	0.001489
平成	1	0.000803	0.001489
特に	1	0.000803	0.001465
面	1	0.000803	0.001465
年度	1	0.000803	0.001465
100	1	0.000803	0.001465
問題	1	0.000803	0.001465
18	1	0.000803	0.001442
社会	1	0.000803	0.001421
または	1	0.000803	0.001421
初	1	0.000803	0.001421
中心	1	0.000803	0.001421
約	1	0.000803	0.001421
型	1	0.000803	0.001401
及び	1	0.000803	0.001401
版	1	0.000803	0.001382
知ら	1	0.000803	0.001382
1980	1	0.000803	0.001382
29	1	0.000803	0.001382
ほか	1	0.000803	0.001382
19	1	0.000803	0.001364
でも	1	0.000803	0.001364
AB	1	0.000803	0.001364
2003	1	0.000803	0.001347
だっ	1	0.000803	0.001347
AD	1	0.000803	0.001347
一覧	1	0.000803	0.001331
2008	1	0.000803	0.001316
]。	1	0.000803	0.001316
のみ	1	0.000803	0.001301
呼ば	1	0.000803	0.001286
本	1	0.000803	0.001286
数	1	0.000803	0.001273
見	1	0.000803	0.001273
なかっ	1	0.000803	0.001273
30	1	0.000803	0.001273
および	1	0.000803	0.001273
存在	1	0.000803	0.001260
2007	1	0.000803	0.001260
について	1	0.000803	0.001260
受け	1	0.000803	0.001247
主	1	0.000803	0.001235
性	1	0.000803	0.001223
号	1	0.000803	0.001223
せ	1	0.000803	0.001200
.^	1	0.000803	0.001190
C	1	0.000803	0.001190
によって	1	0.000803	0.001179
二	1	0.000803	0.001169
おり	1	0.000803	0.001169
なり	1	0.000803	0.001140
中	1	0.000803	0.001097
なる	1	0.000803	0.001066
)	1	0.000803	0.001011
へ	1	0.000803	0.000999
(	1	0.000803	0.000987
また	1	0.000803	0.000964
日	1	0.000803	0.000937
目次	1	0.000803	0.000918
表示	1	0.000803	0.000918
月	1	0.000803	0.000908
この	1	0.000803	0.000894
い	1	0.000803	0.000876
7	1	0.000803	0.000876
-	1	0.000803	0.000872
8	1	0.000803	0.000840
/%	1	0.000803	0.000828
http	1	0.000803	0.000807
://	1	0.000803	0.000807
ja	1	0.000803	0.000807
wikipedia	1	0.000803	0.000807
org	1	0.000803	0.000807
wiki	1	0.000803	0.000807
より	1	0.000803	0.000807
カテゴリ	1	0.000803	0.000807
フリー	1	0.000803	0.000803
百科	1	0.000803	0.000803
事典	1	0.000803	0.000803
『	1	0.000803	0.000803
ウィキペディア	1	0.000803	0.000803
Wikipedia	1	0.000803	0.000803
』	1	0.000803	0.000803
移動	1	0.000803	0.000803
ナビゲーション	1	0.000803	0.000803
,	1	0.000803	0.000803
検索	1	0.000803	0.000803
