駅	32	0.042105	0.073462
-	47	0.061842	0.067172
松川	11	0.014474	0.043422
の	23	0.030263	0.030263
信濃松川	7	0.009211	0.027633
安曇	7	0.009211	0.027633
。	19	0.025000	0.025000
鉄道	9	0.011842	0.023684
大糸線	5	0.006579	0.019737
%	14	0.018421	0.018665
（	14	0.018421	0.018421
）	14	0.018421	0.018421
東日本旅客鉄道	5	0.006579	0.017757
松本	5	0.006579	0.015138
年	11	0.014474	0.015067
[	11	0.014474	0.014665
]	11	0.014474	0.014665
村	5	0.006579	0.013796
日	8	0.010526	0.012289
・	9	0.011842	0.012160
編集	9	0.011842	0.012052
しな	3	0.003947	0.011841
沓掛	3	0.003947	0.011841
南小谷	3	0.003947	0.011841
1	8	0.010526	0.010858
駅舎	3	0.003947	0.009958
野	3	0.003947	0.009958
バス	4	0.005263	0.009757
2	7	0.009211	0.009632
:	7	0.009211	0.009211
は	7	0.009211	0.009211
東日本	3	0.003947	0.009082
業務	3	0.003947	0.009082
池田	3	0.003947	0.009082
信濃	3	0.003947	0.009082
6	6	0.007895	0.008747
■	3	0.003947	0.008505
ホーム	3	0.003947	0.008505
長野	3	0.003947	0.008075
まつ	2	0.002632	0.007896
北細野	2	0.002632	0.007896
北安曇	2	0.002632	0.007896
赤芝	2	0.002632	0.007896
612	2	0.002632	0.007896
穂高	2	0.002632	0.007896
豊科	2	0.002632	0.007896
信濃大町	2	0.002632	0.007896
セピア	2	0.002632	0.007896
有明	2	0.002632	0.007896
細野	2	0.002632	0.007896
.	6	0.007895	0.007895
を	6	0.007895	0.007895
、	6	0.007895	0.007895
構造	3	0.003947	0.007894
JR	3	0.003947	0.007581
路線	3	0.003947	0.007581
北	3	0.003947	0.007444
月	5	0.006579	0.007439
km	3	0.003947	0.007199
面	3	0.003947	0.007199
委託	2	0.002632	0.007104
取扱	2	0.002632	0.007104
|	5	0.006579	0.006944
線	3	0.003947	0.006706
E	5	0.006579	0.006666
白馬	2	0.002632	0.006640
昭和	3	0.003947	0.006622
と	5	0.006579	0.006608
2008	3	0.003947	0.006466
地上	2	0.002632	0.006311
人員	2	0.002632	0.006311
みどり	2	0.002632	0.006311
窓口	2	0.002632	0.006311
貨物	2	0.002632	0.006311
*	2	0.002632	0.006056
隣	2	0.002632	0.006056
国有	2	0.002632	0.006056
わ	2	0.002632	0.005848
乗車	2	0.002632	0.005848
1937	2	0.002632	0.005848
状況	2	0.002632	0.005848
同時に	2	0.002632	0.005848
国鉄	2	0.002632	0.005848
7	4	0.005263	0.005745
9	4	0.005263	0.005745
島	2	0.002632	0.005672
県	3	0.003947	0.005651
4	4	0.005263	0.005634
ある	4	0.005263	0.005555
改称	2	0.002632	0.005519
10	3	0.003947	0.005394
郡	2	0.002632	0.005384
が	4	0.005263	0.005309
なる	3	0.003947	0.005241
周辺	2	0.002632	0.005155
※	2	0.002632	0.005155
BF	2	0.002632	0.005155
方面	2	0.002632	0.005056
所属	2	0.002632	0.004801
年度	2	0.002632	0.004801
?	2	0.002632	0.004727
日本	3	0.003947	0.004685
表示	3	0.003947	0.004510
17	2	0.002632	0.004472
〜	2	0.002632	0.004363
利用	2	0.002632	0.004217
時間	2	0.002632	0.004172
歴史	2	0.002632	0.004129
D	2	0.002632	0.004129
化	2	0.002632	0.004047
て	3	0.003947	0.003999
で	3	0.003947	0.003964
より	3	0.003947	0.003964
Shinano	1	0.001316	0.003948
Matsukawa	1	0.001316	0.003948
7025	1	0.001316	0.003948
マツ	1	0.001316	0.003948
613	1	0.001316	0.003948
無人	1	0.001316	0.003948
券売	1	0.001316	0.003948
踏切	1	0.001316	0.003948
タクシー	1	0.001316	0.003948
待ち合い	1	0.001316	0.003948
村立	1	0.001316	0.003948
147	1	0.001316	0.003948
ちひろ	1	0.001316	0.003948
保育園	1	0.001316	0.003948
北方	1	0.001316	0.003948
島内	1	0.001316	0.003948
高松	1	0.001316	0.003948
梓橋	1	0.001316	0.003948
萱	1	0.001316	0.003948
南豊科	1	0.001316	0.003948
柏矢町	1	0.001316	0.003948
安曇追分	1	0.001316	0.003948
信濃常盤	1	0.001316	0.003948
南大町	1	0.001316	0.003948
北大町	1	0.001316	0.003948
信濃木崎	1	0.001316	0.003948
稲尾	1	0.001316	0.003948
海ノ口	1	0.001316	0.003948
簗場	1	0.001316	0.003948
臨	1	0.001316	0.003948
ヤナバスキー	1	0.001316	0.003948
南神城	1	0.001316	0.003948
神城	1	0.001316	0.003948
飯森	1	0.001316	0.003948
信濃森上	1	0.001316	0.003948
白馬大池	1	0.001316	0.003948
に	3	0.003947	0.003947
か	2	0.002632	0.003934
前	2	0.002632	0.003865
標高	1	0.001316	0.003552
エンタープライズ	1	0.001316	0.003552
構内	1	0.001316	0.003552
待合室	1	0.001316	0.003552
高瀬川	1	0.001316	0.003552
美術館	1	0.001316	0.003552
町営	1	0.001316	0.003552
表	2	0.002632	0.003545
外部	2	0.002632	0.003447
により	2	0.002632	0.003447
リンク	2	0.002632	0.003379
電報	1	0.001316	0.003320
略号	1	0.001316	0.003320
仕方	1	0.001316	0.003320
Template	1	0.001316	0.003320
夜間	1	0.001316	0.003320
休止	1	0.001316	0.003320
平均	1	0.001316	0.003320
役場	1	0.001316	0.003320
郵便	1	0.001316	0.003320
乗り入れ	1	0.001316	0.003320
1915	1	0.001316	0.003320
人	2	0.002632	0.003315
)(	1	0.001316	0.003156
程	1	0.001316	0.003156
起点	1	0.001316	0.003156
降車	1	0.001316	0.003156
備考	1	0.001316	0.003156
ごらん	1	0.001316	0.003156
自動	1	0.001316	0.003156
出入口	1	0.001316	0.003156
開通	1	0.001316	0.003156
旅客	1	0.001316	0.003156
分割	1	0.001316	0.003156
民営	1	0.001316	0.003156
あり	2	0.002632	0.003073
有	1	0.001316	0.003028
連絡	1	0.001316	0.003028
のり	1	0.001316	0.003028
入口	1	0.001316	0.003028
福祉	1	0.001316	0.003028
57	1	0.001316	0.003028
市場	1	0.001316	0.003028
項目	2	0.002632	0.003008
関連	2	0.002632	0.002946
この	2	0.002632	0.002931
キロ	1	0.001316	0.002924
統計	1	0.001316	0.002924
途中	1	0.001316	0.002924
帯	1	0.001316	0.002924
案内	1	0.001316	0.002924
総合	1	0.001316	0.002924
丁目	1	0.001316	0.002924
62	1	0.001316	0.002924
千	1	0.001316	0.002924
A	2	0.002632	0.002845
客	1	0.001316	0.002836
え	1	0.001316	0.002836
科	1	0.001316	0.002836
当	1	0.001316	0.002836
1987	1	0.001316	0.002836
観光	1	0.001316	0.002760
国道	1	0.001316	0.002760
正	1	0.001316	0.002760
1982	1	0.001316	0.002760
8	2	0.002632	0.002752
5	2	0.002632	0.002727
テンプレート	1	0.001316	0.002692
機	1	0.001316	0.002692
病院	1	0.001316	0.002692
開業	1	0.001316	0.002692
/	2	0.002632	0.002643
し	2	0.002632	0.002632
「	2	0.002632	0.002632
」	2	0.002632	0.002632
小学校	1	0.001316	0.002578
含ま	1	0.001316	0.002528
営業	1	0.001316	0.002528
南	1	0.001316	0.002528
大正	1	0.001316	0.002528
事業	1	0.001316	0.002482
ください	1	0.001316	0.002482
持つ	1	0.001316	0.002482
五	1	0.001316	0.002482
廃止	1	0.001316	0.002482
BE	1	0.001316	0.002482
m	1	0.001316	0.002440
用い	1	0.001316	0.002440
設置	1	0.001316	0.002363
31	1	0.001316	0.002363
その他	1	0.001316	0.002329
26	1	0.001316	0.002296
85	1	0.001316	0.002296
局	1	0.001316	0.002265
29	1	0.001316	0.002265
開始	1	0.001316	0.002265
所	1	0.001316	0.002236
式	1	0.001316	0.002208
場	1	0.001316	0.002208
行う	1	0.001316	0.002181
一覧	1	0.001316	0.002181
隠す	1	0.001316	0.002181
情報	1	0.001316	0.002156
き	1	0.001316	0.002086
について	1	0.001316	0.002064
間	1	0.001316	0.002064
国	1	0.001316	0.002044
ば	1	0.001316	0.002023
号	1	0.001316	0.002004
：	1	0.001316	0.001916
20	1	0.001316	0.001916
ず	1	0.001316	0.001884
0	1	0.001316	0.001812
一	1	0.001316	0.001798
中	1	0.001316	0.001798
12	1	0.001316	0.001724
ます	1	0.001316	0.001712
)	1	0.001316	0.001658
83	1	0.001316	0.001658
(	1	0.001316	0.001618
ない	1	0.001316	0.001571
者	1	0.001316	0.001562
目次	1	0.001316	0.001504
非	1	0.001316	0.001480
い	1	0.001316	0.001436
いる	1	0.001316	0.001436
として	1	0.001316	0.001436
から	1	0.001316	0.001429
B	1	0.001316	0.001402
3	1	0.001316	0.001364
/%	1	0.001316	0.001357
http	1	0.001316	0.001322
://	1	0.001316	0.001322
ja	1	0.001316	0.001322
wikipedia	1	0.001316	0.001322
org	1	0.001316	0.001322
wiki	1	0.001316	0.001322
作成	1	0.001316	0.001322
カテゴリ	1	0.001316	0.001322
出典	1	0.001316	0.001316
フリー	1	0.001316	0.001316
百科	1	0.001316	0.001316
事典	1	0.001316	0.001316
『	1	0.001316	0.001316
ウィキペディア	1	0.001316	0.001316
Wikipedia	1	0.001316	0.001316
』	1	0.001316	0.001316
移動	1	0.001316	0.001316
ナビゲーション	1	0.001316	0.001316
,	1	0.001316	0.001316
検索	1	0.001316	0.001316
