）	27	0.047957	0.047957
CIRCUS	8	0.014210	0.042630
、	24	0.042629	0.042629
%	20	0.035524	0.035994
の	19	0.033748	0.033748
（	19	0.033748	0.033748
日	14	0.024867	0.029032
月	14	0.024867	0.028119
年	15	0.026643	0.027734
きち	5	0.008881	0.026643
たつ	5	0.008881	0.023970
禁	4	0.007105	0.021315
?	6	0.010657	0.019139
18	6	0.010657	0.019139
名義	4	0.007105	0.017925
?（	4	0.007105	0.017925
。	10	0.017762	0.017762
81	6	0.010657	0.017665
3	9	0.015986	0.016565
コスモス	3	0.005329	0.015987
SUIKA	3	0.005329	0.015987
ゅ	3	0.005329	0.015987
2002	5	0.008881	0.015286
原画	3	0.005329	0.014383
げっ	3	0.005329	0.014383
ん	4	0.007105	0.013647
夏	4	0.007105	0.013400
水	4	0.007105	0.012959
ち	3	0.005329	0.012779
E	7	0.012433	0.012597
7	6	0.010657	0.011632
なか	3	0.005329	0.011483
で	6	0.010657	0.010704
入社	2	0.003552	0.010656
Aries	2	0.003552	0.010656
コム	2	0.003552	0.010656
ねる	2	0.003552	0.010656
Princess	2	0.003552	0.010656
Soft	2	0.003552	0.010656
PULLTOP	2	0.003552	0.010656
たか	2	0.003552	0.009587
イラストレーター	2	0.003552	0.009587
望む	2	0.003552	0.009587
age	2	0.003552	0.009587
25	3	0.005329	0.009298
8	5	0.008881	0.009287
29	3	0.005329	0.009173
千葉	2	0.003552	0.008961
2003	3	0.005329	0.008941
た	5	0.008881	0.008920
永遠	2	0.003552	0.008517
F	3	0.005329	0.008359
君	2	0.003552	0.008173
非	4	0.007105	0.007993
いく	2	0.003552	0.007892
ちゃん	2	0.003552	0.007892
デザイン	2	0.003552	0.007448
キャラクター	2	0.003552	0.007267
に	4	0.007105	0.007105
チーム	2	0.003552	0.007104
参加	2	0.003552	0.006585
旧	2	0.003552	0.006479
お	2	0.003552	0.006479
活動	2	0.003552	0.006114
28	2	0.003552	0.006035
出身	2	0.003552	0.005888
2000	2	0.003552	0.005888
も	3	0.005329	0.005817
9	3	0.005329	0.005817
-	3	0.005329	0.005788
2001	2	0.003552	0.005753
編集	3	0.005329	0.005423
[	3	0.005329	0.005399
]	3	0.005329	0.005399
家	2	0.003552	0.005359
より	3	0.005329	0.005352
と	3	0.005329	0.005352
:	3	0.005329	0.005329
『	3	0.005329	0.005329
』	3	0.005329	0.005329
を	3	0.005329	0.005329
いくた	1	0.001776	0.005328
生田	1	0.001776	0.005328
鷹	1	0.001776	0.005328
呑	1	0.001776	0.005328
ケモノ	1	0.001776	0.005328
野中	1	0.001776	0.005328
たつき	1	0.001776	0.005328
コンプティーク	1	0.001776	0.005328
ZIPS	1	0.001776	0.005328
ジップス	1	0.001776	0.005328
傘下	1	0.001776	0.005328
RISE	1	0.001776	0.005328
同人	1	0.001776	0.005328
闇	1	0.001776	0.005328
鍋	1	0.001776	0.005328
明日	1	0.001776	0.005328
ときめき	1	0.001776	0.005328
にゃ	1	0.001776	0.005328
WATER	1	0.001776	0.005328
PS	1	0.001776	0.005328
specification	1	0.001776	0.005328
ー・	1	0.001776	0.005328
157	1	0.001776	0.005328
さま	1	0.001776	0.005328
ひまわり	1	0.001776	0.005328
チャペル	1	0.001776	0.005328
Marron	1	0.001776	0.005328
トラ	1	0.001776	0.005328
!(	1	0.001776	0.005328
大国	1	0.001776	0.005328
アヂト	1	0.001776	0.005328
カイテンネコ	1	0.001776	0.005328
か	2	0.003552	0.005310
県	2	0.003552	0.005086
絵師	1	0.001776	0.004793
竜	1	0.001776	0.004793
角川書店	1	0.001776	0.004793
コンピューター	1	0.001776	0.004793
あに	1	0.001776	0.004793
む	1	0.001776	0.004793
他社	1	0.001776	0.004793
手がける	1	0.001776	0.004793
使う	1	0.001776	0.004793
SUMMER	1	0.001776	0.004793
DC	1	0.001776	0.004793
!!（	1	0.001776	0.004793
きみ	1	0.001776	0.004793
イラスト	1	0.001776	0.004481
描き	1	0.001776	0.004481
ブランド	1	0.001776	0.004481
関わり	1	0.001776	0.004481
まる	1	0.001776	0.004481
★	1	0.001776	0.004481
仮	1	0.001776	0.004481
へ	2	0.003552	0.004419
希	1	0.001776	0.004259
直後	1	0.001776	0.004259
ごと	1	0.001776	0.004259
挑戦	1	0.001776	0.004259
!（	1	0.001776	0.004259
お願い	1	0.001776	0.004259
星	1	0.001776	0.004259
イオン	1	0.001776	0.004259
日本	2	0.003552	0.004217
仕事	1	0.001776	0.004087
改名	1	0.001776	0.004087
独立	1	0.001776	0.004087
屋	1	0.001776	0.004087
年齢	1	0.001776	0.004087
ページ	1	0.001776	0.004087
漫画	1	0.001776	0.003946
ヶ月	1	0.001776	0.003946
ゲーム	1	0.001776	0.003946
再び	1	0.001776	0.003946
ー	1	0.001776	0.003946
として	2	0.003552	0.003877
しばしば	1	0.001776	0.003827
DVD	1	0.001776	0.003827
逆	1	0.001776	0.003827
裏	1	0.001776	0.003827
|	2	0.003552	0.003749
状	1	0.001776	0.003724
章	1	0.001776	0.003633
AE	1	0.001776	0.003633
て	2	0.003552	0.003599
が	2	0.003552	0.003583
フリー	2	0.003552	0.003552
は	2	0.003552	0.003552
し	2	0.003552	0.003552
.	2	0.003552	0.003552
経歴	1	0.001776	0.003552
雑誌	1	0.001776	0.003552
開発	1	0.001776	0.003552
84	1	0.001776	0.003552
発売	1	0.001776	0.003478
ながら	1	0.001776	0.003478
サイト	1	0.001776	0.003478
93	1	0.001776	0.003478
24	1	0.001776	0.003411
にて	1	0.001776	0.003350
各	1	0.001776	0.003350
担当	1	0.001776	0.003292
所属	1	0.001776	0.003239
27	1	0.001776	0.003189
全	1	0.001776	0.003143
及び	1	0.001776	0.003099
新	1	0.001776	0.003099
知ら	1	0.001776	0.003057
版	1	0.001776	0.003057
公式	1	0.001776	0.003057
作品	1	0.001776	0.002910
2008	1	0.001776	0.002910
数	1	0.001776	0.002815
間	1	0.001776	0.002786
2004	1	0.001776	0.002786
2007	1	0.001776	0.002786
その後	1	0.001776	0.002731
人物	1	0.001776	0.002679
20	1	0.001776	0.002586
現在	1	0.001776	0.002392
12	1	0.001776	0.002326
外部	1	0.001776	0.002326
82	1	0.001776	0.002295
リンク	1	0.001776	0.002280
後	1	0.001776	0.002223
その	1	0.001776	0.002196
(	1	0.001776	0.002183
れる	1	0.001776	0.002132
する	1	0.001776	0.001901
4	1	0.001776	0.001901
B	1	0.001776	0.001892
5	1	0.001776	0.001840
/%	1	0.001776	0.001832
http	1	0.001776	0.001784
://	1	0.001776	0.001784
ja	1	0.001776	0.001784
wikipedia	1	0.001776	0.001784
org	1	0.001776	0.001784
/	1	0.001776	0.001784
wiki	1	0.001776	0.001784
作成	1	0.001776	0.001784
カテゴリ	1	0.001776	0.001784
出典	1	0.001776	0.001776
百科	1	0.001776	0.001776
事典	1	0.001776	0.001776
ウィキペディア	1	0.001776	0.001776
Wikipedia	1	0.001776	0.001776
移動	1	0.001776	0.001776
ナビゲーション	1	0.001776	0.001776
,	1	0.001776	0.001776
検索	1	0.001776	0.001776
「	1	0.001776	0.001776
」	1	0.001776	0.001776
