池田	18	0.032787	0.075444
田仲	9	0.016393	0.049179
澄	8	0.014572	0.043716
、	23	0.041894	0.041894
央	7	0.012750	0.038250
池	9	0.016393	0.037721
（	19	0.034608	0.034608
）	19	0.034608	0.034608
1753	6	0.010929	0.032787
年	15	0.027322	0.028441
|	14	0.025501	0.026917
鳥取	5	0.009107	0.024580
藩	6	0.010929	0.024283
藩主	5	0.009107	0.022976
仲	5	0.009107	0.022976
庸	4	0.007286	0.021858
1703	4	0.007286	0.021858
-	11	0.020036	0.021763
%	11	0.020036	0.020301
氏	5	0.009107	0.019097
月	9	0.016393	0.018537
。	10	0.018215	0.018215
日	8	0.014572	0.017013
元禄	3	0.005464	0.016392
1692	3	0.005464	0.016392
鹿	3	0.005464	0.014747
の	8	0.014572	0.014572
守	3	0.005464	0.013785
奴	3	0.005464	0.013785
・	7	0.012750	0.013093
に	7	0.012750	0.012750
宝	2	0.003643	0.010929
因幡	2	0.003643	0.010929
1758	2	0.003643	0.010929
1769	2	0.003643	0.010929
1771	2	0.003643	0.010929
1785	2	0.003643	0.010929
1824	2	0.003643	0.010929
1850	2	0.003643	0.010929
江戸	3	0.005464	0.010702
代	3	0.005464	0.010305
11	4	0.007286	0.010185
墓所	2	0.003643	0.009832
従	2	0.003643	0.009832
摂津	2	0.003643	0.009832
長男	2	0.003643	0.009832
次男	2	0.003643	0.009832
継い	2	0.003643	0.009832
2	5	0.009107	0.009524
1	5	0.009107	0.009394
延	2	0.003643	0.009191
暦	2	0.003643	0.008736
別名	2	0.003643	0.008736
大名	2	0.003643	0.008383
：	3	0.005464	0.007955
父	2	0.003643	0.007453
E	4	0.007286	0.007382
五	2	0.003643	0.006871
位	2	0.003643	0.006754
子	2	0.003643	0.006645
下	2	0.003643	0.006446
B	3	0.005464	0.005822
5	3	0.005464	0.005662
3	3	0.005464	0.005662
で	3	0.005464	0.005488
た	3	0.005464	0.005488
:	3	0.005464	0.005464
し	3	0.005464	0.005464
長八	1	0.001821	0.005463
澄明	1	0.001821	0.005463
猶	1	0.001821	0.005463
国府	1	0.001821	0.005463
奥谷	1	0.001821	0.005463
笈	1	0.001821	0.005463
敦	1	0.001821	0.005463
活	1	0.001821	0.005463
官位	1	0.001821	0.005463
父母	1	0.001821	0.005463
中川	1	0.001821	0.005463
千屋	1	0.001821	0.005463
古	1	0.001821	0.005463
清子	1	0.001821	0.005463
定	1	0.001821	0.005463
柳生	1	0.001821	0.005463
矩	1	0.001821	0.005463
五月	1	0.001821	0.005463
輝子	1	0.001821	0.005463
久松	1	0.001821	0.005463
定温	1	0.001821	0.005463
鵜殿	1	0.001821	0.005463
堯	1	0.001821	0.005463
三男	1	0.001821	0.005463
利久	1	0.001821	0.005463
四男	1	0.001821	0.005463
熈	1	0.001821	0.005463
五男	1	0.001821	0.005463
鳥取東	1	0.001821	0.005463
家督	1	0.001821	0.005463
宝永	1	0.001821	0.005463
1706	1	0.001821	0.005463
豊前	1	0.001821	0.005463
叙位	1	0.001821	0.005463
1732	1	0.001821	0.005463
遷任	1	0.001821	0.005463
通信使	1	0.001821	0.005463
接待	1	0.001821	0.005463
門番	1	0.001821	0.005463
公役	1	0.001821	0.005463
1685	1	0.001821	0.005463
俊	1	0.001821	0.005463
律	1	0.001821	0.005463
1865	1	0.001821	0.005463
外様	1	0.001821	0.005463
だ	2	0.003643	0.005259
時代	2	0.003643	0.005133
0	2	0.003643	0.005016
凡例	1	0.001821	0.004915
死没	1	0.001821	0.004915
戒名	1	0.001821	0.004915
玄	1	0.001821	0.004915
氏族	1	0.001821	0.004915
泰	1	0.001821	0.004915
松平	1	0.001821	0.004915
邦子	1	0.001821	0.004915
新田	1	0.001821	0.004915
隠居	1	0.001821	0.004915
任官	1	0.001821	0.004915
享	1	0.001821	0.004915
保	1	0.001821	0.004915
朝鮮	1	0.001821	0.004915
公家	1	0.001821	0.004915
従事	1	0.001821	0.004915
奨励	1	0.001821	0.004915
享年	1	0.001821	0.004915
1864	1	0.001821	0.004915
1869	1	0.001821	0.004915
廃	1	0.001821	0.004915
第	2	0.003643	0.004906
12	2	0.003643	0.004772
幼名	1	0.001821	0.004594
徹	1	0.001821	0.004594
吉	1	0.001821	0.004594
賢	1	0.001821	0.004594
正室	1	0.001821	0.004594
江戸城	1	0.001821	0.004594
尽力	1	0.001821	0.004594
雅	1	0.001821	0.004594
建	1	0.001821	0.004594
吸収	1	0.001821	0.004594
兄弟	1	0.001821	0.004367
美	1	0.001821	0.004367
いけ	1	0.001821	0.004367
御	1	0.001821	0.004367
幕府	1	0.001821	0.004367
文学	1	0.001821	0.004367
徳	1	0.001821	0.004367
空	1	0.001821	0.004190
てる	1	0.001821	0.004190
中期	1	0.001821	0.004046
生誕	1	0.001821	0.004046
母	1	0.001821	0.004046
生まれる	1	0.001821	0.004046
62	1	0.001821	0.004046
6	2	0.003643	0.004036
9	2	0.003643	0.003976
A	2	0.003643	0.003938
室	1	0.001821	0.003924
なか	1	0.001821	0.003924
初代	1	0.001821	0.003924
死去	1	0.001821	0.003924
する	2	0.003643	0.003900
4	2	0.003643	0.003900
院	1	0.001821	0.003818
妻	1	0.001821	0.003818
章	1	0.001821	0.003725
AE	1	0.001821	0.003725
を	2	0.003643	0.003643
.	2	0.003643	0.003643
没	1	0.001821	0.003567
側	1	0.001821	0.003435
町	1	0.001821	0.003270
館	1	0.001821	0.003270
初	1	0.001821	0.003222
94	1	0.001821	0.003222
19	1	0.001821	0.003094
17	1	0.001821	0.003094
年生	1	0.001821	0.003094
隠す	1	0.001821	0.003018
BB	1	0.001821	0.002886
13	1	0.001821	0.002856
16	1	0.001821	0.002800
市	1	0.001821	0.002773
家	1	0.001821	0.002747
時	1	0.001821	0.002747
名	1	0.001821	0.002722
県	1	0.001821	0.002607
歴	1	0.001821	0.002488
話	1	0.001821	0.002470
表	1	0.001821	0.002452
なる	1	0.001821	0.002418
編	1	0.001821	0.002418
により	1	0.001821	0.002385
)	1	0.001821	0.002294
後	1	0.001821	0.002280
(	1	0.001821	0.002238
また	1	0.001821	0.002186
や	1	0.001821	0.002150
など	1	0.001821	0.002070
として	1	0.001821	0.001988
も	1	0.001821	0.001988
7	1	0.001821	0.001988
さ	1	0.001821	0.001940
れ	1	0.001821	0.001931
8	1	0.001821	0.001904
/%	1	0.001821	0.001878
[	1	0.001821	0.001845
]	1	0.001821	0.001845
が	1	0.001821	0.001837
と	1	0.001821	0.001829
http	1	0.001821	0.001829
://	1	0.001821	0.001829
ja	1	0.001821	0.001829
wikipedia	1	0.001821	0.001829
org	1	0.001821	0.001829
/	1	0.001821	0.001829
wiki	1	0.001821	0.001829
より	1	0.001821	0.001829
作成	1	0.001821	0.001829
カテゴリ	1	0.001821	0.001829
出典	1	0.001821	0.001821
フリー	1	0.001821	0.001821
百科	1	0.001821	0.001821
事典	1	0.001821	0.001821
『	1	0.001821	0.001821
ウィキペディア	1	0.001821	0.001821
Wikipedia	1	0.001821	0.001821
』	1	0.001821	0.001821
移動	1	0.001821	0.001821
ナビゲーション	1	0.001821	0.001821
,	1	0.001821	0.001821
検索	1	0.001821	0.001821
は	1	0.001821	0.001821
「	1	0.001821	0.001821
」	1	0.001821	0.001821
