、	95	0.038823	0.038823
の	88	0.035962	0.035962
。	65	0.026563	0.026563
を	62	0.025337	0.025337
清泉女子大学	19	0.007765	0.023295
清泉	16	0.006539	0.019617
科	22	0.008991	0.019375
に	47	0.019207	0.019207
年	44	0.017981	0.018717
学科	15	0.006130	0.014105
と	32	0.013077	0.013134
大学	17	0.006947	0.012879
（	31	0.012669	0.012669
人文	10	0.004087	0.012261
奨学	10	0.004087	0.012261
）	30	0.012260	0.012260
品川	11	0.004495	0.012132
文学	12	0.004904	0.011759
文化	16	0.006539	0.011571
[	27	0.011034	0.011180
]	27	0.011034	0.011180
専攻	10	0.004087	0.011031
学	15	0.006130	0.011009
編集	26	0.010625	0.010813
・	25	0.010217	0.010492
教育	13	0.005313	0.010021
会	15	0.006130	0.009929
課程	10	0.004087	0.009800
スペイン	10	0.004087	0.009404
は	23	0.009399	0.009399
.	22	0.008991	0.008991
キャンパス	8	0.003269	0.008823
地球	8	0.003269	0.008823
設置	12	0.004904	0.008807
金	11	0.004495	0.008634
英文	7	0.002861	0.008583
都	9	0.003678	0.008463
東京	11	0.004495	0.007843
研究	10	0.004087	0.007708
「	18	0.007356	0.007356
」	18	0.007356	0.007356
島津	6	0.002452	0.007356
聖心	6	0.002452	0.007356
修道	6	0.002452	0.007356
キリスト	7	0.002861	0.007218
%	17	0.006947	0.007039
　	12	0.004904	0.007022
研究所	7	0.002861	0.006861
大学院	6	0.002452	0.006618
寮	6	0.002452	0.006618
修士	6	0.002452	0.006618
科学	8	0.003269	0.006403
1	15	0.006130	0.006323
者	13	0.005313	0.006307
て	15	0.006130	0.006211
公爵	5	0.002043	0.006129
神奈川	5	0.002043	0.006129
女学院	5	0.002043	0.006129
区	7	0.002861	0.005999
人間	7	0.002861	0.005999
組織	7	0.002861	0.005853
関係	9	0.003678	0.005830
として	13	0.005313	0.005799
学校	8	0.003269	0.005785
た	14	0.005721	0.005746
設立	7	0.002861	0.005722
し	14	0.005721	0.005721
4	13	0.005313	0.005688
さ	13	0.005313	0.005661
創立	6	0.002452	0.005642
教	6	0.002452	0.005642
線	8	0.003269	0.005554
学院	5	0.002043	0.005514
3	13	0.005313	0.005505
が	13	0.005313	0.005360
から	12	0.004904	0.005327
市民	6	0.002452	0.005284
建	5	0.002043	0.005154
学生	6	0.002452	0.005142
2	12	0.004904	0.005128
活動	7	0.002861	0.004924
文学部	4	0.001635	0.004905
理念	4	0.001635	0.004905
侍女	4	0.001635	0.004905
豊か	4	0.001635	0.004905
邸	5	0.002043	0.004899
れ	11	0.004495	0.004767
高等	6	0.002452	0.004625
英語	6	0.002452	0.004546
精神	5	0.002043	0.004539
で	11	0.004495	0.004515
旧	6	0.002452	0.004472
女子大	4	0.001635	0.004413
横須賀	4	0.001635	0.004413
国文学	4	0.001635	0.004413
言語	5	0.002043	0.004402
日本	9	0.003678	0.004366
市	7	0.002861	0.004357
1950	5	0.002043	0.004284
日本語	5	0.002043	0.004284
史	6	0.002452	0.004278
な	9	0.003678	0.004248
的	8	0.003269	0.004225
長野	5	0.002043	0.004179
県	7	0.002861	0.004096
学園	4	0.001635	0.003921
5	9	0.003678	0.003811
センター	5	0.002043	0.003787
思想	4	0.001635	0.003762
東五反田	3	0.001226	0.003678
少	3	0.001226	0.003678
育てる	3	0.001226	0.003678
山手	3	0.001226	0.003678
五反田	3	0.001226	0.003678
機関	5	0.002043	0.003669
徒歩	4	0.001635	0.003633
人	7	0.002861	0.003604
祭	4	0.001635	0.003345
団体	4	0.001635	0.003345
象徴	3	0.001226	0.003309
本館	3	0.001226	0.003309
母体	3	0.001226	0.003309
発足	3	0.001226	0.003309
どの	3	0.001226	0.003309
留学生	3	0.001226	0.003309
語	4	0.001635	0.003270
なる	6	0.002452	0.003256
歴史	5	0.002043	0.003205
JR	4	0.001635	0.003141
私立	3	0.001226	0.003093
附属	3	0.001226	0.003093
科目	3	0.001226	0.003093
国際	4	0.001635	0.003084
ある	7	0.002861	0.003020
れる	6	0.002452	0.002944
学部	3	0.001226	0.002940
人数	3	0.001226	0.002940
卒業生	3	0.001226	0.002940
より	7	0.002861	0.002873
学ぶ	3	0.001226	0.002821
建物	3	0.001226	0.002821
泉	3	0.001226	0.002821
下車	3	0.001226	0.002821
中	5	0.002043	0.002792
愛	3	0.001226	0.002724
開設	3	0.001226	0.002724
6	6	0.002452	0.002717
21	4	0.001635	0.002679
-	6	0.002452	0.002663
女子	3	0.001226	0.002642
交流	3	0.001226	0.002642
する	6	0.002452	0.002625
全体	3	0.001226	0.002571
制	3	0.001226	0.002571
指定	3	0.001226	0.002571
世界	4	0.001635	0.002565
ため	5	0.002043	0.002511
法人	3	0.001226	0.002508
名称	3	0.001226	0.002508
E	6	0.002452	0.002484
SEISEN	2	0.000817	0.002451
学内	2	0.000817	0.002451
ヒューマニズム	2	0.000817	0.002451
まこと	2	0.000817	0.002451
努める	2	0.000817	0.002451
エルネスティナ・ラマリョ	2	0.000817	0.002451
女学校	2	0.000817	0.002451
文科	2	0.000817	0.002451
各科	2	0.000817	0.002451
修業	2	0.000817	0.002451
学制	2	0.000817	0.002451
改組	2	0.000817	0.002451
宮前平	2	0.000817	0.002451
表し	2	0.000817	0.002451
大崎	2	0.000817	0.002451
名	4	0.001635	0.002444
サイト	3	0.001226	0.002401
変更	3	0.001226	0.002401
時代	4	0.001635	0.002304
生活	3	0.001226	0.002273
所在地	3	0.001226	0.002236
10	4	0.001635	0.002234
概観	2	0.000817	0.002205
校訓	2	0.000817	0.002205
是	2	0.000817	0.002205
サークル	2	0.000817	0.002205
実践	2	0.000817	0.002205
他者	2	0.000817	0.002205
キリスト教	2	0.000817	0.002205
価値	2	0.000817	0.002205
麻布	2	0.000817	0.002205
家政	2	0.000817	0.002205
分け	2	0.000817	0.002205
年限	2	0.000817	0.002205
休校	2	0.000817	0.002205
校舎	2	0.000817	0.002205
全焼	2	0.000817	0.002205
短期	2	0.000817	0.002205
学問	2	0.000817	0.002205
カトリック	2	0.000817	0.002205
別	3	0.001226	0.002169
|	5	0.002043	0.002156
という	4	0.001635	0.002156
により	4	0.001635	0.002142
駅	3	0.001226	0.002139
公式	3	0.001226	0.002110
施設	3	0.001226	0.002110
略歴	2	0.000817	0.002061
通じ	2	0.000817	0.002061
体育	2	0.000817	0.002061
基金	2	0.000817	0.002061
建造	2	0.000817	0.002061
鎌倉	2	0.000817	0.002061
:	5	0.002043	0.002043
一覧	3	0.001226	0.002032
分	3	0.001226	0.002009
2001	3	0.001226	0.001986
基礎	2	0.000817	0.001959
対外	2	0.000817	0.001959
目指し	2	0.000817	0.001959
前身	2	0.000817	0.001959
定員	2	0.000817	0.001959
学習	2	0.000817	0.001959
教授	2	0.000817	0.001959
メートル	2	0.000817	0.001959
および	3	0.001226	0.001943
き	3	0.001226	0.001943
16	3	0.001226	0.001885
年表	2	0.000817	0.001880
クラブ	2	0.000817	0.001880
自己	2	0.000817	0.001880
1944	2	0.000817	0.001880
改革	2	0.000817	0.001880
新設	2	0.000817	0.001880
吉田	2	0.000817	0.001880
宗教	2	0.000817	0.001880
およそ	2	0.000817	0.001880
こと	4	0.001635	0.001878
性	3	0.001226	0.001867
か	3	0.001226	0.001833
本部	2	0.000817	0.001815
データ	2	0.000817	0.001815
戦後	2	0.000817	0.001815
意識	2	0.000817	0.001815
美術	2	0.000817	0.001815
A	4	0.001635	0.001767
1938	2	0.000817	0.001761
姉妹	2	0.000817	0.001761
校	2	0.000817	0.001761
翌	2	0.000817	0.001761
1961	2	0.000817	0.001761
1962	2	0.000817	0.001761
博士	2	0.000817	0.001761
過去	2	0.000817	0.001761
至る	2	0.000817	0.001761
外国	2	0.000817	0.001761
街	2	0.000817	0.001761
移転	2	0.000817	0.001713
と共に	2	0.000817	0.001713
よう	3	0.001226	0.001688
1941	2	0.000817	0.001671
1989	2	0.000817	0.001671
環境	2	0.000817	0.001671
アクセス	2	0.000817	0.001671
沿革	2	0.000817	0.001634
自然	2	0.000817	0.001634
1945	2	0.000817	0.001634
物	2	0.000817	0.001634
対象	2	0.000817	0.001600
戦争	2	0.000817	0.001600
1994	2	0.000817	0.001600
記念	2	0.000817	0.001600
神	2	0.000817	0.001569
さらに	2	0.000817	0.001541
60	2	0.000817	0.001541
形	2	0.000817	0.001541
参加	2	0.000817	0.001515
女性	2	0.000817	0.001515
事	2	0.000817	0.001490
年度	2	0.000817	0.001490
2005	2	0.000817	0.001388
可能	2	0.000817	0.001388
AD	2	0.000817	0.001371
7	3	0.001226	0.001338
いる	3	0.001226	0.001338
い	3	0.001226	0.001338
部	2	0.000817	0.001323
呼ば	2	0.000817	0.001309
B	3	0.001226	0.001306
8	3	0.001226	0.001282
できる	2	0.000817	0.001256
せんじ	1	0.000409	0.001227
ょしだいがく	1	0.000409	0.001227
University	1	0.000409	0.001227
.）	1	0.000409	0.001227
せいせ	1	0.000409	0.001227
一人ひとり	1	0.000409	0.001227
思いやり	1	0.000409	0.001227
いける	1	0.000409	0.001227
人格	1	0.000409	0.001227
触れ合い	1	0.000409	0.001227
決断	1	0.000409	0.001227
自国	1	0.000409	0.001227
他国	1	0.000409	0.001227
優し	1	0.000409	0.001227
知	1	0.000409	0.001227
VERITAS	1	0.000409	0.001227
CARITAS	1	0.000409	0.001227
追究	1	0.000409	0.001227
尊厳	1	0.000409	0.001227
創ら	1	0.000409	0.001227
確信	1	0.000409	0.001227
を通して	1	0.000409	0.001227
主体性	1	0.000409	0.001227
ラファエラ・マリア	1	0.000409	0.001227
1877	1	0.000409	0.001227
マルセイユ	1	0.000409	0.001227
来日	1	0.000409	0.001227
使徒	1	0.000409	0.001227
黙想	1	0.000409	0.001227
集い	1	0.000409	0.001227
恥ずかしく	1	0.000409	0.001227
三河台在旧志賀直哉邸	1	0.000409	0.001227
単科	1	0.000409	0.001227
駐留	1	0.000409	0.001227
将校	1	0.000409	0.001227
宿舎	1	0.000409	0.001227
接収	1	0.000409	0.001227
日本銀行	1	0.000409	0.001227
三河	1	0.000409	0.001227
激化	1	0.000409	0.001227
停止	1	0.000409	0.001227
校章	1	0.000409	0.001227
輪郭	1	0.000409	0.001227
楯	1	0.000409	0.001227
正し	1	0.000409	0.001227
表わす	1	0.000409	0.001227
合	1	0.000409	0.001227
あしらわ	1	0.000409	0.001227
囲む	1	0.000409	0.001227
雪子	1	0.000409	0.001227
歌人	1	0.000409	0.001227
佐佐木	1	0.000409	0.001227
脱皮	1	0.000409	0.001227
究め	1	0.000409	0.001227
ネイティヴスピーカー	1	0.000409	0.001227
クラス	1	0.000409	0.001227
学力	1	0.000409	0.001227
夏期	1	0.000409	0.001227
語学	1	0.000409	0.001227
研修	1	0.000409	0.001227
通し	1	0.000409	0.001227
ホームステイ	1	0.000409	0.001227
高める	1	0.000409	0.001227
ラテンアメリカ	1	0.000409	0.001227
蔵書	1	0.000409	0.001227
見つめ	1	0.000409	0.001227
信じよ	1	0.000409	0.001227
視野	1	0.000409	0.001227
発想	1	0.000409	0.001227
学際	1	0.000409	0.001227
ボランティア	1	0.000409	0.001227
ウエルネスセンター	1	0.000409	0.001227
月頃	1	0.000409	0.001227
春期	1	0.000409	0.001227
新入生	1	0.000409	0.001227
ガーデン	1	0.000409	0.001227
納付	1	0.000409	0.001227
減免	1	0.000409	0.001227
退学	1	0.000409	0.001227
あらゆる	1	0.000409	0.001227
京浜東北	1	0.000409	0.001227
京浜急行	1	0.000409	0.001227
都営地下鉄	1	0.000409	0.001227
浅草線	1	0.000409	0.001227
東急	1	0.000409	0.001227
池上線	1	0.000409	0.001227
埼京線	1	0.000409	0.001227
活気	1	0.000409	0.001227
あふれる	1	0.000409	0.001227
閑静	1	0.000409	0.001227
小高い	1	0.000409	0.001227
圏内	1	0.000409	0.001227
感じる	1	0.000409	0.001227
落ち着い	1	0.000409	0.001227
ジョサイア・コンドル	1	0.000409	0.001227
西洋	1	0.000409	0.001227
趣	1	0.000409	0.001227
重厚	1	0.000409	0.001227
手入れ	1	0.000409	0.001227
行き届い	1	0.000409	0.001227
庭園	1	0.000409	0.001227
選定	1	0.000409	0.001227
景観	1	0.000409	0.001227
策定	1	0.000409	0.001227
見合わせ	1	0.000409	0.001227
収載	1	0.000409	0.001227
ふう	1	0.000409	0.001227
藩邸	1	0.000409	0.001227
周り	1	0.000409	0.001227
によって	2	0.000817	0.001200
おり	2	0.000817	0.001189
求め	2	0.000817	0.001170
せい	1	0.000409	0.001104
コミュニケーション	1	0.000409	0.001104
愛する	1	0.000409	0.001104
et	1	0.000409	0.001104
真理	1	0.000409	0.001104
確立	1	0.000409	0.001104
尊重	1	0.000409	0.001104
マドリード	1	0.000409	0.001104
静	1	0.000409	0.001104
修	1	0.000409	0.001104
進む	1	0.000409	0.001104
に従い	1	0.000409	0.001104
GHQ	1	0.000409	0.001104
戦火	1	0.000409	0.001104
川崎	1	0.000409	0.001104
頭文字	1	0.000409	0.001104
鎖	1	0.000409	0.001104
総理	1	0.000409	0.001104
信綱	1	0.000409	0.001104
松島	1	0.000409	0.001104
女史	1	0.000409	0.001104
向かい	1	0.000409	0.001104
陣	1	0.000409	0.001104
生き	1	0.000409	0.001104
思い	1	0.000409	0.001104
超え	1	0.000409	0.001104
考察	1	0.000409	0.001104
養う	1	0.000409	0.001104
ますます	1	0.000409	0.001104
観点	1	0.000409	0.001104
愛好	1	0.000409	0.001104
歓迎	1	0.000409	0.001104
パーティ	1	0.000409	0.001104
開か	1	0.000409	0.001104
維持	1	0.000409	0.001104
同窓会	1	0.000409	0.001104
麗	1	0.000409	0.001104
称し	1	0.000409	0.001104
中途	1	0.000409	0.001104
東海道	1	0.000409	0.001104
かい	1	0.000409	0.001104
住宅	1	0.000409	0.001104
都心	1	0.000409	0.001104
ルネサンス	1	0.000409	0.001104
雰囲気	1	0.000409	0.001104
条例	1	0.000409	0.001104
指針	1	0.000409	0.001104
植	1	0.000409	0.001104
栽	1	0.000409	0.001104
仙台	1	0.000409	0.001104
天然記念物	1	0.000409	0.001104
インターナショナル	1	0.000409	0.001104
世田谷	1	0.000409	0.001104
まで	2	0.000817	0.001100
もの	2	0.000817	0.001085
種別	1	0.000409	0.001032
置く	1	0.000409	0.001032
配慮	1	0.000409	0.001032
共に	1	0.000409	0.001032
姉	1	0.000409	0.001032
急速	1	0.000409	0.001032
勃発	1	0.000409	0.001032
余儀なく	1	0.000409	0.001032
空襲	1	0.000409	0.001032
解除	1	0.000409	0.001032
土地	1	0.000409	0.001032
購入	1	0.000409	0.001032
財団	1	0.000409	0.001032
認可	1	0.000409	0.001032
現在地	1	0.000409	0.001032
表す	1	0.000409	0.001032
尽力	1	0.000409	0.001032
未来	1	0.000409	0.001032
レベル	1	0.000409	0.001032
珍しい	1	0.000409	0.001032
所蔵	1	0.000409	0.001032
置き	1	0.000409	0.001032
フィールドワーク	1	0.000409	0.001032
在籍	1	0.000409	0.001032
会員	1	0.000409	0.001032
称する	1	0.000409	0.001032
側面	1	0.000409	0.001032
各駅	1	0.000409	0.001032
りん	1	0.000409	0.001032
四季	1	0.000409	0.001032
保全	1	0.000409	0.001032
申請	1	0.000409	0.001032
幹	1	0.000409	0.001032
樹齢	1	0.000409	0.001032
推定	1	0.000409	0.001032
閉鎖	1	0.000409	0.001032
短期大学	1	0.000409	0.001032
へ	2	0.000817	0.001016
その	2	0.000817	0.001010
また	2	0.000817	0.000981
ウェブサイト	1	0.000409	0.000981
基づき	1	0.000409	0.000981
太平洋戦争	1	0.000409	0.000981
伴う	1	0.000409	0.000981
転換	1	0.000409	0.000981
相互	1	0.000409	0.000981
茂	1	0.000409	0.000981
海外	1	0.000409	0.000981
達	1	0.000409	0.000981
学び	1	0.000409	0.000981
発祥	1	0.000409	0.000981
深い	1	0.000409	0.000981
永遠	1	0.000409	0.000981
図書館	1	0.000409	0.000981
中島	1	0.000409	0.000981
ビジネス	1	0.000409	0.000981
所在	1	0.000409	0.000981
緑	1	0.000409	0.000981
中学	1	0.000409	0.000981
ない	2	0.000817	0.000975
や	2	0.000817	0.000964
あり	2	0.000817	0.000954
積極	1	0.000409	0.000941
授業	1	0.000409	0.000941
身	1	0.000409	0.000941
自分	1	0.000409	0.000941
女	1	0.000409	0.000941
育成	1	0.000409	0.000941
制定	1	0.000409	0.000941
募集	1	0.000409	0.000941
作詞	1	0.000409	0.000941
伝統	1	0.000409	0.000941
能力	1	0.000409	0.000941
表現	1	0.000409	0.000941
生涯	1	0.000409	0.000941
秋	1	0.000409	0.000941
丘	1	0.000409	0.000941
イタリア	1	0.000409	0.000941
月	2	0.000817	0.000924
関連	2	0.000817	0.000914
略称	1	0.000409	0.000909
達成	1	0.000409	0.000909
もっ	1	0.000409	0.000909
本来	1	0.000409	0.000909
実現	1	0.000409	0.000909
始まる	1	0.000409	0.000909
新た	1	0.000409	0.000909
1963	1	0.000409	0.000909
字	1	0.000409	0.000909
清	1	0.000409	0.000909
夫人	1	0.000409	0.000909
従来	1	0.000409	0.000909
編成	1	0.000409	0.000909
圏	1	0.000409	0.000909
それら	1	0.000409	0.000909
なぜ	1	0.000409	0.000909
続け	1	0.000409	0.000909
領域	1	0.000409	0.000909
付属	1	0.000409	0.000909
イベント	1	0.000409	0.000909
太郎	1	0.000409	0.000909
木	1	0.000409	0.000909
藩	1	0.000409	0.000909
今日	1	0.000409	0.000909
1935	1	0.000409	0.000881
1953	1	0.000409	0.000881
1978	1	0.000409	0.000881
歌	1	0.000409	0.000881
作曲	1	0.000409	0.000881
作ら	1	0.000409	0.000881
持ち	1	0.000409	0.000881
合わせ	1	0.000409	0.000881
春	1	0.000409	0.000881
運用	1	0.000409	0.000881
分野	1	0.000409	0.000881
理解	1	0.000409	0.000881
支援	1	0.000409	0.000881
リスト	1	0.000409	0.000881
持っ	1	0.000409	0.000858
1934	1	0.000409	0.000858
百	1	0.000409	0.000858
共同	1	0.000409	0.000858
氏	1	0.000409	0.000858
院	1	0.000409	0.000858
各地	1	0.000409	0.000858
委員	1	0.000409	0.000858
毎年	1	0.000409	0.000858
制度	1	0.000409	0.000858
山	1	0.000409	0.000858
建築	1	0.000409	0.000858
設計	1	0.000409	0.000858
つけ	1	0.000409	0.000837
卒業	1	0.000409	0.000837
体	1	0.000409	0.000837
程度	1	0.000409	0.000837
国内	1	0.000409	0.000837
開催	1	0.000409	0.000837
詳細	1	0.000409	0.000837
イギリス	1	0.000409	0.000837
広く	1	0.000409	0.000818
時期	1	0.000409	0.000818
伴い	1	0.000409	0.000818
1997	1	0.000409	0.000818
S	1	0.000409	0.000818
意味	1	0.000409	0.000818
示す	1	0.000409	0.000818
特徴	1	0.000409	0.000818
風	1	0.000409	0.000818
近年	1	0.000409	0.000818
経	1	0.000409	0.000818
200	1	0.000409	0.000818
考え	1	0.000409	0.000801
管理	1	0.000409	0.000801
1986	1	0.000409	0.000801
1993	1	0.000409	0.000801
依頼	1	0.000409	0.000801
1936	1	0.000409	0.000801
年間	1	0.000409	0.000801
つつ	1	0.000409	0.000801
諸	1	0.000409	0.000801
発展	1	0.000409	0.000801
保護	1	0.000409	0.000801
通称	1	0.000409	0.000801
ながら	1	0.000409	0.000801
使わ	1	0.000409	0.000801
高い	1	0.000409	0.000801
小学校	1	0.000409	0.000801
ん	1	0.000409	0.000786
1992	1	0.000409	0.000786
花	1	0.000409	0.000786
音楽	1	0.000409	0.000786
多	1	0.000409	0.000786
路線	1	0.000409	0.000786
大正	1	0.000409	0.000786
再	1	0.000409	0.000786
誕生	1	0.000409	0.000771
台	1	0.000409	0.000771
1996	1	0.000409	0.000771
持つ	1	0.000409	0.000771
地域	1	0.000409	0.000771
担当	1	0.000409	0.000758
多数	1	0.000409	0.000758
構成	1	0.000409	0.000758
法	1	0.000409	0.000746
1998	1	0.000409	0.000746
子	1	0.000409	0.000746
つ	1	0.000409	0.000746
問題	1	0.000409	0.000746
頃	1	0.000409	0.000746
参照	1	0.000409	0.000735
館	1	0.000409	0.000735
下	1	0.000409	0.000724
軍	1	0.000409	0.000724
社会	1	0.000409	0.000724
型	1	0.000409	0.000714
25	1	0.000409	0.000714
及び	1	0.000409	0.000714
高	1	0.000409	0.000714
85	1	0.000409	0.000714
系	1	0.000409	0.000714
ほか	1	0.000409	0.000704
2002	1	0.000409	0.000704
交通	1	0.000409	0.000704
でも	1	0.000409	0.000695
う	1	0.000409	0.000686
〜	1	0.000409	0.000678
行う	1	0.000409	0.000678
89	1	0.000409	0.000678
同	1	0.000409	0.000670
必要	1	0.000409	0.000670
情報	1	0.000409	0.000670
次	1	0.000409	0.000670
90	1	0.000409	0.000670
内	1	0.000409	0.000662
行わ	1	0.000409	0.000655
しかし	1	0.000409	0.000648
について	1	0.000409	0.000642
存在	1	0.000409	0.000642
元	1	0.000409	0.000629
上	1	0.000409	0.000623
人物	1	0.000409	0.000617
家	1	0.000409	0.000617
時	1	0.000409	0.000617
15	1	0.000409	0.000611
使用	1	0.000409	0.000601
記事	1	0.000409	0.000601
20	1	0.000409	0.000595
協力	1	0.000409	0.000590
これ	1	0.000409	0.000576
11	1	0.000409	0.000572
歴	1	0.000409	0.000559
による	1	0.000409	0.000559
話	1	0.000409	0.000555
表	1	0.000409	0.000551
現在	1	0.000409	0.000551
編	1	0.000409	0.000543
)	1	0.000409	0.000515
後	1	0.000409	0.000512
(	1	0.000409	0.000503
目次	1	0.000409	0.000467
表示	1	0.000409	0.000467
非	1	0.000409	0.000460
9	1	0.000409	0.000446
/%	1	0.000409	0.000422
http	1	0.000409	0.000411
://	1	0.000409	0.000411
ja	1	0.000409	0.000411
wikipedia	1	0.000409	0.000411
org	1	0.000409	0.000411
/	1	0.000409	0.000411
wiki	1	0.000409	0.000411
作成	1	0.000409	0.000411
カテゴリ	1	0.000409	0.000411
出典	1	0.000409	0.000409
フリー	1	0.000409	0.000409
百科	1	0.000409	0.000409
事典	1	0.000409	0.000409
『	1	0.000409	0.000409
ウィキペディア	1	0.000409	0.000409
Wikipedia	1	0.000409	0.000409
』	1	0.000409	0.000409
移動	1	0.000409	0.000409
ナビゲーション	1	0.000409	0.000409
,	1	0.000409	0.000409
検索	1	0.000409	0.000409
