銅	14	0.024180	0.065261
精錬	8	0.013817	0.041451
粗銅	7	0.012090	0.036270
の	21	0.036269	0.036269
、	21	0.036269	0.036269
+	10	0.017271	0.036216
陰極	6	0.010363	0.031089
陽極	6	0.010363	0.031089
イオン	7	0.012090	0.028991
水溶液	5	0.008636	0.025908
に	15	0.025907	0.025907
で	14	0.024180	0.024286
e	5	0.008636	0.023308
を	13	0.022453	0.022453
。	13	0.022453	0.022453
%	12	0.020725	0.020999
電解	4	0.006908	0.020724
錬	4	0.006908	0.020724
イオン化	4	0.006908	0.020724
溶け	4	0.006908	0.020724
Cu	4	0.006908	0.020724
金	6	0.010363	0.019905
2	11	0.018998	0.019867
は	11	0.018998	0.018998
金属	4	0.006908	0.018644
含ま	5	0.008636	0.016588
→	5	0.008636	0.016010
が	9	0.015544	0.015680
析出	3	0.005181	0.015543
硫酸	3	0.005181	0.015543
亜鉛	3	0.005181	0.013983
た	8	0.013817	0.013877
製	4	0.006908	0.013816
など	7	0.012090	0.013742
も	7	0.012090	0.013196
として	7	0.012090	0.013196
酸	3	0.005181	0.013071
銀	3	0.005181	0.013071
れる	6	0.010363	0.012442
傾向	3	0.005181	0.011922
石	3	0.005181	0.011165
する	6	0.010363	0.011094
て	6	0.010363	0.010500
Refining	2	0.003454	0.010362
純度	2	0.003454	0.010362
純銅	2	0.003454	0.010362
精製	2	0.003454	0.010362
酸性	2	0.003454	0.010362
銅板	2	0.003454	0.010362
セレン	2	0.003454	0.010362
Fe	2	0.003454	0.010362
Ni	2	0.003454	0.010362
Zn	2	0.003454	0.010362
99	3	0.005181	0.010148
用い	3	0.005181	0.009605
中	4	0.006908	0.009440
-	5	0.008636	0.009380
ニッケル	2	0.003454	0.009322
ケイ	2	0.003454	0.009322
塩	2	0.003454	0.009322
ほか	3	0.005181	0.008918
分解	2	0.003454	0.008714
アルミニウム	2	0.003454	0.008714
鉄	2	0.003454	0.008282
電気	2	0.003454	0.007948
水素	2	0.003454	0.007948
出し	2	0.003454	0.007948
から	4	0.006908	0.007503
E	4	0.006908	0.006999
（	4	0.006908	0.006908
）	4	0.006908	0.006908
.	4	0.006908	0.006908
大きい	2	0.003454	0.006908
(	3	0.005181	0.006368
法	2	0.003454	0.006300
こと	3	0.005181	0.005952
可能	2	0.003454	0.005868
この	3	0.005181	0.005769
行う	2	0.003454	0.005725
9	3	0.005181	0.005655
行わ	2	0.003454	0.005534
および	2	0.003454	0.005475
より	3	0.005181	0.005204
:	3	0.005181	0.005181
し	3	0.005181	0.005181
Electrolysis	1	0.001727	0.005181
Electrolytic	1	0.001727	0.005181
%)	1	0.001727	0.005181
過電圧	1	0.001727	0.005181
塩酸	1	0.001727	0.005181
塩化	1	0.001727	0.005181
硝酸銀	1	0.001727	0.005181
氷	1	0.001727	0.005181
晶	1	0.001727	0.005181
アルミナ	1	0.001727	0.005181
溶解	1	0.001727	0.005181
液	1	0.001727	0.005181
鉱石	1	0.001727	0.005181
不純物	1	0.001727	0.005181
貴金属	1	0.001727	0.005181
銅鉱	1	0.001727	0.005181
金鉱	1	0.001727	0.005181
石英	1	0.001727	0.005181
微粒子	1	0.001727	0.005181
融	1	0.001727	0.005181
地金	1	0.001727	0.005181
と金	1	0.001727	0.005181
一石二鳥	1	0.001727	0.005181
泥	1	0.001727	0.005181
沈殿	1	0.001727	0.005181
電位	1	0.001727	0.005181
られる	2	0.003454	0.005029
これ	2	0.003454	0.004866
融解	1	0.001727	0.004661
粗	1	0.001727	0.004661
純	1	0.001727	0.004661
微量	1	0.001727	0.004661
回収	1	0.001727	0.004661
にくい	1	0.001727	0.004661
付着	1	0.001727	0.004661
還元	1	0.001727	0.004661
電圧	1	0.001727	0.004661
長時間	1	0.001727	0.004661
加工	1	0.001727	0.004661
もの	2	0.003454	0.004587
もともと	1	0.001727	0.004357
純粋	1	0.001727	0.004357
)	2	0.003454	0.004351
ため	2	0.003454	0.004245
また	2	0.003454	0.004147
過程	1	0.001727	0.004141
応用	1	0.001727	0.004141
剤	1	0.001727	0.004141
移る	1	0.001727	0.004141
出す	1	0.001727	0.004141
酸化	1	0.001727	0.004141
V	1	0.001727	0.004141
や	2	0.003454	0.004077
な	2	0.003454	0.003989
II	1	0.001727	0.003974
由来	1	0.001727	0.003974
低い	1	0.001727	0.003974
外	1	0.001727	0.003837
出	1	0.001727	0.003837
まま	1	0.001727	0.003837
い	2	0.003454	0.003770
7	2	0.003454	0.003770
A	2	0.003454	0.003734
用いる	1	0.001727	0.003722
さ	2	0.003454	0.003680
B	2	0.003454	0.003680
れ	2	0.003454	0.003663
ある	2	0.003454	0.003646
|	2	0.003454	0.003646
大きな	1	0.001727	0.003621
加え	1	0.001727	0.003621
ので	1	0.001727	0.003621
通常	1	0.001727	0.003621
8	2	0.003454	0.003612
3	2	0.003454	0.003579
程度	1	0.001727	0.003533
と	2	0.003454	0.003469
経	1	0.001727	0.003454
類	1	0.001727	0.003454
得	1	0.001727	0.003383
技術	1	0.001727	0.003317
以上	1	0.001727	0.003257
さらに	1	0.001727	0.003257
BE	1	0.001727	0.003257
せる	1	0.001727	0.003202
または	1	0.001727	0.003056
下	1	0.001727	0.003056
史	1	0.001727	0.003013
AC	1	0.001727	0.002934
際	1	0.001727	0.002898
利用	1	0.001727	0.002767
関係	1	0.001727	0.002737
BB	1	0.001727	0.002737
主	1	0.001727	0.002655
できる	1	0.001727	0.002655
せ	1	0.001727	0.002582
C	1	0.001727	0.002559
ず	1	0.001727	0.002473
0	1	0.001727	0.002378
により	1	0.001727	0.002262
あっ	1	0.001727	0.002123
あり	1	0.001727	0.002016
項目	1	0.001727	0.001973
関連	1	0.001727	0.001933
/%	1	0.001727	0.001781
編集	1	0.001727	0.001758
[	1	0.001727	0.001750
]	1	0.001727	0.001750
http	1	0.001727	0.001735
://	1	0.001727	0.001735
ja	1	0.001727	0.001735
wikipedia	1	0.001727	0.001735
org	1	0.001727	0.001735
/	1	0.001727	0.001735
wiki	1	0.001727	0.001735
作成	1	0.001727	0.001735
カテゴリ	1	0.001727	0.001735
出典	1	0.001727	0.001727
フリー	1	0.001727	0.001727
百科	1	0.001727	0.001727
事典	1	0.001727	0.001727
『	1	0.001727	0.001727
ウィキペディア	1	0.001727	0.001727
Wikipedia	1	0.001727	0.001727
』	1	0.001727	0.001727
移動	1	0.001727	0.001727
ナビゲーション	1	0.001727	0.001727
,	1	0.001727	0.001727
検索	1	0.001727	0.001727
「	1	0.001727	0.001727
」	1	0.001727	0.001727
