%	35	0.040000	0.040529
・	29	0.033143	0.034034
クリーブランド	9	0.010286	0.030858
、	27	0.030857	0.030857
年	25	0.028571	0.029741
リーグ	10	0.011429	0.025394
に	22	0.025143	0.025143
チーム	11	0.012571	0.025142
マコーミック	7	0.008000	0.024000
球団	7	0.008000	0.021592
。	18	0.020571	0.020571
通算	7	0.008000	0.020183
を	17	0.019429	0.019429
3	16	0.018286	0.018948
た	16	0.018286	0.018366
の	16	0.018286	0.018286
ブルース	5	0.005714	0.017142
1883	5	0.005714	0.017142
フィリップス	5	0.005714	0.017142
ダン	5	0.005714	0.017142
ジム	5	0.005714	0.017142
位	8	0.009143	0.016950
し	14	0.016000	0.016000
.	14	0.016000	0.016000
ラップ	5	0.005714	0.015422
は	13	0.014857	0.014857
1880	5	0.005714	0.014416
ビル	5	0.005714	0.014416
83	10	0.011429	0.014396
て	12	0.013714	0.013895
E	12	0.013714	0.013895
（	12	0.013714	0.013714
）	12	0.013714	0.013714
ナショナル	4	0.004571	0.013713
：	8	0.009143	0.013312
1879	4	0.004571	0.012337
1884	4	0.004571	0.012337
最多	4	0.004571	0.012337
が	10	0.011429	0.011529
記録	5	0.005714	0.010976
で	9	0.010286	0.010331
投手	3	0.003429	0.010287
ヒュー	3	0.003429	0.010287
デイリー	3	0.003429	0.010287
打率	3	0.003429	0.010287
野球	4	0.004571	0.009585
[	8	0.009143	0.009264
]	8	0.009143	0.009264
戦績	3	0.003429	0.009255
敗	3	0.003429	0.009255
フレッド	3	0.003429	0.009255
勝	3	0.003429	0.008651
順位	3	0.003429	0.008223
い	6	0.006857	0.007485
試合	3	0.003429	0.007389
監督	3	0.003429	0.007190
主	4	0.004571	0.007028
編集	6	0.006857	0.006979
オハイオ	2	0.002286	0.006858
ジム・マコーミック	2	0.002286	0.006858
防御	2	0.002286	0.006858
ハーキンス	2	0.002286	0.006858
敗戦	2	0.002286	0.006858
勝率	2	0.002286	0.006858
安打	2	0.002286	0.006858
MLB	2	0.002286	0.006858
本拠地	2	0.002286	0.006170
兼任	2	0.002286	0.006170
329	2	0.002286	0.006170
85	3	0.003429	0.005983
1	5	0.005714	0.005894
1881	2	0.002286	0.005767
)	4	0.004571	0.005758
(	4	0.004571	0.005618
成績	2	0.002286	0.005482
移籍	2	0.002286	0.005482
ジョン	2	0.002286	0.005482
数	3	0.003429	0.005435
な	4	0.004571	0.005279
加盟	2	0.002286	0.005260
42	2	0.002286	0.005260
48	2	0.002286	0.004926
勝利	2	0.002286	0.004926
55	2	0.002286	0.004926
率	2	0.002286	0.004794
96	2	0.002286	0.004794
選手	2	0.002286	0.004677
手	2	0.002286	0.004477
82	3	0.003429	0.004432
回	2	0.002286	0.004312
州	2	0.002286	0.004238
所属	2	0.002286	0.004169
なっ	3	0.003429	0.004117
史	2	0.002286	0.003988
この	3	0.003429	0.003818
6	3	0.003429	0.003799
BC	2	0.002286	0.003745
9	3	0.003429	0.003743
4	3	0.003429	0.003671
脚注	2	0.002286	0.003662
|	3	0.003429	0.003619
2	3	0.003429	0.003586
と	3	0.003429	0.003444
出典	3	0.003429	0.003429
:	3	0.003429	0.003429
「	3	0.003429	0.003429
」	3	0.003429	0.003429
Cleveland	1	0.001143	0.003429
Blues	1	0.001143	0.003429
躍進	1	0.001143	0.003429
押し上げ	1	0.001143	0.003429
投げ	1	0.001143	0.003429
落とす	1	0.001143	0.003429
ユニオン	1	0.001143	0.003429
アソシエーション	1	0.001143	0.003429
急遽	1	0.001143	0.003429
ジョー	1	0.001143	0.003429
暴投	1	0.001143	0.003429
失点	1	0.001143	0.003429
セントルイス・マルーンズ	1	0.001143	0.003429
マルーンズ	1	0.001143	0.003429
ウースター・ルビーレッグス	1	0.001143	0.003429
リー	1	0.001143	0.003429
NL	1	0.001143	0.003429
Kennard	1	0.001143	0.003429
Street	1	0.001143	0.003429
Park	1	0.001143	0.003429
567	1	0.001143	0.003429
512	1	0.001143	0.003429
マイク・マクギアリー	1	0.001143	0.003429
クラップ	1	0.001143	0.003429
バンク	1	0.001143	0.003429
ロフト	1	0.001143	0.003429
113	1	0.001143	0.003429
チャーリー・ハケット	1	0.001143	0.003429
一塁	1	0.001143	0.003429
266	1	0.001143	0.003429
265	1	0.001143	0.003429
214	1	0.001143	0.003429
ネッド・ハンロン	1	0.001143	0.003429
外野	1	0.001143	0.003429
失策	1	0.001143	0.003429
打点	1	0.001143	0.003429
242	1	0.001143	0.003429
174	1	0.001143	0.003429
奪	1	0.001143	0.003429
三振	1	0.001143	0.003429
1162	1	0.001143	0.003429
クリーブランド・インディアンス	1	0.001143	0.003429
受け継ぎ	1	0.001143	0.003429
名乗っ	1	0.001143	0.003429
Baseball	1	0.001143	0.003429
Reference	1	0.001143	0.003429
Franchises	1	0.001143	0.003429
Retrosheet	1	0.001143	0.003429
Franchise	1	0.001143	0.003429
Info	1	0.001143	0.003429
kypris	1	0.001143	0.003429
メジャーリーグベースボール	1	0.001143	0.003429
弊害	1	0.001143	0.003085
325	1	0.001143	0.003085
326	1	0.001143	0.003085
立てる	1	0.001143	0.003085
フランチャイズ	1	0.001143	0.003085
1885	1	0.001143	0.003085
リッチモンド	1	0.001143	0.003085
メジャー	1	0.001143	0.003085
1882	1	0.001143	0.003085
429	1	0.001143	0.003085
560	1	0.001143	0.003085
最優秀	1	0.001143	0.003085
デトロイト	1	0.001143	0.003085
590	1	0.001143	0.003085
本塁打	1	0.001143	0.003085
まで	2	0.002286	0.003079
外部	2	0.002286	0.002994
リンク	2	0.002286	0.002935
補強	1	0.001143	0.002884
低迷	1	0.001143	0.002884
解散	1	0.001143	0.002884
売却	1	0.001143	0.002884
渡り	1	0.001143	0.002884
史上	1	0.001143	0.002884
許し	1	0.001143	0.002884
77	1	0.001143	0.002884
1901	1	0.001143	0.002884
www	1	0.001143	0.002884
しまい	1	0.001143	0.002741
創設	1	0.001143	0.002741
com	1	0.001143	0.002741
日	2	0.002286	0.002669
活躍	1	0.001143	0.002630
300	1	0.001143	0.002630
前後	1	0.001143	0.002630
フランク	1	0.001143	0.002630
無	1	0.001143	0.002630
項目	2	0.002286	0.002612
月	2	0.002286	0.002585
上げ	1	0.001143	0.002540
よる	1	0.001143	0.002540
47	1	0.001143	0.002540
達成	1	0.001143	0.002540
スポーツ	1	0.001143	0.002540
として	2	0.002286	0.002495
も	2	0.002286	0.002495
7	2	0.002286	0.002495
から	2	0.002286	0.002483
シーズン	1	0.001143	0.002463
攻撃	1	0.001143	0.002463
しまう	1	0.001143	0.002463
37	1	0.001143	0.002463
する	2	0.002286	0.002447
さ	2	0.002286	0.002436
B	2	0.002286	0.002436
れ	2	0.002286	0.002424
プロ	1	0.001143	0.002397
36	1	0.001143	0.002397
デビュー	1	0.001143	0.002397
翌年	1	0.001143	0.002397
5	2	0.002286	0.002369
にかけて	1	0.001143	0.002338
完全	1	0.001143	0.002338
40	1	0.001143	0.002338
アメリカ合衆国	1	0.001143	0.002338
/	2	0.002286	0.002296
設立	1	0.001143	0.002286
45	1	0.001143	0.002286
32	1	0.001143	0.002286
84	1	0.001143	0.002286
※	1	0.001143	0.002239
35	1	0.001143	0.002239
最初	1	0.001143	0.002195
権	1	0.001143	0.002156
AF	1	0.001143	0.002156
戦	1	0.001143	0.002119
面	1	0.001143	0.002085
年度	1	0.001143	0.002085
100	1	0.001143	0.002085
名前	1	0.001143	0.002085
27	1	0.001143	0.002053
歳	1	0.001143	0.002053
中心	1	0.001143	0.002023
新	1	0.001143	0.001994
度	1	0.001143	0.001967
AA	1	0.001143	0.001967
活動	1	0.001143	0.001967
28	1	0.001143	0.001942
22	1	0.001143	0.001942
PJ	1	0.001143	0.001942
AB	1	0.001143	0.001942
に関する	1	0.001143	0.001895
89	1	0.001143	0.001895
P	1	0.001143	0.001851
しかし	1	0.001143	0.001812
BB	1	0.001143	0.001812
13	1	0.001143	0.001793
存在	1	0.001143	0.001793
その後	1	0.001143	0.001757
なお	1	0.001143	0.001757
書き	1	0.001143	0.001724
加筆	1	0.001143	0.001724
訂正	1	0.001143	0.001724
下さる	1	0.001143	0.001724
.^	1	0.001143	0.001693
大	1	0.001143	0.001679
かけ	1	0.001143	0.001664
です	1	0.001143	0.001664
協力	1	0.001143	0.001650
求め	1	0.001143	0.001637
11	1	0.001143	0.001598
一	1	0.001143	0.001562
現在	1	0.001143	0.001539
という	1	0.001143	0.001507
12	1	0.001143	0.001497
ます	1	0.001143	0.001487
人	1	0.001143	0.001440
ない	1	0.001143	0.001365
者	1	0.001143	0.001357
あり	1	0.001143	0.001334
こと	1	0.001143	0.001313
目次	1	0.001143	0.001306
表示	1	0.001143	0.001306
など	1	0.001143	0.001299
非	1	0.001143	0.001286
いる	1	0.001143	0.001248
A	1	0.001143	0.001235
ある	1	0.001143	0.001206
/%	1	0.001143	0.001179
http	1	0.001143	0.001148
://	1	0.001143	0.001148
ja	1	0.001143	0.001148
wikipedia	1	0.001143	0.001148
org	1	0.001143	0.001148
wiki	1	0.001143	0.001148
より	1	0.001143	0.001148
作成	1	0.001143	0.001148
カテゴリ	1	0.001143	0.001148
フリー	1	0.001143	0.001143
百科	1	0.001143	0.001143
事典	1	0.001143	0.001143
『	1	0.001143	0.001143
ウィキペディア	1	0.001143	0.001143
Wikipedia	1	0.001143	0.001143
』	1	0.001143	0.001143
移動	1	0.001143	0.001143
ナビゲーション	1	0.001143	0.001143
,	1	0.001143	0.001143
検索	1	0.001143	0.001143
