國學院大學	40	0.018307	0.049410
栃木	32	0.014645	0.043935
・	85	0.038902	0.039947
科	34	0.015561	0.033532
短期大学	28	0.012815	0.032331
-	55	0.025172	0.027341
学科	21	0.009611	0.022115
の	48	0.021968	0.021968
教育	24	0.010984	0.020716
：	31	0.014188	0.020657
。	44	0.020137	0.020137
[	43	0.019680	0.019940
大学	23	0.010526	0.019514
]	42	0.019222	0.019476
編集	38	0.017391	0.017699
学校	20	0.009153	0.016197
専攻	13	0.005950	0.016059
.	33	0.015103	0.015103
%	32	0.014645	0.014839
科学	15	0.006865	0.013446
短大	10	0.004577	0.012353
日本	22	0.010069	0.011953
と	26	0.011899	0.011951
1	24	0.010984	0.011330
国文学	9	0.004119	0.011117
初等	9	0.004119	0.011117
ほか	14	0.006407	0.011028
が	23	0.010526	0.010618
生活	12	0.005492	0.010181
幼稚園	8	0.003661	0.009881
學	7	0.003204	0.009612
は	21	0.009611	0.009611
全国	11	0.005034	0.009494
関係	13	0.005950	0.009431
私立	8	0.003661	0.009236
|	19	0.008696	0.009179
、	20	0.009153	0.009153
いる	18	0.008238	0.008992
史	11	0.005034	0.008783
者	16	0.007323	0.008693
就職	7	0.003204	0.008647
学生	9	0.004119	0.008637
家政学	6	0.002746	0.008238
商学	6	0.002746	0.008238
号館	6	0.002746	0.008238
校	8	0.003661	0.007889
て	17	0.007780	0.007883
「	17	0.007780	0.007780
」	17	0.007780	0.007780
寮	6	0.002746	0.007411
2	15	0.006865	0.007179
附属	6	0.002746	0.006928
科目	6	0.002746	0.006928
健康	6	0.002746	0.006928
高等	8	0.003661	0.006905
『	15	0.006865	0.006865
（	15	0.006865	0.006865
）	15	0.006865	0.006865
』	15	0.006865	0.006865
を	15	0.006865	0.006865
國學院大學栃木学園	5	0.002288	0.006864
学長	5	0.002288	0.006864
教諭	5	0.002288	0.006864
法人	7	0.003204	0.006555
組織	7	0.003204	0.006555
に	14	0.006407	0.006407
國	5	0.002288	0.006175
なっ	11	0.005034	0.006044
企業	6	0.002746	0.005917
ある	12	0.005492	0.005797
設置	7	0.003204	0.005754
年	12	0.005492	0.005717
3	12	0.005492	0.005691
で	12	0.005492	0.005516
活動	7	0.003204	0.005515
一般	7	0.003204	0.005515
も	11	0.005034	0.005495
5	11	0.005034	0.005216
E	11	0.005034	0.005101
免許	4	0.001831	0.004942
4	10	0.004577	0.004900
院	5	0.002288	0.004798
二	7	0.003204	0.004665
た	10	0.004577	0.004597
れ	9	0.004119	0.004368
および	6	0.002746	0.004352
について	6	0.002746	0.004307
平井	3	0.001373	0.004119
608	3	0.001373	0.004119
増設	3	0.001373	0.004119
斯花	3	0.001373	0.004119
受験	3	0.001373	0.004119
学	5	0.002288	0.004109
1966	4	0.001831	0.004068
案内	4	0.001831	0.004068
6	8	0.003661	0.004056
A	8	0.003661	0.003957
女子	4	0.001831	0.003946
状	4	0.001831	0.003839
8	8	0.003661	0.003829
一覧	5	0.002288	0.003793
祭	4	0.001831	0.003746
部	5	0.002288	0.003706
資格	3	0.001373	0.003706
キャンパス	3	0.001373	0.003706
進学	3	0.001373	0.003706
称し	3	0.001373	0.003706
杉	3	0.001373	0.003706
7	7	0.003204	0.003497
9	7	0.003204	0.003497
概説	3	0.001373	0.003464
研究	4	0.001831	0.003453
種	4	0.001831	0.003394
学園	3	0.001373	0.003292
文学	3	0.001373	0.003292
館	4	0.001831	0.003288
県	5	0.002288	0.003276
文化	4	0.001831	0.003240
クラブ	3	0.001373	0.003159
学ぶ	3	0.001373	0.003159
AD	4	0.001831	0.003072
本部	3	0.001373	0.003051
人	5	0.002288	0.002882
へ	5	0.002288	0.002847
中学校	3	0.001373	0.002809
市	4	0.001831	0.002788
Kokugakuin	2	0.000915	0.002745
Tochigi	2	0.000915	0.002745
学風	2	0.000915	0.002745
進路	2	0.000915	0.002745
書道	2	0.000915	0.002745
古文書	2	0.000915	0.002745
国文	2	0.000915	0.002745
幸弘	2	0.000915	0.002745
司書	2	0.000915	0.002745
弓道	2	0.000915	0.002745
コート	2	0.000915	0.002745
北海道短期大学	2	0.000915	0.002745
久我山	2	0.000915	0.002745
就く	2	0.000915	0.002745
信用金庫	2	0.000915	0.002745
埼玉大学	2	0.000915	0.002745
和洋女子大学	2	0.000915	0.002745
杏林大学	2	0.000915	0.002745
年鑑	2	0.000915	0.002745
蛍雪	2	0.000915	0.002745
旺文社	2	0.000915	0.002745
や	5	0.002288	0.002701
サイト	3	0.001373	0.002689
はじめ	3	0.001373	0.002689
小学校	3	0.001373	0.002689
専門	3	0.001373	0.002637
西	3	0.001373	0.002590
北	3	0.001373	0.002590
→	3	0.001373	0.002545
所在地	3	0.001373	0.002504
概観	2	0.000915	0.002470
特色	2	0.000915	0.002470
サークル	2	0.000915	0.002470
食堂	2	0.000915	0.002470
実績	2	0.000915	0.002470
共学	2	0.000915	0.002470
家政	2	0.000915	0.002470
テニス	2	0.000915	0.002470
幼児	2	0.000915	0.002470
皇	2	0.000915	0.002470
在学	2	0.000915	0.002470
町	3	0.001373	0.002466
機関	3	0.001373	0.002466
社会	3	0.001373	0.002430
系	3	0.001373	0.002396
公式	3	0.001373	0.002363
施設	3	0.001373	0.002363
関わり	2	0.000915	0.002308
少数	2	0.000915	0.002308
発掘	2	0.000915	0.002308
神道	2	0.000915	0.002308
所蔵	2	0.000915	0.002308
参考	3	0.001373	0.002304
多い	3	0.001373	0.002224
基礎	2	0.000915	0.002194
対外	2	0.000915	0.002194
行なわ	2	0.000915	0.002194
男子	2	0.000915	0.002194
中村	2	0.000915	0.002194
教員	2	0.000915	0.002194
中学	2	0.000915	0.002194
研究所	2	0.000915	0.002194
系列	2	0.000915	0.002105
およそ	2	0.000915	0.002105
福祉	2	0.000915	0.002105
項目	4	0.001831	0.002092
など	4	0.001831	0.002081
この	4	0.001831	0.002039
.^	3	0.001373	0.002034
C	3	0.001373	0.002034
データ	2	0.000915	0.002033
入学	2	0.000915	0.002033
取得	2	0.000915	0.001972
姉妹	2	0.000915	0.001972
なし	2	0.000915	0.001972
発行	2	0.000915	0.001972
　	3	0.001373	0.001966
さ	4	0.001831	0.001951
全体	2	0.000915	0.001919
10	3	0.001373	0.001876
アクセス	2	0.000915	0.001872
卒業	2	0.000915	0.001872
シリーズ	2	0.000915	0.001872
:	4	0.001831	0.001831
沿革	2	0.000915	0.001830
協会	2	0.000915	0.001830
編	3	0.001373	0.001823
諸	2	0.000915	0.001792
対象	2	0.000915	0.001792
記念	2	0.000915	0.001792
規模	2	0.000915	0.001758
英語	2	0.000915	0.001696
バス	2	0.000915	0.001696
別	2	0.000915	0.001619
交通	2	0.000915	0.001575
社	2	0.000915	0.001575
文献	2	0.000915	0.001555
関連	3	0.001373	0.001537
に関する	2	0.000915	0.001517
当時	2	0.000915	0.001517
する	3	0.001373	0.001470
脚注	2	0.000915	0.001466
行わ	2	0.000915	0.001466
本	2	0.000915	0.001466
B	3	0.001373	0.001463
数	2	0.000915	0.001450
2004	2	0.000915	0.001435
F	2	0.000915	0.001435
元	2	0.000915	0.001407
くいん	1	0.000458	0.001374
とち	1	0.000458	0.001374
ぎたんきだいがく	1	0.000458	0.001374
Junior	1	0.000458	0.001374
College	1	0.000458	0.001374
KT	1	0.000458	0.001374
漢	1	0.000458	0.001374
実習	1	0.000458	0.001374
永年	1	0.000458	0.001374
上履き	1	0.000458	0.001374
純白	1	0.000458	0.001374
ナース	1	0.000458	0.001374
サンダル	1	0.000458	0.001374
両毛線	1	0.000458	0.001374
教職	1	0.000458	0.001374
養護	1	0.000458	0.001374
空手	1	0.000458	0.001374
剣道	1	0.000458	0.001374
ソフトボール	1	0.000458	0.001374
バドミントン	1	0.000458	0.001374
バレーボール・ハンドボール・フットサル・	1	0.000458	0.001374
囲碁	1	0.000458	0.001374
箏曲	1	0.000458	0.001374
短歌	1	0.000458	0.001374
フォークソング	1	0.000458	0.001374
なさい	1	0.000458	0.001374
行忠	1	0.000458	0.001374
弘彦	1	0.000458	0.001374
千明	1	0.000458	0.001374
鍛代	1	0.000458	0.001374
敏雄	1	0.000458	0.001374
裏手	1	0.000458	0.001374
思索	1	0.000458	0.001374
グラウンド	1	0.000458	0.001374
至って	1	0.000458	0.001374
片柳	1	0.000458	0.001374
栃木銀行	1	0.000458	0.001374
レストランエンタプライズ・ジェイティービー	1	0.000458	0.001374
駸堂	1	0.000458	0.001374
三越	1	0.000458	0.001374
板屋	1	0.000458	0.001374
東照宮	1	0.000458	0.001374
富士食品	1	0.000458	0.001374
ライフフーズ	1	0.000458	0.001374
ダイワラクダ工業	1	0.000458	0.001374
宇都宮大学	1	0.000458	0.001374
群馬県立女子大学	1	0.000458	0.001374
国士舘大学	1	0.000458	0.001374
白百合女子大学	1	0.000458	0.001374
大東文化大学	1	0.000458	0.001374
二松学舎大学	1	0.000458	0.001374
武蔵野	1	0.000458	0.001374
目白大学	1	0.000458	0.001374
大阪教育大学	1	0.000458	0.001374
都留文科大学	1	0.000458	0.001374
盛岡大学	1	0.000458	0.001374
東北福祉大学	1	0.000458	0.001374
川村学園女子大学	1	0.000458	0.001374
聖徳大学	1	0.000458	0.001374
玉川大学	1	0.000458	0.001374
山形大学	1	0.000458	0.001374
駿河台大学	1	0.000458	0.001374
信州大学	1	0.000458	0.001374
創価大学	1	0.000458	0.001374
橘	1	0.000458	0.001374
宮城学院女子大学	1	0.000458	0.001374
跡見学園女子大学	1	0.000458	0.001374
共立女子大学	1	0.000458	0.001374
仙台大学	1	0.000458	0.001374
東京家政大学	1	0.000458	0.001374
徳島文理大学	1	0.000458	0.001374
文京	1	0.000458	0.001374
中央大学	1	0.000458	0.001374
日本福祉大学	1	0.000458	0.001374
総覧	1	0.000458	0.001374
私大	1	0.000458	0.001374
別冊	1	0.000458	0.001374
要覧	1	0.000458	0.001374
潤	1	0.000458	0.001374
教学	1	0.000458	0.001374
梧桐	1	0.000458	0.001374
書院	1	0.000458	0.001374
冊子	1	0.000458	0.001374
折口	1	0.000458	0.001374
應援	1	0.000458	0.001374
團	1	0.000458	0.001374
講究	1	0.000458	0.001374
し	3	0.001373	0.001373
名	2	0.000915	0.001368
11	2	0.000915	0.001279
歴	2	0.000915	0.001250
話	2	0.000915	0.001241
がく	1	0.000458	0.001236
遺跡	1	0.000458	0.001236
主として	1	0.000458	0.001236
はじめて	1	0.000458	0.001236
開	1	0.000458	0.001236
国語	1	0.000458	0.001236
民俗	1	0.000458	0.001236
史料	1	0.000458	0.001236
睦	1	0.000458	0.001236
卓球	1	0.000458	0.001236
ダンス	1	0.000458	0.001236
演劇	1	0.000458	0.001236
華道	1	0.000458	0.001236
文芸	1	0.000458	0.001236
落語	1	0.000458	0.001236
同窓会	1	0.000458	0.001236
かい	1	0.000458	0.001236
贈ら	1	0.000458	0.001236
佐々木	1	0.000458	0.001236
清之	1	0.000458	0.001236
岡野	1	0.000458	0.001236
本館	1	0.000458	0.001236
240	1	0.000458	0.001236
冊	1	0.000458	0.001236
多目的	1	0.000458	0.001236
ニ	1	0.000458	0.001236
講座	1	0.000458	0.001236
少なから	1	0.000458	0.001236
進	1	0.000458	0.001236
靖	1	0.000458	0.001236
資生堂	1	0.000458	0.001236
足利	1	0.000458	0.001236
小山	1	0.000458	0.001236
学院	1	0.000458	0.001236
女子大	1	0.000458	0.001236
文部省	1	0.000458	0.001236
課	1	0.000458	0.001236
専修	1	0.000458	0.001236
各種	1	0.000458	0.001236
廣	1	0.000458	0.001236
晶文社	1	0.000458	0.001236
臨時	1	0.000458	0.001236
頭文字	1	0.000458	0.001236
硬式	1	0.000458	0.001236
本庁	1	0.000458	0.001236
表	2	0.000915	0.001232
第	2	0.000915	0.001232
もの	2	0.000915	0.001215
種別	1	0.000458	0.001155
だい	1	0.000458	0.001155
置く	1	0.000458	0.001155
考古学	1	0.000458	0.001155
養成	1	0.000458	0.001155
県内	1	0.000458	0.001155
家庭	1	0.000458	0.001155
会館	1	0.000458	0.001155
体育	1	0.000458	0.001155
陸上	1	0.000458	0.001155
茶道	1	0.000458	0.001155
報	1	0.000458	0.001155
守	1	0.000458	0.001155
体育館	1	0.000458	0.001155
スズキ	1	0.000458	0.001155
職員	1	0.000458	0.001155
日光	1	0.000458	0.001155
関西	1	0.000458	0.001155
鎌倉	1	0.000458	0.001155
T	1	0.000458	0.001155
101	1	0.000458	0.001155
典	1	0.000458	0.001155
後	2	0.000915	0.001145
学部	1	0.000458	0.001098
ウェブサイト	1	0.000458	0.001098
こく	1	0.000458	0.001098
ビジネス	1	0.000458	0.001098
停留所	1	0.000458	0.001098
課程	1	0.000458	0.001098
バスケットボール	1	0.000458	0.001098
競技	1	0.000458	0.001098
人形	1	0.000458	0.001098
劇	1	0.000458	0.001098
卒業生	1	0.000458	0.001098
樋口	1	0.000458	0.001098
図書館	1	0.000458	0.001098
収容	1	0.000458	0.001098
定員	1	0.000458	0.001098
700	1	0.000458	0.001098
公開	1	0.000458	0.001098
監修	1	0.000458	0.001098
49	1	0.000458	0.001098
増刊	1	0.000458	0.001098
創立	1	0.000458	0.001054
授業	1	0.000458	0.001054
男女	1	0.000458	0.001054
募集	1	0.000458	0.001054
下車	1	0.000458	0.001054
はな	1	0.000458	0.001054
コース	1	0.000458	0.001054
古代	1	0.000458	0.001054
月	2	0.000915	0.001035
略称	1	0.000458	0.001018
美術	1	0.000458	0.001018
共通	1	0.000458	0.001018
いずれ	1	0.000458	0.001018
工業	1	0.000458	0.001018
編入	1	0.000458	0.001018
として	2	0.000915	0.000999
から	2	0.000915	0.000994
市内	1	0.000458	0.000987
周年	1	0.000458	0.000987
初代	1	0.000458	0.000987
職	1	0.000458	0.000987
博士	1	0.000458	0.000987
神社	1	0.000458	0.000987
-------------------------	1	0.000458	0.000987
体制	1	0.000458	0.000960
日本語	1	0.000458	0.000960
自由	1	0.000458	0.000960
改称	1	0.000458	0.000960
毎年	1	0.000458	0.000960
井上	1	0.000458	0.000960
野球	1	0.000458	0.000960
就任	1	0.000458	0.000937
四	1	0.000458	0.000937
写真	1	0.000458	0.000937
森	1	0.000458	0.000937
小	1	0.000458	0.000937
テンプレート	1	0.000458	0.000937
/	2	0.000915	0.000919
より	2	0.000915	0.000919
大きい	1	0.000458	0.000916
調査	1	0.000458	0.000916
1968	1	0.000458	0.000916
000	1	0.000458	0.000916
自動車	1	0.000458	0.000916
特徴	1	0.000458	0.000916
K	1	0.000458	0.000916
,	2	0.000915	0.000915
1986	1	0.000458	0.000897
99	1	0.000458	0.000897
JR	1	0.000458	0.000880
十	1	0.000458	0.000880
映画	1	0.000458	0.000880
京都	1	0.000458	0.000880
技術	1	0.000458	0.000880
1992	1	0.000458	0.000880
同年	1	0.000458	0.000864
道	1	0.000458	0.000864
&	1	0.000458	0.000864
ウィキプロジェクト	1	0.000458	0.000864
かつて	1	0.000458	0.000849
多数	1	0.000458	0.000849
センター	1	0.000458	0.000849
以下	1	0.000458	0.000849
年度	1	0.000458	0.000835
1990	1	0.000458	0.000835
現	1	0.000458	0.000835
以外	1	0.000458	0.000835
94	1	0.000458	0.000810
全	1	0.000458	0.000810
駅	1	0.000458	0.000799
東京	1	0.000458	0.000799
開始	1	0.000458	0.000788
1980	1	0.000458	0.000788
局	1	0.000458	0.000788
所	1	0.000458	0.000778
だっ	1	0.000458	0.000768
場	1	0.000458	0.000768
2000	1	0.000458	0.000759
隠す	1	0.000458	0.000759
]。	1	0.000458	0.000750
会	1	0.000458	0.000742
呼ば	1	0.000458	0.000734
き	1	0.000458	0.000726
13	1	0.000458	0.000718
14	1	0.000458	0.000718
2007	1	0.000458	0.000718
主	1	0.000458	0.000704
号	1	0.000458	0.000697
人物	1	0.000458	0.000691
等	1	0.000458	0.000679
前	1	0.000458	0.000673
大	1	0.000458	0.000673
使用	1	0.000458	0.000673
記事	1	0.000458	0.000673
おり	1	0.000458	0.000667
ず	1	0.000458	0.000656
0	1	0.000458	0.000631
現在	1	0.000458	0.000617
12	1	0.000458	0.000600
により	1	0.000458	0.000600
ます	1	0.000458	0.000596
83	1	0.000458	0.000577
また	1	0.000458	0.000550
れる	1	0.000458	0.000550
あり	1	0.000458	0.000535
目次	1	0.000458	0.000523
表示	1	0.000458	0.000523
非	1	0.000458	0.000515
い	1	0.000458	0.000500
/%	1	0.000458	0.000472
http	1	0.000458	0.000460
://	1	0.000458	0.000460
ja	1	0.000458	0.000460
wikipedia	1	0.000458	0.000460
org	1	0.000458	0.000460
wiki	1	0.000458	0.000460
作成	1	0.000458	0.000460
カテゴリ	1	0.000458	0.000460
出典	1	0.000458	0.000458
フリー	1	0.000458	0.000458
百科	1	0.000458	0.000458
事典	1	0.000458	0.000458
ウィキペディア	1	0.000458	0.000458
Wikipedia	1	0.000458	0.000458
移動	1	0.000458	0.000458
ナビゲーション	1	0.000458	0.000458
検索	1	0.000458	0.000458
