駅	83	0.032767	0.057169
天理	42	0.016581	0.049743
線	65	0.025661	0.043597
法隆寺	29	0.011449	0.034347
の	70	0.027635	0.027635
-	62	0.024477	0.026587
年	61	0.024082	0.025068
平端	20	0.007896	0.023688
。	57	0.022503	0.022503
（	54	0.021319	0.021319
）	54	0.021319	0.021319
：	34	0.013423	0.019543
、	47	0.018555	0.018555
列車	20	0.007896	0.017544
・	41	0.016186	0.016621
は	39	0.015397	0.015397
が	38	0.015002	0.015134
に	38	0.015002	0.015002
近鉄	14	0.005527	0.013944
急行	14	0.005527	0.013944
1	30	0.011844	0.012217
路線	16	0.006317	0.012134
直通	12	0.004737	0.011951
月	25	0.009870	0.011161
*	12	0.004737	0.010900
を	27	0.010659	0.010659
間	17	0.006711	0.010527
日	22	0.008685	0.010140
奈良	11	0.004343	0.009649
橿原線	8	0.003158	0.009474
と	22	0.008685	0.008723
で	22	0.008685	0.008723
.	22	0.008685	0.008685
大阪	11	0.004343	0.008506
京都	11	0.004343	0.008342
二階堂	7	0.002764	0.008292
近畿日本鉄道	7	0.002764	0.008292
難波	7	0.002764	0.008292
準急	7	0.002764	0.008292
軽便鉄道	7	0.002764	0.008292
普通	10	0.003948	0.008279
4	19	0.007501	0.008030
大和	7	0.002764	0.007460
3	18	0.007106	0.007363
昭和	11	0.004343	0.007287
区間	8	0.003158	0.007267
運転	8	0.003158	0.007267
軌	6	0.002369	0.007107
橿原	6	0.002369	0.007107
て	16	0.006317	0.006401
近畿	7	0.002764	0.006360
車両	7	0.002764	0.006360
[	15	0.005922	0.006000
]	15	0.005922	0.006000
廃止	8	0.003158	0.005956
mm	7	0.002764	0.005956
た	15	0.005922	0.005948
「	15	0.005922	0.005922
」	15	0.005922	0.005922
安堵	5	0.001974	0.005922
編者	5	0.001974	0.005922
特急	6	0.002369	0.005681
%	14	0.005527	0.005600
さ	13	0.005132	0.005468
カード	6	0.002369	0.005451
2	13	0.005132	0.005367
電化	5	0.001974	0.005328
買収	5	0.001974	0.005328
運行	6	0.002369	0.005264
各駅	5	0.001974	0.004980
も	11	0.004343	0.004740
鉄道	6	0.002369	0.004738
両	6	0.002369	0.004738
スルー	4	0.001579	0.004737
西大寺	4	0.001579	0.004737
ラリー	4	0.001579	0.004737
著者	5	0.001974	0.004734
日本	10	0.003948	0.004687
快速	5	0.001974	0.004542
5	11	0.004343	0.004500
平成	6	0.002369	0.004392
編成	5	0.001974	0.004386
軌間	4	0.001579	0.004262
天理教	4	0.001579	0.004262
臨時	4	0.001579	0.004262
取り扱い	4	0.001579	0.004262
●	4	0.001579	0.004262
発行	5	0.001974	0.004254
系	6	0.002369	0.004133
新	6	0.002369	0.004133
開始	6	0.002369	0.004078
編集	10	0.003948	0.004018
折り返し	4	0.001579	0.003984
休止	4	0.001579	0.003984
いる	9	0.003553	0.003878
出版	5	0.001974	0.003866
する	9	0.003553	0.003804
なっ	8	0.003158	0.003792
V	4	0.001579	0.003786
ソ	4	0.001579	0.003786
電気	4	0.001579	0.003633
表示	8	0.003158	0.003609
1500	3	0.001184	0.003552
田部	3	0.001184	0.003552
前栽	3	0.001184	0.003552
大和西大寺	3	0.001184	0.003552
762	3	0.001184	0.003552
標準軌	3	0.001184	0.003552
はん	3	0.001184	0.003552
使用	6	0.002369	0.003479
から	8	0.003158	0.003430
れ	8	0.003158	0.003349
れる	7	0.002764	0.003319
J	4	0.001579	0.003311
改称	4	0.001579	0.003311
0	6	0.002369	0.003262
10	6	0.002369	0.003237
開業	4	0.001579	0.003230
機	4	0.001579	0.003230
内	5	0.001974	0.003197
接続	3	0.001184	0.003196
複線	3	0.001184	0.003196
全線	3	0.001184	0.003196
毎時	3	0.001184	0.003196
地下鉄	3	0.001184	0.003196
まで	6	0.002369	0.003191
本	5	0.001974	0.003162
し	8	0.003158	0.003158
大正	4	0.001579	0.003033
7	7	0.002764	0.003017
9	7	0.002764	0.003017
額	3	0.001184	0.002987
軌道	3	0.001184	0.002987
関西	3	0.001184	0.002987
時	5	0.001974	0.002978
へ	6	0.002369	0.002947
大	5	0.001974	0.002899
ISBN	4	0.001579	0.002880
停車	3	0.001184	0.002839
名古屋	3	0.001184	0.002839
キロ	3	0.001184	0.002631
×	3	0.001184	0.002631
6	6	0.002369	0.002625
システム	3	0.001184	0.002551
ある	6	0.002369	0.002501
)	5	0.001974	0.002487
対応	3	0.001184	0.002483
存在	4	0.001579	0.002477
(	5	0.001974	0.002426
形態	3	0.001184	0.002422
市	4	0.001579	0.002405
1435	2	0.000790	0.002370
直流	2	0.000790	0.002370
関西本線	2	0.000790	0.002370
葉	2	0.000790	0.002370
ほろ	2	0.000790	0.002370
大和郡山	2	0.000790	0.002370
スルッ	2	0.000790	0.002370
KANSAI	2	0.000790	0.002370
PiTaPa	2	0.000790	0.002370
閉塞	2	0.000790	0.002370
祭礼	2	0.000790	0.002370
終夜	2	0.000790	0.002370
烏丸線	2	0.000790	0.002370
畝傍	2	0.000790	0.002370
桜井	2	0.000790	0.002370
改	2	0.000790	0.002370
稼働	2	0.000790	0.002370
幕	2	0.000790	0.002370
保育	2	0.000790	0.002370
同左	2	0.000790	0.002370
志摩線	2	0.000790	0.002370
ゆめ	2	0.000790	0.002370
狭軌	2	0.000790	0.002370
南大阪線	2	0.000790	0.002370
線区	2	0.000790	0.002370
営業	3	0.001184	0.002274
ただし	3	0.001184	0.002274
県	4	0.001579	0.002261
km	3	0.001184	0.002160
電圧	2	0.000790	0.002132
ICOCA	2	0.000790	0.002132
時刻	2	0.000790	0.002132
ダイヤ	2	0.000790	0.002132
1921	2	0.000790	0.002132
乗客	2	0.000790	0.002132
動力	2	0.000790	0.002132
急	2	0.000790	0.002132
祭事	2	0.000790	0.002132
駅名	2	0.000790	0.002132
消滅	2	0.000790	0.002132
停車駅	2	0.000790	0.002132
ブックス	2	0.000790	0.002132
私鉄	2	0.000790	0.002132
河	2	0.000790	0.002132
久	2	0.000790	0.002132
八王子	2	0.000790	0.002132
阪神	2	0.000790	0.002132
参照	3	0.001184	0.002126
|	5	0.001974	0.002084
E	5	0.001974	0.002000
走行	2	0.000790	0.001993
本町	2	0.000790	0.001993
1915	2	0.000790	0.001993
1922	2	0.000790	0.001993
関	2	0.000790	0.001993
上り	2	0.000790	0.001993
印	2	0.000790	0.001993
一覧	3	0.001184	0.001963
21	3	0.001184	0.001940
行わ	3	0.001184	0.001897
自動	2	0.000790	0.001894
行き	2	0.000790	0.001894
63	2	0.000790	0.001894
○	2	0.000790	0.001894
カラー	2	0.000790	0.001894
1964	2	0.000790	0.001818
連絡	2	0.000790	0.001818
本線	2	0.000790	0.001818
1988	2	0.000790	0.001818
内部	2	0.000790	0.001818
こと	4	0.001579	0.001814
号	3	0.001184	0.001803
データ	2	0.000790	0.001755
設定	2	0.000790	0.001755
案内	2	0.000790	0.001755
よる	2	0.000790	0.001755
20	3	0.001184	0.001724
として	4	0.001579	0.001724
1932	2	0.000790	0.001702
1928	2	0.000790	0.001702
1952	2	0.000790	0.001702
ホーム	2	0.000790	0.001702
方向	2	0.000790	0.001702
…	2	0.000790	0.001657
11	3	0.001184	0.001655
含む	2	0.000790	0.001580
1945	2	0.000790	0.001580
終了	2	0.000790	0.001580
12	3	0.001184	0.001551
ま	2	0.000790	0.001547
諸	2	0.000790	0.001547
通称	2	0.000790	0.001547
方面	2	0.000790	0.001517
その	3	0.001184	0.001464
旧	2	0.000790	0.001441
1998	2	0.000790	0.001441
また	3	0.001184	0.001422
27	2	0.000790	0.001419
万	2	0.000790	0.001398
その他	2	0.000790	0.001398
別	2	0.000790	0.001398
な	3	0.001184	0.001367
ほか	2	0.000790	0.001360
2009	2	0.000790	0.001360
社	2	0.000790	0.001360
文献	2	0.000790	0.001342
19	2	0.000790	0.001342
参考	2	0.000790	0.001325
式	2	0.000790	0.001325
際	2	0.000790	0.001325
関連	3	0.001184	0.001325
一部	2	0.000790	0.001294
2008	2	0.000790	0.001294
い	3	0.001184	0.001292
A	3	0.001184	0.001280
のみ	2	0.000790	0.001280
多い	2	0.000790	0.001280
2001	2	0.000790	0.001280
脚注	2	0.000790	0.001266
利用	2	0.000790	0.001266
数	2	0.000790	0.001252
30	2	0.000790	0.001252
歴史	2	0.000790	0.001239
について	2	0.000790	0.001239
13	2	0.000790	0.001239
8	3	0.001184	0.001238
ば	2	0.000790	0.001215
できる	2	0.000790	0.001215
化	2	0.000790	0.001215
上	2	0.000790	0.001203
/	3	0.001184	0.001189
富雄川	1	0.000395	0.001185
↑	1	0.000395	0.001185
↓	1	0.000395	0.001185
桜井線	1	0.000395	0.001185
てん	1	0.000395	0.001185
起	1	0.000395	0.001185
統括	1	0.000395	0.001185
上本	1	0.000395	0.001185
置き換え	1	0.000395	0.001185
18200	1	0.000395	0.001185
大晦日	1	0.000395	0.001185
検車	1	0.000395	0.001185
3200	1	0.000395	0.001185
3220	1	0.000395	0.001185
大半	1	0.000395	0.001185
早朝	1	0.000395	0.001185
回送	1	0.000395	0.001185
交付	1	0.000395	0.001185
寄る	1	0.000395	0.001185
余り	1	0.000395	0.001185
伸び	1	0.000395	0.001185
打ち切り	1	0.000395	0.001185
軌畝	1	0.000395	0.001185
傍線	1	0.000395	0.001185
走る	1	0.000395	0.001185
ガソリンカー	1	0.000395	0.001185
ATS	1	0.000395	0.001185
600	1	0.000395	0.001185
昇圧	1	0.000395	0.001185
KOSMOS	1	0.000395	0.001185
のりこし	1	0.000395	0.001185
精算	1	0.000395	0.001185
[*	1	0.000395	0.001185
反転	1	0.000395	0.001185
フラップ	1	0.000395	0.001185
新種	1	0.000395	0.001185
東生駒	1	0.000395	0.001185
郡山	1	0.000395	0.001185
生駒	1	0.000395	0.001185
学園前	1	0.000395	0.001185
菖蒲池	1	0.000395	0.001185
まるごと	1	0.000395	0.001185
ぶらり	1	0.000395	0.001185
徳田	1	0.000395	0.001185
耕一	1	0.000395	0.001185
4309224393	1	0.000395	0.001185
杉谷	1	0.000395	0.001185
規	1	0.000395	0.001185
458650904	1	0.000395	0.001185
山辺	1	0.000395	0.001185
4586509058	1	0.000395	0.001185
鉄道ピクトリアル	1	0.000395	0.001185
今尾	1	0.000395	0.001185
帳	1	0.000395	0.001185
790026	1	0.000395	0.001185
435	1	0.000395	0.001185
信貴線	1	0.000395	0.001185
湯の山線	1	0.000395	0.001185
鈴鹿線	1	0.000395	0.001185
山田線	1	0.000395	0.001185
鳥羽線	1	0.000395	0.001185
賢島	1	0.000395	0.001185
難波線	1	0.000395	0.001185
生駒線	1	0.000395	0.001185
田原本線	1	0.000395	0.001185
067	1	0.000395	0.001185
道明寺線	1	0.000395	0.001185
御所線	1	0.000395	0.001185
吉野線	1	0.000395	0.001185
八王子線	1	0.000395	0.001185
ケーブルカー	1	0.000395	0.001185
生駒鋼索線	1	0.000395	0.001185
西信貴鋼索線	1	0.000395	0.001185
ロープ	1	0.000395	0.001185
葛城	1	0.000395	0.001185
索道	1	0.000395	0.001185
支線	1	0.000395	0.001185
小房	1	0.000395	0.001185
伊勢線	1	0.000395	0.001185
信貴	1	0.000395	0.001185
鋼索	1	0.000395	0.001185
北勢線	1	0.000395	0.001185
養老線	1	0.000395	0.001185
伊賀線	1	0.000395	0.001185
長谷	1	0.000395	0.001185
山上	1	0.000395	0.001185
なんば	1	0.000395	0.001185
:	3	0.001184	0.001184
,	3	0.001184	0.001184
.^	2	0.000790	0.001170
によって	2	0.000790	0.001160
　	2	0.000790	0.001131
られ	2	0.000790	0.001088
話	2	0.000790	0.001072
延長	1	0.000395	0.001066
凡例	1	0.000395	0.001066
せん	1	0.000395	0.001066
管轄	1	0.000395	0.001066
元旦	1	0.000395	0.001066
概ね	1	0.000395	0.001066
間隔	1	0.000395	0.001066
ホームページ	1	0.000395	0.001066
同線	1	0.000395	0.001066
免許	1	0.000395	0.001066
帰り	1	0.000395	0.001066
望む	1	0.000395	0.001066
蒸気	1	0.000395	0.001066
ガソリン	1	0.000395	0.001066
架線	1	0.000395	0.001066
限界	1	0.000395	0.001066
拡大	1	0.000395	0.001066
乗降	1	0.000395	0.001066
改札	1	0.000395	0.001066
省略	1	0.000395	0.001066
差し替え	1	0.000395	0.001066
行先	1	0.000395	0.001066
更新	1	0.000395	0.001066
沿線	1	0.000395	0.001066
河出書房新社	1	0.000395	0.001066
誠	1	0.000395	0.001066
介	1	0.000395	0.001066
新潮社	1	0.000395	0.001066
ウェイ	1	0.000395	0.001066
移管	1	0.000395	0.001066
大浜	1	0.000395	0.001066
表	2	0.000790	0.001064
もの	2	0.000790	0.001049
という	2	0.000790	0.001042
行	1	0.000395	0.000997
り	1	0.000395	0.000997
終点	1	0.000395	0.000997
平日	1	0.000395	0.000997
昼間	1	0.000395	0.000997
合計	1	0.000395	0.000997
電車	1	0.000395	0.000997
単独	1	0.000395	0.000997
深夜	1	0.000395	0.000997
割合	1	0.000395	0.000997
補助	1	0.000395	0.000997
要請	1	0.000395	0.000997
認可	1	0.000395	0.000997
短縮	1	0.000395	0.000997
竣工	1	0.000395	0.000997
フェア	1	0.000395	0.000997
西日本旅客鉄道	1	0.000395	0.000997
PDF	1	0.000395	0.000997
03	1	0.000395	0.000997
特集	1	0.000395	0.000997
旅行	1	0.000395	0.000997
地図	1	0.000395	0.000997
譲渡	1	0.000395	0.000997
後	2	0.000790	0.000989
ため	2	0.000790	0.000971
結ぶ	1	0.000395	0.000947
休日	1	0.000395	0.000947
#	1	0.000395	0.000947
系統	1	0.000395	0.000947
往復	1	0.000395	0.000947
増加	1	0.000395	0.000947
結ん	1	0.000395	0.000947
条件	1	0.000395	0.000947
開通	1	0.000395	0.000947
併用	1	0.000395	0.000947
小型	1	0.000395	0.000947
導入	1	0.000395	0.000947
所在	1	0.000395	0.000947
ヘルプ	1	0.000395	0.000947
旅	1	0.000395	0.000947
増刊	1	0.000395	0.000947
運営	1	0.000395	0.000947
相互	1	0.000395	0.000947
あり	2	0.000790	0.000922
距離	1	0.000395	0.000909
輸送	1	0.000395	0.000909
土	1	0.000395	0.000909
最近	1	0.000395	0.000909
市営	1	0.000395	0.000909
発着	1	0.000395	0.000909
始まり	1	0.000395	0.000909
向かう	1	0.000395	0.000909
1944	1	0.000395	0.000909
工事	1	0.000395	0.000909
分離	1	0.000395	0.000909
確認	1	0.000395	0.000909
1948	1	0.000395	0.000909
見る	1	0.000395	0.000909
入っ	1	0.000395	0.000909
広	1	0.000395	0.000909
978	1	0.000395	0.000909
けい	1	0.000395	0.000909
項目	2	0.000790	0.000903
など	2	0.000790	0.000898
非	2	0.000790	0.000889
帯	1	0.000395	0.000878
定期	1	0.000395	0.000878
同じく	1	0.000395	0.000878
唯一	1	0.000395	0.000878
国鉄	1	0.000395	0.000878
自ら	1	0.000395	0.000878
同時に	1	0.000395	0.000878
まま	1	0.000395	0.000878
1916	1	0.000395	0.000878
に関して	1	0.000395	0.000878
改正	1	0.000395	0.000878
途中	1	0.000395	0.000878
もっ	1	0.000395	0.000878
恵	1	0.000395	0.000878
方式	1	0.000395	0.000851
1972	1	0.000395	0.000851
自体	1	0.000395	0.000851
1920	1	0.000395	0.000851
翌	1	0.000395	0.000851
1927	1	0.000395	0.000851
1929	1	0.000395	0.000851
43	1	0.000395	0.000851
1969	1	0.000395	0.000851
48	1	0.000395	0.000851
過去	1	0.000395	0.000851
X	1	0.000395	0.000851
特殊	1	0.000395	0.000851
専用	1	0.000395	0.000828
紹介	1	0.000395	0.000828
区	1	0.000395	0.000828
近く	1	0.000395	0.000828
受ける	1	0.000395	0.000828
44	1	0.000395	0.000828
建築	1	0.000395	0.000828
すべて	1	0.000395	0.000828
車	1	0.000395	0.000828
付近	1	0.000395	0.000808
団体	1	0.000395	0.000808
にかけて	1	0.000395	0.000808
詳細	1	0.000395	0.000808
多かっ	1	0.000395	0.000808
最後	1	0.000395	0.000808
のち	1	0.000395	0.000808
1941	1	0.000395	0.000808
しか	1	0.000395	0.000808
長野	1	0.000395	0.000808
1968	1	0.000395	0.000790
伴い	1	0.000395	0.000790
K	1	0.000395	0.000790
上記	1	0.000395	0.000790
91	1	0.000395	0.000790
84	1	0.000395	0.000790
総	1	0.000395	0.000774
政府	1	0.000395	0.000774
1973	1	0.000395	0.000774
管理	1	0.000395	0.000774
東	1	0.000395	0.000774
BF	1	0.000395	0.000774
金	1	0.000395	0.000759
1992	1	0.000395	0.000759
中央	1	0.000395	0.000759
1970	1	0.000395	0.000745
一方	1	0.000395	0.000745
とも	1	0.000395	0.000745
各	1	0.000395	0.000745
研究	1	0.000395	0.000745
86	1	0.000395	0.000745
そして	1	0.000395	0.000732
種	1	0.000395	0.000732
'	1	0.000395	0.000732
特に	1	0.000395	0.000720
頃	1	0.000395	0.000720
ご	1	0.000395	0.000720
所在地	1	0.000395	0.000720
とき	1	0.000395	0.000720
町	1	0.000395	0.000709
ここ	1	0.000395	0.000709
登場	1	0.000395	0.000709
部分	1	0.000395	0.000709
全	1	0.000395	0.000699
地方	1	0.000395	0.000699
以降	1	0.000395	0.000689
史	1	0.000395	0.000689
施設	1	0.000395	0.000680
局	1	0.000395	0.000680
公式	1	0.000395	0.000680
2006	1	0.000395	0.000680
交通	1	0.000395	0.000680
2005	1	0.000395	0.000671
場	1	0.000395	0.000663
隠す	1	0.000395	0.000655
2000	1	0.000395	0.000655
89	1	0.000395	0.000655
分	1	0.000395	0.000647
]。	1	0.000395	0.000647
90	1	0.000395	0.000647
部	1	0.000395	0.000640
会	1	0.000395	0.000640
および	1	0.000395	0.000626
時間	1	0.000395	0.000626
見	1	0.000395	0.000626
14	1	0.000395	0.000620
2007	1	0.000395	0.000620
場合	1	0.000395	0.000613
なお	1	0.000395	0.000607
16	1	0.000395	0.000607
せ	1	0.000395	0.000590
15	1	0.000395	0.000590
られる	1	0.000395	0.000575
おり	1	0.000395	0.000575
ず	1	0.000395	0.000566
これ	1	0.000395	0.000557
よう	1	0.000395	0.000544
中	1	0.000395	0.000540
歴	1	0.000395	0.000540
現在	1	0.000395	0.000532
編	1	0.000395	0.000525
により	1	0.000395	0.000517
ない	1	0.000395	0.000472
者	1	0.000395	0.000469
目次	1	0.000395	0.000451
この	1	0.000395	0.000440
B	1	0.000395	0.000421
/%	1	0.000395	0.000407
http	1	0.000395	0.000397
://	1	0.000395	0.000397
ja	1	0.000395	0.000397
wikipedia	1	0.000395	0.000397
org	1	0.000395	0.000397
wiki	1	0.000395	0.000397
より	1	0.000395	0.000397
作成	1	0.000395	0.000397
カテゴリ	1	0.000395	0.000397
出典	1	0.000395	0.000395
フリー	1	0.000395	0.000395
百科	1	0.000395	0.000395
事典	1	0.000395	0.000395
『	1	0.000395	0.000395
ウィキペディア	1	0.000395	0.000395
Wikipedia	1	0.000395	0.000395
』	1	0.000395	0.000395
移動	1	0.000395	0.000395
ナビゲーション	1	0.000395	0.000395
検索	1	0.000395	0.000395
