の	44	0.029952	0.029952
、	43	0.029272	0.029272
た	37	0.025187	0.025297
エンジン	13	0.008850	0.022327
を	32	0.021784	0.021784
。	30	0.020422	0.020422
軽自動車	10	0.006807	0.020421
アルト	10	0.006807	0.020421
ワゴン	10	0.006807	0.020421
に	28	0.019061	0.019061
スズキ	11	0.007488	0.018891
は	27	0.018380	0.018380
%	26	0.017699	0.017933
3	24	0.016338	0.016930
し	24	0.016338	0.016338
カプチーノ	8	0.005446	0.016338
で	23	0.015657	0.015725
搭載	8	0.005446	0.014699
さ	20	0.013615	0.014507
自動車	10	0.006807	0.013614
車種	8	0.005446	0.013059
が	16	0.010892	0.010988
と	16	0.010892	0.010940
れ	15	0.010211	0.010829
DOHC	5	0.003404	0.010212
英国	5	0.003404	0.010212
エブリイ	5	0.003404	0.010212
ワークス	5	0.003404	0.009187
て	13	0.008850	0.008967
4	12	0.008169	0.008746
R	6	0.004084	0.008564
2	12	0.008169	0.008543
も	11	0.007488	0.008173
速	4	0.002723	0.008169
軽量	4	0.002723	0.008169
カルタス	4	0.002723	0.008169
ジムニー	4	0.002723	0.008169
・	11	0.007488	0.007689
スポーツ	5	0.003404	0.007563
6	10	0.006807	0.007542
/	11	0.007488	0.007521
ps	4	0.002723	0.007349
アルミ	4	0.002723	0.007349
や	9	0.006127	0.007233
[	10	0.006807	0.006897
E	10	0.006807	0.006897
(	8	0.005446	0.006694
化	6	0.004084	0.006280
]	9	0.006127	0.006208
FR	3	0.002042	0.006126
オーナーズクラブ	3	0.002042	0.006126
クレセント	3	0.002042	0.006126
セダン	3	0.002042	0.006126
エスクード	3	0.002042	0.006126
キャリイ	3	0.002042	0.006126
生産	4	0.002723	0.006050
7	8	0.005446	0.005944
mm	4	0.002723	0.005868
販売	4	0.002723	0.005710
採用	4	0.002723	0.005710
車	4	0.002723	0.005710
5	8	0.005446	0.005643
0	6	0.004084	0.005623
気筒	3	0.002042	0.005511
rpm	3	0.002042	0.005511
ホイール	3	0.002042	0.005511
オール	3	0.002042	0.005511
,	8	0.005446	0.005446
「	8	0.005446	0.005446
」	8	0.005446	0.005446
発売	4	0.002723	0.005333
用	4	0.002723	0.005230
価格	3	0.002042	0.005152
)	6	0.004084	0.005144
せる	4	0.002723	0.005048
年	7	0.004765	0.004960
1	7	0.004765	0.004915
海外	3	0.002042	0.004897
編集	7	0.004765	0.004849
型	4	0.002723	0.004751
モデル	3	0.002042	0.004537
年代	4	0.002723	0.004514
いる	6	0.004084	0.004458
-	6	0.004084	0.004436
L	3	0.002042	0.004400
83	5	0.003404	0.004288
8	6	0.004084	0.004271
プロジェクト	3	0.002042	0.004177
S	3	0.002042	0.004084
MT	2	0.001361	0.004083
AT	2	0.001361	0.004083
サスペンション	2	0.001361	0.004083
ダブルウィッシュボーン	2	0.001361	0.004083
チューニングモデル	2	0.001361	0.004083
ルーフ	2	0.001361	0.004083
フロントミッドシップ	2	0.001361	0.004083
セルボモード	2	0.001361	0.004083
インタークーラーターボエンジン	2	0.001361	0.004083
SCORE	2	0.001361	0.004083
キット	2	0.001361	0.004083
アルトラパン	2	0.001361	0.004083
スイフト	2	0.001361	0.004083
シボレー	2	0.001361	0.004083
SX	2	0.001361	0.004083
MR	2	0.001361	0.004083
変更	3	0.002042	0.003999
い	5	0.003404	0.003716
9	5	0.003404	0.003716
A	5	0.003404	0.003679
kgm	2	0.001361	0.003673
フロント	2	0.001361	0.003673
チェンジ	2	0.001361	0.003673
)/	2	0.001361	0.003673
ワイド	2	0.001361	0.003673
82	4	0.002723	0.003519
重量	2	0.001361	0.003434
ABC	2	0.001361	0.003434
51	2	0.001361	0.003434
縦	2	0.001361	0.003434
置き	2	0.001361	0.003434
装備	2	0.001361	0.003434
マイナー	2	0.001361	0.003434
バルブ	2	0.001361	0.003434
輸出	2	0.001361	0.003434
だっ	3	0.002042	0.003426
:	5	0.003404	0.003404
（	5	0.003404	0.003404
）	5	0.003404	0.003404
.	5	0.003404	0.003404
れる	4	0.002723	0.003269
なっ	4	0.002723	0.003269
オープン	2	0.001361	0.003264
輪	2	0.001361	0.003264
F	3	0.002042	0.003203
64	2	0.001361	0.003132
選択	2	0.001361	0.003132
など	4	0.002723	0.003095
関連	4	0.002723	0.003048
性能	2	0.001361	0.003024
品	2	0.001361	0.003024
として	4	0.002723	0.002972
1991	2	0.001361	0.002933
タイプ	2	0.001361	0.002933
kg	2	0.001361	0.002854
設計	2	0.001361	0.002854
ドイツ	2	0.001361	0.002854
10	3	0.002042	0.002790
期間	2	0.001361	0.002784
K	2	0.001361	0.002722
開発	2	0.001361	0.002722
製	2	0.001361	0.002722
500	2	0.001361	0.002666
初期	2	0.001361	0.002567
発生	2	0.001361	0.002567
台	2	0.001361	0.002567
番組	2	0.001361	0.002523
1998	2	0.001361	0.002482
100	2	0.001361	0.002482
1990	2	0.001361	0.002482
また	3	0.002042	0.002452
項目	3	0.002042	0.002333
概要	2	0.001361	0.002230
する	3	0.002042	0.002186
数	2	0.001361	0.002157
存在	2	0.001361	0.002135
できる	2	0.001361	0.002093
より	3	0.002042	0.002051
ボディ	1	0.000681	0.002043
657	1	0.000681	0.002043
変速	1	0.000681	0.002043
駆動	1	0.000681	0.002043
295	1	0.000681	0.002043
395	1	0.000681	0.002043
全高	1	0.000681	0.002043
185	1	0.000681	0.002043
060	1	0.000681	0.002043
Cappuccino	1	0.000681	0.002043
カプチ	1	0.000681	0.002043
御三家	1	0.000681	0.002043
フロントエンジン・リアドライブ	1	0.000681	0.002043
追求	1	0.000681	0.002043
フラッグシップモデル	1	0.000681	0.002043
日産	1	0.000681	0.002043
Z	1	0.000681	0.002043
ロングノーズ・ショートデッキ	1	0.000681	0.002043
スポーツカー	1	0.000681	0.002043
ピ	1	0.000681	0.002043
取り外せ	1	0.000681	0.002043
トランク	1	0.000681	0.002043
収納	1	0.000681	0.002043
タルガトップ	1	0.000681	0.002043
シーター	1	0.000681	0.002043
フロントアクスル	1	0.000681	0.002043
後部	1	0.000681	0.002043
重心	1	0.000681	0.002043
リア	1	0.000681	0.002043
左右	1	0.000681	0.002043
活かし	1	0.000681	0.002043
車体	1	0.000681	0.002043
剛性	1	0.000681	0.002043
プロペラ	1	0.000681	0.002043
シャフト	1	0.000681	0.002043
断面	1	0.000681	0.002043
シル	1	0.000681	0.002043
狭い	1	0.000681	0.002043
ボディー	1	0.000681	0.002043
純正	1	0.000681	0.002043
装着	1	0.000681	0.002043
用意	1	0.000681	0.002043
ブレーキ	1	0.000681	0.002043
ディスク	1	0.000681	0.002043
ベンチレーテッドタイプ	1	0.000681	0.002043
ABS	1	0.000681	0.002043
トルセン	1	0.000681	0.002043
LSD	1	0.000681	0.002043
ビット	1	0.000681	0.002043
制御	1	0.000681	0.002043
遂げ	1	0.000681	0.002043
スペシャルティカー	1	0.000681	0.002043
長寿	1	0.000681	0.002043
145	1	0.000681	0.002043
158	1	0.000681	0.002043
ウィンカー	1	0.000681	0.002043
リアフォグ	1	0.000681	0.002043
リミッター	1	0.000681	0.002043
バーニー・エクレストン	1	0.000681	0.002043
ラルフ・シューマッハ	1	0.000681	0.002043
ロングノーズ	1	0.000681	0.002043
チューニングメーカー	1	0.000681	0.002043
コンプリートカー	1	0.000681	0.002043
インチ	1	0.000681	0.002043
履か	1	0.000681	0.002043
真っ直ぐ	1	0.000681	0.002043
走ら	1	0.000681	0.002043
難し	1	0.000681	0.002043
一言	1	0.000681	0.002043
コスワース	1	0.000681	0.002043
マツダ	1	0.000681	0.002043
RX	1	0.000681	0.002043
ロータリー	1	0.000681	0.002043
プライベーター・ショップデモカー	1	0.000681	0.002043
チューナー	1	0.000681	0.002043
プラグ	1	0.000681	0.002043
パワーアップ	1	0.000681	0.002043
CappuccinoWiki	1	0.000681	0.002043
Wiki	1	0.000681	0.002043
乗用車	1	0.000681	0.002043
モータースポーツ	1	0.000681	0.002043
スタブ	1	0.000681	0.002043
]<-	1	0.000681	0.002043
ハッチ	1	0.000681	0.002043
セルボ	1	0.000681	0.002043
HT	1	0.000681	0.002043
GA	1	0.000681	0.002043
ZC	1	0.000681	0.002043
ZD	1	0.000681	0.002043
エリオ	1	0.000681	0.002043
カルタス・エスティーム	1	0.000681	0.002043
エリオセダン	1	0.000681	0.002043
キザシ	1	0.000681	0.002043
パレット	1	0.000681	0.002043
+(	1	0.000681	0.002043
リオ	1	0.000681	0.002043
MW	1	0.000681	0.002043
スプラッシュ	1	0.000681	0.002043
ミニバン	1	0.000681	0.002043
エブリイランディ	1	0.000681	0.002043
+)	1	0.000681	0.002043
ランディ	1	0.000681	0.002043
カルタス・コンバーティブル	1	0.000681	0.002043
クロスオーバー	1	0.000681	0.002043
Kei	1	0.000681	0.002043
SUV	1	0.000681	0.002043
1300	1	0.000681	0.002043
シ	1	0.000681	0.002043
エラ	1	0.000681	0.002043
ジムニーシエラ	1	0.000681	0.002043
グランドエスクード	1	0.000681	0.002043
商用	1	0.000681	0.002043
名	2	0.001361	0.002034
11	2	0.001361	0.001903
ドア	1	0.000681	0.001838
直列	1	0.000681	0.001838
愛称	1	0.000681	0.001838
東京モーターショー	1	0.000681	0.001838
修	1	0.000681	0.001838
会長	1	0.000681	0.001838
PM	1	0.000681	0.001838
レディ	1	0.000681	0.001838
ス	1	0.000681	0.001838
フル	1	0.000681	0.001838
通す	1	0.000681	0.001838
サイド	1	0.000681	0.001838
容積	1	0.000681	0.001838
世界一	1	0.000681	0.001838
各所	1	0.000681	0.001838
コンピュータ	1	0.000681	0.001838
トルク	1	0.000681	0.001838
前期	1	0.000681	0.001838
バブル	1	0.000681	0.001838
値	1	0.000681	0.001838
末期	1	0.000681	0.001838
高価	1	0.000681	0.001838
立ち上がっ	1	0.000681	0.001838
香港	1	0.000681	0.001838
右側	1	0.000681	0.001838
適し	1	0.000681	0.001838
140	1	0.000681	0.001838
有名人	1	0.000681	0.001838
ルーム	1	0.000681	0.001838
フェンダー	1	0.000681	0.001838
タイヤ	1	0.000681	0.001838
試作	1	0.000681	0.001838
過ぎる	1	0.000681	0.001838
とどまっ	1	0.000681	0.001838
280	1	0.000681	0.001838
タービン	1	0.000681	0.001838
ツイン	1	0.000681	0.001838
キャラ	1	0.000681	0.001838
オープンカー	1	0.000681	0.001838
表	2	0.001361	0.001833
もの	2	0.001361	0.001807
という	2	0.001361	0.001795
外部	2	0.001361	0.001783
により	2	0.001361	0.001783
リンク	2	0.001361	0.001748
cc	1	0.000681	0.001718
全幅	1	0.000681	0.001718
スペック	1	0.000681	0.001718
トリオ	1	0.000681	0.001718
にあたり	1	0.000681	0.001718
出品	1	0.000681	0.001718
表明	1	0.000681	0.001718
フェア	1	0.000681	0.001718
スタイル	1	0.000681	0.001718
T	1	0.000681	0.001718
配分	1	0.000681	0.001718
積	1	0.000681	0.001718
空間	1	0.000681	0.001718
アルミニウム	1	0.000681	0.001718
低迷	1	0.000681	0.001718
再編	1	0.000681	0.001718
自主	1	0.000681	0.001718
走行	1	0.000681	0.001718
席	1	0.000681	0.001718
配置	1	0.000681	0.001718
拡張	1	0.000681	0.001718
深夜	1	0.000681	0.001718
供	1	0.000681	0.001718
セット	1	0.000681	0.001718
ブランド	1	0.000681	0.001718
クルーズ	1	0.000681	0.001718
後	2	0.001361	0.001704
あっ	2	0.001361	0.001673
定員	1	0.000681	0.001633
ベース	1	0.000681	0.001633
700	1	0.000681	0.001633
現実	1	0.000681	0.001633
考慮	1	0.000681	0.001633
鈴木	1	0.000681	0.001633
社長	1	0.000681	0.001633
トップ	1	0.000681	0.001633
目指し	1	0.000681	0.001633
49	1	0.000681	0.001633
確保	1	0.000681	0.001633
車内	1	0.000681	0.001633
オプション	1	0.000681	0.001633
伴う	1	0.000681	0.001633
スーパー	1	0.000681	0.001633
所有	1	0.000681	0.001633
画像	1	0.000681	0.001633
)(	1	0.000681	0.001633
ソ	1	0.000681	0.001633
車両	1	0.000681	0.001567
長い	1	0.000681	0.001567
枠	1	0.000681	0.001567
トンネル	1	0.000681	0.001567
表現	1	0.000681	0.001567
最	1	0.000681	0.001567
出来る	1	0.000681	0.001567
崩壊	1	0.000681	0.001567
市場	1	0.000681	0.001567
整理	1	0.000681	0.001567
運転	1	0.000681	0.001567
h	1	0.000681	0.001567
メーカー	1	0.000681	0.001567
年表	1	0.000681	0.001567
表示	2	0.001361	0.001555
この	2	0.001361	0.001515
乗車	1	0.000681	0.001513
略称	1	0.000681	0.001513
実現	1	0.000681	0.001513
居住	1	0.000681	0.001513
設定	1	0.000681	0.001513
命	1	0.000681	0.001513
規制	1	0.000681	0.001513
同じく	1	0.000681	0.001513
そのまま	1	0.000681	0.001513
評価	1	0.000681	0.001513
種類	1	0.000681	0.001513
バック	1	0.000681	0.001513
から	2	0.001361	0.001478
方式	1	0.000681	0.001467
一番	1	0.000681	0.001467
スペース	1	0.000681	0.001467
規格	1	0.000681	0.001467
最も	1	0.000681	0.001467
運動	1	0.000681	0.001467
向上	1	0.000681	0.001467
持ち	1	0.000681	0.001467
円	1	0.000681	0.001467
比較	1	0.000681	0.001467
道路	1	0.000681	0.001467
企画	1	0.000681	0.001467
自体	1	0.000681	0.001467
商品	1	0.000681	0.001467
X	1	0.000681	0.001467
ある	2	0.001361	0.001437
|	2	0.001361	0.001437
全長	1	0.000681	0.001428
出演	1	0.000681	0.001428
大きな	1	0.000681	0.001428
in	1	0.000681	0.001428
最大	1	0.000681	0.001428
法律	1	0.000681	0.001428
以前	1	0.000681	0.001428
44	1	0.000681	0.001428
機	1	0.000681	0.001393
1989	1	0.000681	0.001393
生	1	0.000681	0.001393
−	1	0.000681	0.001393
形態	1	0.000681	0.001393
実際	1	0.000681	0.001393
つけ	1	0.000681	0.001393
カテゴリ	2	0.001361	0.001367
000	1	0.000681	0.001362
テレビ	1	0.000681	0.001362
雑誌	1	0.000681	0.001362
伴い	1	0.000681	0.001362
終了	1	0.000681	0.001362
時期	1	0.000681	0.001362
広く	1	0.000681	0.001362
点	1	0.000681	0.001362
『	2	0.001361	0.001361
』	2	0.001361	0.001361
年間	1	0.000681	0.001334
当初	1	0.000681	0.001334
対象	1	0.000681	0.001334
同様	1	0.000681	0.001334
ポータル	1	0.000681	0.001334
97	1	0.000681	0.001334
生まれ	1	0.000681	0.001308
とともに	1	0.000681	0.001308
ものの	1	0.000681	0.001308
目	1	0.000681	0.001308
専門	1	0.000681	0.001308
持つ	1	0.000681	0.001284
1995	1	0.000681	0.001284
目的	1	0.000681	0.001284
平成	1	0.000681	0.001262
構成	1	0.000681	0.001262
位置	1	0.000681	0.001262
センター	1	0.000681	0.001262
向け	1	0.000681	0.001262
ウィキメディア・コモンズ	1	0.000681	0.001262
バス	1	0.000681	0.001262
つ	1	0.000681	0.001242
km	1	0.000681	0.001242
事	1	0.000681	0.001242
2010	1	0.000681	0.001242
初	1	0.000681	0.001205
万	1	0.000681	0.001205
以降	1	0.000681	0.001188
1980	1	0.000681	0.001172
AA	1	0.000681	0.001172
可能	1	0.000681	0.001157
BA	1	0.000681	0.001157
AB	1	0.000681	0.001157
参考	1	0.000681	0.001143
式	1	0.000681	0.001143
AD	1	0.000681	0.001143
当時	1	0.000681	0.001129
〜	1	0.000681	0.001129
一覧	1	0.000681	0.001129
隠す	1	0.000681	0.001129
2000	1	0.000681	0.001129
81	1	0.000681	0.001129
同	1	0.000681	0.001116
他	1	0.000681	0.001116
情報	1	0.000681	0.001116
90	1	0.000681	0.001116
BC	1	0.000681	0.001116
のみ	1	0.000681	0.001103
呼ば	1	0.000681	0.001091
利用	1	0.000681	0.001091
行わ	1	0.000681	0.001091
三	1	0.000681	0.001079
見	1	0.000681	0.001079
BB	1	0.000681	0.001079
について	1	0.000681	0.001068
14	1	0.000681	0.001068
歴史	1	0.000681	0.001068
受け	1	0.000681	0.001057
ば	1	0.000681	0.001047
16	1	0.000681	0.001047
性	1	0.000681	0.001037
上	1	0.000681	0.001037
時	1	0.000681	0.001027
15	1	0.000681	0.001018
せ	1	0.000681	0.001018
C	1	0.000681	0.001009
等	1	0.000681	0.001009
前	1	0.000681	0.001000
使用	1	0.000681	0.001000
によって	1	0.000681	0.001000
られる	1	0.000681	0.000991
：	1	0.000681	0.000991
おり	1	0.000681	0.000991
だ	1	0.000681	0.000983
　	1	0.000681	0.000975
なり	1	0.000681	0.000967
よう	1	0.000681	0.000938
中	1	0.000681	0.000931
による	1	0.000681	0.000931
歴	1	0.000681	0.000931
話	1	0.000681	0.000924
なる	1	0.000681	0.000904
編	1	0.000681	0.000904
ます	1	0.000681	0.000886
へ	1	0.000681	0.000847
ため	1	0.000681	0.000837
ない	1	0.000681	0.000813
日本	1	0.000681	0.000808
あり	1	0.000681	0.000795
な	1	0.000681	0.000786
こと	1	0.000681	0.000782
目次	1	0.000681	0.000778
月	1	0.000681	0.000770
非	1	0.000681	0.000766
B	1	0.000681	0.000726
/%	1	0.000681	0.000702
http	1	0.000681	0.000684
://	1	0.000681	0.000684
ja	1	0.000681	0.000684
wikipedia	1	0.000681	0.000684
org	1	0.000681	0.000684
wiki	1	0.000681	0.000684
作成	1	0.000681	0.000684
出典	1	0.000681	0.000681
フリー	1	0.000681	0.000681
百科	1	0.000681	0.000681
事典	1	0.000681	0.000681
ウィキペディア	1	0.000681	0.000681
Wikipedia	1	0.000681	0.000681
移動	1	0.000681	0.000681
ナビゲーション	1	0.000681	0.000681
検索	1	0.000681	0.000681
