、	87	0.033526	0.033526
の	79	0.030443	0.030443
五十嵐	25	0.009634	0.028902
』	74	0.028516	0.028516
『	72	0.027746	0.027746
漫画	30	0.011561	0.025687
年	56	0.021580	0.022464
を	58	0.022351	0.022351
作品	33	0.012717	0.020834
。	54	0.020809	0.020809
に	54	0.020809	0.020809
（	50	0.019268	0.019268
）	49	0.018882	0.018882
月刊	19	0.007322	0.017558
て	44	0.016956	0.017180
た	42	0.016185	0.016256
賞	17	0.006551	0.013737
で	33	0.012717	0.012773
は	33	0.012717	0.012717
大介	11	0.004239	0.012717
アフタヌーン	11	0.004239	0.012717
が	29	0.011175	0.011273
号	19	0.007322	0.011151
優秀	9	0.003468	0.010404
IKKI	9	0.003468	0.010404
と	26	0.010019	0.010063
魔女	9	0.003468	0.009360
いる	22	0.008478	0.009254
海獣	8	0.003083	0.009249
描い	8	0.003083	0.009249
[	23	0.008863	0.008980
頁	10	0.003854	0.008868
し	23	0.008863	0.008863
月	20	0.007707	0.008715
2	21	0.008092	0.008462
文化庁	8	0.003083	0.008321
講談社	9	0.003468	0.008316
マンガ	7	0.002697	0.008091
メディア	8	0.003083	0.007778
.^	13	0.005010	0.007422
芸術	8	0.003083	0.007393
黒田	7	0.002697	0.007279
2005	11	0.004239	0.007202
家	12	0.004624	0.006976
連載	8	0.003083	0.006850
巻	8	0.003083	0.006644
回	9	0.003468	0.006541
第	12	0.004624	0.006228
子供	8	0.003083	0.006166
受賞	7	0.002697	0.005812
はなし	5	0.001927	0.005781
っぱなし	5	0.001927	0.005781
リトル・フォレスト	5	0.001927	0.005781
島田	5	0.001927	0.005781
一志	5	0.001927	0.005781
vol	5	0.001927	0.005781
・	14	0.005395	0.005540
祭	7	0.002697	0.005517
%	14	0.005395	0.005466
2007	9	0.003468	0.005440
]。	8	0.003083	0.005051
「	13	0.005010	0.005010
」	13	0.005010	0.005010
収録	6	0.002312	0.004982
れ	12	0.004624	0.004904
インタビュー	5	0.001927	0.004862
2004	8	0.003083	0.004836
3	12	0.004624	0.004791
.	12	0.004624	0.004624
少女	4	0.001541	0.004623
そら	4	0.001541	0.004623
タマシイ	4	0.001541	0.004623
ボールペン	4	0.001541	0.004623
4	11	0.004239	0.004538
な	10	0.003854	0.004451
編集	11	0.004239	0.004314
]	11	0.004239	0.004295
部門	5	0.001927	0.004282
い	10	0.003854	0.004207
-	10	0.003854	0.004186
ト	4	0.001541	0.004159
び	4	0.001541	0.004159
日本	9	0.003468	0.004117
さ	10	0.003854	0.004106
人物	7	0.002697	0.004069
8	10	0.003854	0.004030
5	10	0.003854	0.003994
など	9	0.003468	0.003942
描き	4	0.001541	0.003888
四季	4	0.001541	0.003888
6	9	0.003468	0.003842
も	9	0.003468	0.003785
1	9	0.003468	0.003577
という	7	0.002697	0.003557
投稿	3	0.001156	0.003468
諸星	3	0.001156	0.003468
ノミネート	3	0.001156	0.003468
茄子	3	0.001156	0.003468
エソラ	3	0.001156	0.003468
す	3	0.001156	0.003120
Vol	3	0.001156	0.003120
自然	4	0.001541	0.003082
1993	4	0.001541	0.003018
作風	3	0.001156	0.002916
短編	3	0.001156	0.002916
誌	3	0.001156	0.002916
語っ	3	0.001156	0.002916
ブログ	3	0.001156	0.002916
大学	4	0.001541	0.002857
おり	5	0.001927	0.002806
よれ	3	0.001156	0.002772
舞台	3	0.001156	0.002772
日	6	0.002312	0.002699
冬	3	0.001156	0.002660
こと	6	0.002312	0.002656
2002	4	0.001541	0.002652
版	4	0.001541	0.002652
話	5	0.001927	0.002614
2003	4	0.001541	0.002585
作	3	0.001156	0.002568
もの	5	0.001927	0.002559
1969	3	0.001156	0.002491
38	3	0.001156	0.002424
デビュー	3	0.001156	0.002424
挙げ	3	0.001156	0.002424
13	4	0.001541	0.002417
受け	4	0.001541	0.002393
シリーズ	3	0.001156	0.002365
より	6	0.002312	0.002322
押井	2	0.000771	0.002313
ペン	2	0.000771	0.002313
散歩	2	0.000771	0.002313
落選	2	0.000771	0.002313
囃子	2	0.000771	0.002313
聞こえる	2	0.000771	0.002313
大宮	2	0.000771	0.002313
復刊	2	0.000771	0.002313
主題	2	0.000771	0.002313
読ん	2	0.000771	0.002313
メモ	2	0.000771	0.002313
]、『	2	0.000771	0.002313
手塚	2	0.000771	0.002313
治虫	2	0.000771	0.002313
びと	2	0.000771	0.002313
既刊	2	0.000771	0.002313
カボチャ	2	0.000771	0.002313
琉花	2	0.000771	0.002313
変身	2	0.000771	0.002313
パナ	2	0.000771	0.002313
le	2	0.000771	0.002313
アンダルシア	2	0.000771	0.002313
Mhz	2	0.000771	0.002313
ファイブ	2	0.000771	0.002313
幽	2	0.000771	0.002313
飛鳥新社	2	0.000771	0.002313
漆原	2	0.000771	0.002313
友紀	2	0.000771	0.002313
木地	2	0.000771	0.002313
映子	2	0.000771	0.002313
クラブハウス	2	0.000771	0.002313
156	2	0.000771	0.002313
STUDIO	2	0.000771	0.002313
CELLO	2	0.000771	0.002313
プラザ	2	0.000771	0.002313
プロファイル	2	0.000771	0.002313
協会	3	0.001156	0.002312
雑誌	3	0.001156	0.002312
影響	3	0.001156	0.002264
ほとんど	3	0.001156	0.002264
あり	5	0.001927	0.002250
にて	3	0.001156	0.002180
自身	3	0.001156	0.002180
この	5	0.001927	0.002146
女性	3	0.001156	0.002143
7	5	0.001927	0.002103
から	5	0.001927	0.002093
青年	2	0.000771	0.002081
埼玉	2	0.000771	0.002081
盛岡	2	0.000771	0.002081
描く	2	0.000771	0.002081
中学生	2	0.000771	0.002081
河出書房新社	2	0.000771	0.002081
風景	2	0.000771	0.002081
連作	2	0.000771	0.002081
うた	2	0.000771	0.002081
ぬ	2	0.000771	0.002081
単行	2	0.000771	0.002081
水族館	2	0.000771	0.002081
硫黄	2	0.000771	0.002081
友人	2	0.000771	0.002081
138	2	0.000771	0.002081
対談	2	0.000771	0.002081
する	5	0.001927	0.002063
全	3	0.001156	0.002046
により	4	0.001541	0.002018
12	4	0.001541	0.002018
活動	3	0.001156	0.001990
E	5	0.001927	0.001952
来歴	2	0.000771	0.001945
守	2	0.000771	0.001945
未だ	2	0.000771	0.001945
大賞	2	0.000771	0.001945
描か	2	0.000771	0.001945
不思議	2	0.000771	0.001945
コミック	2	0.000771	0.001945
マガジン	2	0.000771	0.001945
雅	2	0.000771	0.001945
マイナー	2	0.000771	0.001945
イラスト	2	0.000771	0.001945
特集	2	0.000771	0.001945
だっ	3	0.001156	0.001940
本	3	0.001156	0.001852
また	4	0.001541	0.001850
東北	2	0.000771	0.001849
料理	2	0.000771	0.001849
ない	4	0.001541	0.001840
世界	3	0.001156	0.001813
ば	3	0.001156	0.001777
好き	2	0.000771	0.001774
執筆	2	0.000771	0.001774
猫	2	0.000771	0.001774
未	2	0.000771	0.001774
アニメ	2	0.000771	0.001774
いく	2	0.000771	0.001713
使っ	2	0.000771	0.001713
アジア	2	0.000771	0.001713
として	4	0.001541	0.001682
リスト	2	0.000771	0.001661
言う	2	0.000771	0.001661
少年	2	0.000771	0.001661
交流	2	0.000771	0.001661
掲載	2	0.000771	0.001661
県	3	0.001156	0.001655
すべて	2	0.000771	0.001617
集	2	0.000771	0.001617
中	3	0.001156	0.001580
10	3	0.001156	0.001580
卒業	2	0.000771	0.001577
始め	2	0.000771	0.001577
ほど	2	0.000771	0.001577
物	2	0.000771	0.001542
編	3	0.001156	0.001535
リンク	3	0.001156	0.001484
再	2	0.000771	0.001481
1996	2	0.000771	0.001454
国際	2	0.000771	0.001454
夏	2	0.000771	0.001454
後	3	0.001156	0.001447
いう	2	0.000771	0.001429
生活	2	0.000771	0.001429
お	2	0.000771	0.001406
1998	2	0.000771	0.001406
れる	3	0.001156	0.001388
なっ	3	0.001156	0.001388
登場	2	0.000771	0.001385
者	3	0.001156	0.001372
や	3	0.001156	0.001365
文化	2	0.000771	0.001364
以降	2	0.000771	0.001345
開始	2	0.000771	0.001327
ほか	2	0.000771	0.001327
2006	2	0.000771	0.001327
公式	2	0.000771	0.001327
でも	2	0.000771	0.001310
関連	3	0.001156	0.001294
出身	2	0.000771	0.001278
当時	2	0.000771	0.001278
2008	2	0.000771	0.001263
9	3	0.001156	0.001262
ある	3	0.001156	0.001220
|	3	0.001156	0.001220
市	2	0.000771	0.001174
出典	3	0.001156	0.001156
:	3	0.001156	0.001156
いが	1	0.000385	0.001155
だいす	1	0.000385	0.001155
多摩美術大学	1	0.000385	0.001155
繊細	1	0.000385	0.001155
鉛筆	1	0.000385	0.001155
セリフ	1	0.000385	0.001155
サイレント	1	0.000385	0.001155
落書き	1	0.000385	0.001155
アルバイト	1	0.000385	0.001155
絵	1	0.000385	0.001155
気風	1	0.000385	0.001155
白泉社	1	0.000385	0.001155
LaLa	1	0.000385	0.001155
アドバイス	1	0.000385	0.001155
コンテスト	1	0.000385	0.001155
衣川	1	0.000385	0.001155
営み	1	0.000385	0.001155
自給自足	1	0.000385	0.001155
短	1	0.000385	0.001155
リトルフォレスト	1	0.000385	0.001155
絶版	1	0.000385	0.001155
幻想	1	0.000385	0.001155
緻密	1	0.000385	0.001155
込ま	1	0.000385	0.001155
大二郎	1	0.000385	0.001155
ヴィジュアル	1	0.000385	0.001155
やや	1	0.000385	0.001155
簡略	1	0.000385	0.001155
埋もれ	1	0.000385	0.001155
画材	1	0.000385	0.001155
ぺんてる	1	0.000385	0.001155
Hybrid	1	0.000385	0.001155
気楽	1	0.000385	0.001155
描ける	1	0.000385	0.001155
つげ	1	0.000385	0.001155
義春	1	0.000385	0.001155
売る	1	0.000385	0.001155
ナウ	1	0.000385	0.001155
トトロ	1	0.000385	0.001155
愛読	1	0.000385	0.001155
杉浦	1	0.000385	0.001155
日向子	1	0.000385	0.001155
百日紅	1	0.000385	0.001155
]。「	1	0.000385	0.001155
読者	1	0.000385	0.001155
情景	1	0.000385	0.001155
不意	1	0.000385	0.001155
奇想	1	0.000385	0.001155
入り込む	1	0.000385	0.001155
ネタ	1	0.000385	0.001155
下巻	1	0.000385	0.001155
新装	1	0.000385	0.001155
いち子	1	0.000385	0.001155
食材	1	0.000385	0.001155
ざま	1	0.000385	0.001155
実体験	1	0.000385	0.001155
如実	1	0.000385	0.001155
示さ	1	0.000385	0.001155
作中	1	0.000385	0.001155
はいし	1	0.000385	0.001155
小学館	1	0.000385	0.001155
SPINDLE	1	0.000385	0.001155
KUARUPU	1	0.000385	0.001155
PETRA	1	0.000385	0.001155
GENITALIX	1	0.000385	0.001155
熱帯	1	0.000385	0.001155
北欧	1	0.000385	0.001155
単行本	1	0.000385	0.001155
下ろし	1	0.000385	0.001155
掌編	1	0.000385	0.001155
ベストコミックブック	1	0.000385	0.001155
パラダイス	1	0.000385	0.001155
竹	1	0.000385	0.001155
エッセイ	1	0.000385	0.001155
夏休み	1	0.000385	0.001155
早々	1	0.000385	0.001155
部活	1	0.000385	0.001155
出会う	1	0.000385	0.001155
惹か	1	0.000385	0.001155
深め	1	0.000385	0.001155
奇妙	1	0.000385	0.001155
最長	1	0.000385	0.001155
境地	1	0.000385	0.001155
MiChao	1	0.000385	0.001155
!』	1	0.000385	0.001155
ピテンカントロプス	1	0.000385	0.001155
Web	1	0.000385	0.001155
年刊	1	0.000385	0.001155
産土	1	0.000385	0.001155
モーニング	1	0.000385	0.001155
盗み	1	0.000385	0.001155
pain	1	0.000385	0.001155
chat	1	0.000385	0.001155
コラボ	1	0.000385	0.001155
漁師	1	0.000385	0.001155
所収	1	0.000385	0.001155
ガルーダ	1	0.000385	0.001155
児	1	0.000385	0.001155
メディアファクトリー	1	0.000385	0.001155
ダンコンダラスコ	1	0.000385	0.001155
イマココ	1	0.000385	0.001155
よかっ	1	0.000385	0.001155
しらん	1	0.000385	0.001155
鰐	1	0.000385	0.001155
チャグチャグ	1	0.000385	0.001155
馬子	1	0.000385	0.001155
Japon	1	0.000385	0.001155
来襲	1	0.000385	0.001155
尊敬	1	0.000385	0.001155
＆	1	0.000385	0.001155
コラボブック	1	0.000385	0.001155
悦楽	1	0.000385	0.001155
COMICS	1	0.000385	0.001155
IS	1	0.000385	0.001155
DEAD	1	0.000385	0.001155
伊坂	1	0.000385	0.001155
幸太郎	1	0.000385	0.001155
季刊	1	0.000385	0.001155
エス	1	0.000385	0.001155
大阪芸術大学	1	0.000385	0.001155
柴崎	1	0.000385	0.001155
友香	1	0.000385	0.001155
209	1	0.000385	0.001155
!」『	1	0.000385	0.001155
すごい	1	0.000385	0.001155
オトコ	1	0.000385	0.001155
宝島社	1	0.000385	0.001155
クロニクル	1	0.000385	0.001155
ブック	1	0.000385	0.001155
レット	1	0.000385	0.001155
筆記	1	0.000385	0.001155
前掲	1	0.000385	0.001155
211	1	0.000385	0.001155
コミック・イズ・デッド	1	0.000385	0.001155
日誌	1	0.000385	0.001155
使用	2	0.000771	0.001132
ず	2	0.000771	0.001104
時代	2	0.000771	0.001086
11	2	0.000771	0.001078
歴	2	0.000771	0.001054
らし	1	0.000385	0.001039
け	1	0.000385	0.001039
熊谷	1	0.000385	0.001039
絵画	1	0.000385	0.001039
描写	1	0.000385	0.001039
就職	1	0.000385	0.001039
つもり	1	0.000385	0.001039
感じ	1	0.000385	0.001039
無くなる	1	0.000385	0.001039
住み	1	0.000385	0.001039
移り	1	0.000385	0.001039
群	1	0.000385	0.001039
生き物	1	0.000385	0.001039
重き	1	0.000385	0.001039
おく	1	0.000385	0.001039
背景	1	0.000385	0.001039
定規	1	0.000385	0.001039
ハンド	1	0.000385	0.001039
ドラえもん	1	0.000385	0.001039
想定	1	0.000385	0.001039
主人公	1	0.000385	0.001039
集落	1	0.000385	0.001039
畑	1	0.000385	0.001039
じゅん	1	0.000385	0.001039
推薦	1	0.000385	0.001039
成り	1	0.000385	0.001039
フランス語	1	0.000385	0.001039
アングレーム	1	0.000385	0.001039
あに	1	0.000385	0.001039
出入り	1	0.000385	0.001039
ジュゴン	1	0.000385	0.001039
育て	1	0.000385	0.001039
ころ	1	0.000385	0.001039
現時点	1	0.000385	0.001039
キャラ	1	0.000385	0.001039
子猫	1	0.000385	0.001039
オール	1	0.000385	0.001039
殺し	1	0.000385	0.001039
涙	1	0.000385	0.001039
et	1	0.000385	0.001039
BOOK	1	0.000385	0.001039
文芸	1	0.000385	0.001039
ぷり	1	0.000385	0.001039
寄稿	1	0.000385	0.001039
公言	1	0.000385	0.001039
聞く	1	0.000385	0.001039
表紙	1	0.000385	0.001039
表	2	0.000771	0.001038
なる	2	0.000771	0.001024
外部	2	0.000771	0.001010
的	2	0.000771	0.000996
本格	1	0.000385	0.000971
話し	1	0.000385	0.000971
境内	1	0.000385	0.000971
旅行	1	0.000385	0.000971
まず	1	0.000385	0.000971
述べ	1	0.000385	0.000971
あまり	1	0.000385	0.000971
作画	1	0.000385	0.000971
除き	1	0.000385	0.000971
シカ	1	0.000385	0.000971
常に	1	0.000385	0.000971
無く	1	0.000385	0.000971
日常	1	0.000385	0.000971
小さな	1	0.000385	0.000971
暮らし	1	0.000385	0.000971
若い	1	0.000385	0.000971
作っ	1	0.000385	0.000971
違う	1	0.000385	0.000971
まる	1	0.000385	0.000971
日々	1	0.000385	0.000971
生物	1	0.000385	0.000971
放っ	1	0.000385	0.000971
消失	1	0.000385	0.000971
週刊	1	0.000385	0.000971
熊	1	0.000385	0.000971
背中	1	0.000385	0.000971
同上	1	0.000385	0.000971
鬼	1	0.000385	0.000971
仲	1	0.000385	0.000971
基金	1	0.000385	0.000971
IN	1	0.000385	0.000971
録	1	0.000385	0.000971
文庫	1	0.000385	0.000971
園	1	0.000385	0.000971
閲覧	1	0.000385	0.000971
あの	1	0.000385	0.000971
71	1	0.000385	0.000971
青春	1	0.000385	0.000971
へ	2	0.000771	0.000959
その	2	0.000771	0.000953
岩手	1	0.000385	0.000923
在住	1	0.000385	0.000923
学部	1	0.000385	0.000923
画	1	0.000385	0.000923
直後	1	0.000385	0.000923
観	1	0.000385	0.000923
普段	1	0.000385	0.000923
併用	1	0.000385	0.000923
小学生	1	0.000385	0.000923
]、	1	0.000385	0.000923
決まっ	1	0.000385	0.000923
刊行	1	0.000385	0.000923
食	1	0.000385	0.000923
ごと	1	0.000385	0.000923
トルコ	1	0.000385	0.000923
挑戦	1	0.000385	0.000923
カラー	1	0.000385	0.000923
合併	1	0.000385	0.000923
展	1	0.000385	0.000923
小学	1	0.000385	0.000923
b	1	0.000385	0.000923
小説	1	0.000385	0.000923
国籍	1	0.000385	0.000886
学科	1	0.000385	0.000886
始める	1	0.000385	0.000886
入れ	1	0.000385	0.000886
授業	1	0.000385	0.000886
農家	1	0.000385	0.000886
活発	1	0.000385	0.000886
行なっ	1	0.000385	0.000886
枠	1	0.000385	0.000886
][	1	0.000385	0.000886
仕事	1	0.000385	0.000886
冒険	1	0.000385	0.000886
書房	1	0.000385	0.000886
禁止	1	0.000385	0.000886
海	1	0.000385	0.000886
空	1	0.000385	0.000886
-）	1	0.000385	0.000886
はな	1	0.000385	0.000886
ね	1	0.000385	0.000886
手がけ	1	0.000385	0.000886
表示	2	0.000771	0.000881
生誕	1	0.000385	0.000855
41	1	0.000385	0.000855
ジャンル	1	0.000385	0.000855
原作	1	0.000385	0.000855
美術	1	0.000385	0.000855
出る	1	0.000385	0.000855
そのまま	1	0.000385	0.000855
寺	1	0.000385	0.000855
意識	1	0.000385	0.000855
おら	1	0.000385	0.000855
使い	1	0.000385	0.000855
私	1	0.000385	0.000855
わ	1	0.000385	0.000855
それぞれ	1	0.000385	0.000855
愛	1	0.000385	0.000855
しまっ	1	0.000385	0.000855
太郎	1	0.000385	0.000855
雨	1	0.000385	0.000855
主催	1	0.000385	0.000855
同じく	1	0.000385	0.000855
ファン	1	0.000385	0.000855
人気	1	0.000385	0.000855
付属	1	0.000385	0.000855
A	2	0.000771	0.000833
ウィキポータル	1	0.000385	0.000830
力	1	0.000385	0.000830
ノート	1	0.000385	0.000830
しばしば	1	0.000385	0.000830
比較	1	0.000385	0.000830
似	1	0.000385	0.000830
石	1	0.000385	0.000830
谷	1	0.000385	0.000830
取っ	1	0.000385	0.000830
様	1	0.000385	0.000830
始まっ	1	0.000385	0.000830
光	1	0.000385	0.000830
起こっ	1	0.000385	0.000830
立て	1	0.000385	0.000830
カバー	1	0.000385	0.000830
B	2	0.000771	0.000822
自由	1	0.000385	0.000807
発表	1	0.000385	0.000807
建築	1	0.000385	0.000807
学生	1	0.000385	0.000807
紹介	1	0.000385	0.000807
テーマ	1	0.000385	0.000807
近い	1	0.000385	0.000807
彼ら	1	0.000385	0.000807
各地	1	0.000385	0.000807
少ない	1	0.000385	0.000807
よく	1	0.000385	0.000807
36	1	0.000385	0.000807
提供	1	0.000385	0.000807
期間	1	0.000385	0.000788
プロジェクト	1	0.000385	0.000788
映像	1	0.000385	0.000788
程度	1	0.000385	0.000788
のち	1	0.000385	0.000788
つけ	1	0.000385	0.000788
実際	1	0.000385	0.000788
a	1	0.000385	0.000788
存命	1	0.000385	0.000788
カテゴリ	2	0.000771	0.000774
フリー	2	0.000771	0.000771
代表	1	0.000385	0.000770
以後	1	0.000385	0.000770
終了	1	0.000385	0.000770
時期	1	0.000385	0.000770
思わ	1	0.000385	0.000770
上記	1	0.000385	0.000770
風	1	0.000385	0.000770
45	1	0.000385	0.000770
点	1	0.000385	0.000770
示す	1	0.000385	0.000770
何	1	0.000385	0.000770
高い	1	0.000385	0.000754
当初	1	0.000385	0.000754
ながら	1	0.000385	0.000754
初めて	1	0.000385	0.000754
依頼	1	0.000385	0.000754
発売	1	0.000385	0.000754
物語	1	0.000385	0.000754
1994	1	0.000385	0.000754
保護	1	0.000385	0.000754
サイト	1	0.000385	0.000754
男	1	0.000385	0.000754
周辺	1	0.000385	0.000754
用	1	0.000385	0.000740
事件	1	0.000385	0.000740
神	1	0.000385	0.000740
とともに	1	0.000385	0.000740
同年	1	0.000385	0.000726
に対して	1	0.000385	0.000726
初期	1	0.000385	0.000726
1999	1	0.000385	0.000726
各	1	0.000385	0.000726
&	1	0.000385	0.000726
!	1	0.000385	0.000726
構成	1	0.000385	0.000714
センター	1	0.000385	0.000714
参加	1	0.000385	0.000714
担当	1	0.000385	0.000714
頃	1	0.000385	0.000702
とき	1	0.000385	0.000702
つ	1	0.000385	0.000702
特に	1	0.000385	0.000702
以外	1	0.000385	0.000702
歳	1	0.000385	0.000691
館	1	0.000385	0.000691
地方	1	0.000385	0.000681
94	1	0.000385	0.000681
新	1	0.000385	0.000672
2009	1	0.000385	0.000663
社	1	0.000385	0.000663
29	1	0.000385	0.000663
線	1	0.000385	0.000654
BA	1	0.000385	0.000654
年生	1	0.000385	0.000654
だけ	1	0.000385	0.000646
〜	1	0.000385	0.000638
2000	1	0.000385	0.000638
81	1	0.000385	0.000638
同	1	0.000385	0.000631
他	1	0.000385	0.000631
21	1	0.000385	0.000631
90	1	0.000385	0.000631
多く	1	0.000385	0.000624
多い	1	0.000385	0.000624
内	1	0.000385	0.000624
2001	1	0.000385	0.000624
なかっ	1	0.000385	0.000610
き	1	0.000385	0.000610
30	1	0.000385	0.000610
BB	1	0.000385	0.000610
について	1	0.000385	0.000604
において	1	0.000385	0.000604
D	1	0.000385	0.000604
その後	1	0.000385	0.000592
化	1	0.000385	0.000592
元	1	0.000385	0.000592
できる	1	0.000385	0.000592
上	1	0.000385	0.000586
時	1	0.000385	0.000581
せ	1	0.000385	0.000576
か	1	0.000385	0.000576
15	1	0.000385	0.000576
記事	1	0.000385	0.000565
かけ	1	0.000385	0.000561
だ	1	0.000385	0.000556
なり	1	0.000385	0.000547
これ	1	0.000385	0.000542
よう	1	0.000385	0.000530
られ	1	0.000385	0.000530
一	1	0.000385	0.000526
による	1	0.000385	0.000526
現在	1	0.000385	0.000519
あっ	1	0.000385	0.000473
目次	1	0.000385	0.000440
非	1	0.000385	0.000433
/%	1	0.000385	0.000397
http	1	0.000385	0.000387
://	1	0.000385	0.000387
ja	1	0.000385	0.000387
wikipedia	1	0.000385	0.000387
org	1	0.000385	0.000387
/	1	0.000385	0.000387
wiki	1	0.000385	0.000387
作成	1	0.000385	0.000387
百科	1	0.000385	0.000385
事典	1	0.000385	0.000385
ウィキペディア	1	0.000385	0.000385
Wikipedia	1	0.000385	0.000385
移動	1	0.000385	0.000385
ナビゲーション	1	0.000385	0.000385
,	1	0.000385	0.000385
検索	1	0.000385	0.000385
