公園	42	0.042211	0.090961
競技	21	0.021106	0.050611
上尾	15	0.015075	0.045225
埼玉	15	0.015075	0.040687
-	37	0.037186	0.040391
陸上	15	0.015075	0.038032
運動公園	12	0.012060	0.036180
自然	14	0.014070	0.028140
県立	11	0.011055	0.025438
場	15	0.015075	0.025293
の	24	0.024121	0.024121
。	19	0.019095	0.019095
県	13	0.013065	0.018706
%	17	0.017085	0.017311
水上	6	0.006030	0.015213
は	15	0.015075	0.015075
緑	6	0.006030	0.014460
「	14	0.014070	0.014070
」	14	0.014070	0.014070
国体	5	0.005025	0.013562
に	13	0.013065	0.013065
エリア	5	0.005025	0.012677
、	12	0.012060	0.012060
清新	4	0.004020	0.012060
[	11	0.011055	0.011201
]	11	0.011055	0.011201
を	11	0.011055	0.011055
さいたま	4	0.004020	0.010850
2	10	0.010050	0.010510
施設	6	0.006030	0.010379
開催	5	0.005025	0.010280
た	10	0.010050	0.010094
道	5	0.005025	0.009477
編集	9	0.009045	0.009205
市	6	0.006030	0.009183
て	9	0.009045	0.009165
が	9	0.009045	0.009124
スポーツ	4	0.004020	0.008932
・	8	0.008040	0.008256
アクセス	4	0.004020	0.008224
さき	3	0.003015	0.008137
で	8	0.008040	0.008075
（	8	0.008040	0.008040
）	8	0.008040	0.008040
体育館	3	0.003015	0.007606
さ	7	0.007035	0.007496
れ	7	0.007035	0.007460
.	7	0.007035	0.007035
コース	3	0.003015	0.006938
大会	3	0.003015	0.006699
いる	6	0.006030	0.006582
年	6	0.006030	0.006277
森	3	0.003015	0.006168
E	6	0.006030	0.006110
し	6	0.006030	0.006030
ジョギング	2	0.002010	0.006030
試験場	2	0.002010	0.006030
スタンド	2	0.002010	0.006030
彩	2	0.002010	0.006030
狭山	2	0.002010	0.006030
m	3	0.003015	0.005589
愛宕	2	0.002010	0.005425
球技	2	0.002010	0.005425
熊谷	2	0.002010	0.005425
たま	2	0.002010	0.005425
3	5	0.005025	0.005207
5	5	0.005025	0.005207
補助	2	0.002010	0.005071
遊園	2	0.002010	0.005071
体育	2	0.002010	0.005071
メイン	2	0.002010	0.005071
周	2	0.002010	0.005071
800	2	0.002010	0.005071
県営	2	0.002010	0.005071
秩父	2	0.002010	0.005071
県民	2	0.002010	0.005071
と	5	0.005025	0.005047
収容	2	0.002010	0.004820
福井	2	0.002010	0.004820
関東	2	0.002010	0.004820
や	4	0.004020	0.004745
児童	2	0.002010	0.004625
国民	2	0.002010	0.004625
など	4	0.004020	0.004569
総合	2	0.002010	0.004466
1966	2	0.002010	0.004466
大分	2	0.002010	0.004466
動物	2	0.002010	0.004466
4	4	0.004020	0.004304
B	4	0.004020	0.004283
|	4	0.004020	0.004243
国道	2	0.002010	0.004215
武	2	0.002010	0.004215
8	4	0.004020	0.004204
1	4	0.004020	0.004147
:	4	0.004020	0.004020
,	4	0.004020	0.004020
ま	2	0.002010	0.003937
完成	2	0.002010	0.003861
バス	2	0.002010	0.003726
者	3	0.003015	0.003579
文化	2	0.002010	0.003557
地方	2	0.002010	0.003557
でき	2	0.002010	0.003415
この	3	0.003015	0.003357
概要	2	0.002010	0.003293
ある	3	0.003015	0.003182
主	2	0.002010	0.003091
より	3	0.003015	0.003028
照明	1	0.001005	0.003015
鉄筋コンクリート	1	0.001005	0.003015
土盛り	1	0.001005	0.003015
砲丸投げ	1	0.001005	0.003015
走り幅跳び	1	0.001005	0.003015
炬火	1	0.001005	0.003015
ごころ	1	0.001005	0.003015
耐震	1	0.001005	0.003015
mX	1	0.001005	0.003015
アリーナ	1	0.001005	0.003015
室内	1	0.001005	0.003015
体操	1	0.001005	0.003015
足腰	1	0.001005	0.003015
負担	1	0.001005	0.003015
ウレタン	1	0.001005	0.003015
滑り台	1	0.001005	0.003015
ブランコ	1	0.001005	0.003015
遊具	1	0.001005	0.003015
備える	1	0.001005	0.003015
東武	1	0.001005	0.003015
ぐるっと	1	0.001005	0.003015
こども	1	0.001005	0.003015
瀬	1	0.001005	0.003015
大宮公園	1	0.001005	0.003015
北浦和	1	0.001005	0.003015
北本	1	0.001005	0.003015
戸田公園	1	0.001005	0.003015
入間	1	0.001005	0.003015
稲荷山公園	1	0.001005	0.003015
所沢	1	0.001005	0.003015
吉見	1	0.001005	0.003015
和光	1	0.001005	0.003015
樹林	1	0.001005	0.003015
久喜	1	0.001005	0.003015
菖蒲	1	0.001005	0.003015
羽生	1	0.001005	0.003015
水郷	1	0.001005	0.003015
権現堂	1	0.001005	0.003015
つぶし	1	0.001005	0.003015
大麻生	1	0.001005	0.003015
秩父ミューズパーク	1	0.001005	0.003015
川越	1	0.001005	0.003015
加須	1	0.001005	0.003015
森林公園	1	0.001005	0.003015
新座	1	0.001005	0.003015
黒山	1	0.001005	0.003015
長瀞	1	0.001005	0.003015
玉淀	1	0.001005	0.003015
比企	1	0.001005	0.003015
丘陵	1	0.001005	0.003015
武甲	1	0.001005	0.003015
安行	1	0.001005	0.003015
両神	1	0.001005	0.003015
使用	2	0.002010	0.002952
：	2	0.002010	0.002926
協力	2	0.002010	0.002902
うん	1	0.001005	0.002712
こうえん	1	0.001005	0.002712
農林	1	0.001005	0.002712
挟ん	1	0.001005	0.002712
開場	1	0.001005	0.002712
下記	1	0.001005	0.002712
フィールド	1	0.001005	0.002712
ラグビー	1	0.001005	0.002712
モットー	1	0.001005	0.002712
度目	1	0.001005	0.002712
卓球	1	0.001005	0.002712
抑える	1	0.001005	0.002712
チップ	1	0.001005	0.002712
埋め込ま	1	0.001005	0.002712
平方メートル	1	0.001005	0.002712
高崎	1	0.001005	0.002712
ウエスト	1	0.001005	0.002712
HP	1	0.001005	0.002712
先代	1	0.001005	0.002712
次代	1	0.001005	0.002712
水族館	1	0.001005	0.002712
観察	1	0.001005	0.002712
スタジアム	1	0.001005	0.002712
古墳	1	0.001005	0.002712
荒川	1	0.001005	0.002712
奥	1	0.001005	0.002712
外部	2	0.002010	0.002633
リンク	2	0.002010	0.002581
あげ	1	0.001005	0.002535
もともと	1	0.001005	0.002535
備え	1	0.001005	0.002535
正式	1	0.001005	0.002535
連盟	1	0.001005	0.002535
公認	1	0.001005	0.002535
階	1	0.001005	0.002535
建て	1	0.001005	0.002535
健康	1	0.001005	0.002535
柱	1	0.001005	0.002535
一時	1	0.001005	0.002535
移設	1	0.001005	0.002535
補強	1	0.001005	0.002535
トラック	1	0.001005	0.002535
循環	1	0.001005	0.002535
くん	1	0.001005	0.002535
園	1	0.001005	0.002535
ヶ	1	0.001005	0.002535
吉川	1	0.001005	0.002535
しら	1	0.001005	0.002535
人	2	0.002010	0.002532
所在	1	0.001005	0.002410
前年	1	0.001005	0.002410
プール	1	0.001005	0.002410
所有	1	0.001005	0.002410
行なわ	1	0.001005	0.002410
人数	1	0.001005	0.002410
400	1	0.001005	0.002410
有し	1	0.001005	0.002410
東部	1	0.001005	0.002410
武蔵	1	0.001005	0.002410
あり	2	0.002010	0.002347
1971	1	0.001005	0.002313
能力	1	0.001005	0.002313
サッカー	1	0.001005	0.002313
会場	1	0.001005	0.002313
工事	1	0.001005	0.002313
バス停	1	0.001005	0.002313
下車	1	0.001005	0.002313
市営	1	0.001005	0.002313
秋	1	0.001005	0.002313
丘	1	0.001005	0.002313
こ	1	0.001005	0.002313
はな	1	0.001005	0.002313
里	1	0.001005	0.002313
こと	2	0.002010	0.002309
表示	2	0.002010	0.002297
項目	2	0.002010	0.002297
どう	1	0.001005	0.002233
沿い	1	0.001005	0.002233
事務所	1	0.001005	0.002233
イメージ	1	0.001005	0.002233
39	1	0.001005	0.002233
徒歩	1	0.001005	0.002233
すぐ	1	0.001005	0.002233
西部	1	0.001005	0.002233
北部	1	0.001005	0.002233
い	2	0.002010	0.002194
9	2	0.002010	0.002194
含め	1	0.001005	0.002166
農業	1	0.001005	0.002166
合わせ	1	0.001005	0.002166
反対	1	0.001005	0.002166
運用	1	0.001005	0.002166
なし	1	0.001005	0.002166
54	1	0.001005	0.002166
持ち	1	0.001005	0.002166
面積	1	0.001005	0.002166
航空	1	0.001005	0.002166
移転	1	0.001005	0.002107
加え	1	0.001005	0.002107
専用	1	0.001005	0.002107
都市	1	0.001005	0.002107
み	1	0.001005	0.002107
場所	1	0.001005	0.002056
40	1	0.001005	0.002056
名称	1	0.001005	0.002056
/	2	0.002010	0.002019
チーム	1	0.001005	0.002010
製	1	0.001005	0.002010
1967	1	0.001005	0.001968
管理	1	0.001005	0.001968
500	1	0.001005	0.001968
記念	1	0.001005	0.001968
92	1	0.001005	0.001968
JR	1	0.001005	0.001930
中央	1	0.001005	0.001930
花	1	0.001005	0.001930
南	1	0.001005	0.001930
研究	1	0.001005	0.001895
側	1	0.001005	0.001895
台	1	0.001005	0.001895
西	1	0.001005	0.001895
BE	1	0.001005	0.001895
センター	1	0.001005	0.001863
種	1	0.001005	0.001863
構成	1	0.001005	0.001863
お	1	0.001005	0.001833
現	1	0.001005	0.001833
事	1	0.001005	0.001833
所在地	1	0.001005	0.001833
100	1	0.001005	0.001833
以外	1	0.001005	0.001833
参照	1	0.001005	0.001805
設置	1	0.001005	0.001805
約	1	0.001005	0.001778
駅	1	0.001005	0.001753
及び	1	0.001005	0.001753
95	1	0.001005	0.001753
85	1	0.001005	0.001753
公式	1	0.001005	0.001730
2002	1	0.001005	0.001730
17	1	0.001005	0.001707
28	1	0.001005	0.001707
可能	1	0.001005	0.001707
線	1	0.001005	0.001707
PJ	1	0.001005	0.001707
AC	1	0.001005	0.001707
隠す	1	0.001005	0.001666
81	1	0.001005	0.001666
情報	1	0.001005	0.001646
分	1	0.001005	0.001646
内	1	0.001005	0.001628
P	1	0.001005	0.001628
本	1	0.001005	0.001610
30	1	0.001005	0.001593
存在	1	0.001005	0.001576
2004	1	0.001005	0.001576
2007	1	0.001005	0.001576
国	1	0.001005	0.001561
ば	1	0.001005	0.001545
号	1	0.001005	0.001530
それ	1	0.001005	0.001530
上	1	0.001005	0.001530
時	1	0.001005	0.001516
書き	1	0.001005	0.001516
加筆	1	0.001005	0.001516
訂正	1	0.001005	0.001516
下さる	1	0.001005	0.001516
等	1	0.001005	0.001489
C	1	0.001005	0.001489
20	1	0.001005	0.001463
かけ	1	0.001005	0.001463
です	1	0.001005	0.001463
だ	1	0.001005	0.001451
求め	1	0.001005	0.001439
0	1	0.001005	0.001384
歴	1	0.001005	0.001373
話	1	0.001005	0.001363
第	1	0.001005	0.001354
表	1	0.001005	0.001354
編	1	0.001005	0.001335
ます	1	0.001005	0.001308
的	1	0.001005	0.001299
へ	1	0.001005	0.001250
あっ	1	0.001005	0.001235
ため	1	0.001005	0.001235
れる	1	0.001005	0.001207
なっ	1	0.001005	0.001207
ない	1	0.001005	0.001200
日本	1	0.001005	0.001193
目次	1	0.001005	0.001148
非	1	0.001005	0.001131
関連	1	0.001005	0.001125
6	1	0.001005	0.001113
も	1	0.001005	0.001097
A	1	0.001005	0.001086
する	1	0.001005	0.001076
/%	1	0.001005	0.001037
http	1	0.001005	0.001009
://	1	0.001005	0.001009
ja	1	0.001005	0.001009
wikipedia	1	0.001005	0.001009
org	1	0.001005	0.001009
wiki	1	0.001005	0.001009
作成	1	0.001005	0.001009
カテゴリ	1	0.001005	0.001009
出典	1	0.001005	0.001005
フリー	1	0.001005	0.001005
百科	1	0.001005	0.001005
事典	1	0.001005	0.001005
『	1	0.001005	0.001005
ウィキペディア	1	0.001005	0.001005
Wikipedia	1	0.001005	0.001005
』	1	0.001005	0.001005
移動	1	0.001005	0.001005
ナビゲーション	1	0.001005	0.001005
検索	1	0.001005	0.001005
