-	251	0.256384	0.278481
影	11	0.011236	0.033708
：	19	0.019408	0.028257
、	25	0.025536	0.025536
RED	7	0.007150	0.021450
SHADOW	7	0.007150	0.021450
赤	9	0.009193	0.021153
映画	8	0.008172	0.015697
の	15	0.015322	0.015322
製作	5	0.005107	0.012884
裕之	4	0.004086	0.012258
横山	4	0.004086	0.012258
光輝	4	0.004086	0.012258
作品	7	0.007150	0.011714
。	11	0.011236	0.011236
東映	4	0.004086	0.011028
・	10	0.010215	0.010489
中野	4	0.004086	0.009798
アクション	3	0.003064	0.009192
原作	4	0.004086	0.009078
-------------------------	4	0.004086	0.008805
て	7	0.007150	0.007245
を	7	0.007150	0.007150
漫画	3	0.003064	0.006808
|	6	0.006129	0.006469
編集	6	0.006129	0.006238
「	6	0.006129	0.006129
」	6	0.006129	0.006129
は	6	0.006129	0.006129
雅俊	2	0.002043	0.006129
政信	2	0.002043	0.006129
奥菜	2	0.002043	0.006129
竹中	2	0.002043	0.006129
直人	2	0.002043	0.006129
陣内	2	0.002043	0.006129
孝則	2	0.002043	0.006129
英夫	2	0.002043	0.006129
忍者	2	0.002043	0.006129
布袋	2	0.002043	0.006129
寅泰	2	0.002043	0.006129
プロデューサー	2	0.002043	0.006129
でん	2	0.002043	0.006129
高岡	2	0.002043	0.006129
蒼	2	0.002043	0.006129
音楽	3	0.003064	0.005885
脚本	2	0.002043	0.005514
斉藤	2	0.002043	0.005514
ひろし	2	0.002043	0.005514
安藤	2	0.002043	0.005514
久美子	2	0.002043	0.005514
岸	2	0.002043	0.005514
利	2	0.002043	0.005514
至	2	0.002043	0.005514
撮影	2	0.002043	0.005514
米田	2	0.002043	0.005514
配給	2	0.002043	0.005514
仮面	2	0.002043	0.005514
[	5	0.005107	0.005175
]	5	0.005107	0.005175
%	5	0.005107	0.005175
淳	2	0.002043	0.005154
麻生	2	0.002043	0.005154
朗	2	0.002043	0.005154
ストーリー	2	0.002043	0.005154
核心	2	0.002043	0.005154
裕	2	0.002043	0.005154
東郷	2	0.002043	0.005154
が	5	0.005107	0.005152
た	5	0.005107	0.005129
で	5	0.005107	0.005129
（	5	0.005107	0.005107
）	5	0.005107	0.005107
し	5	0.005107	0.005107
2001	3	0.003064	0.004963
木村	2	0.002043	0.004899
山本	2	0.002043	0.004899
公開	2	0.002043	0.004899
キャスト	2	0.002043	0.004899
者	4	0.004086	0.004850
村上	2	0.002043	0.004701
スタッフ	2	0.002043	0.004701
効果	2	0.002043	0.004701
執筆	2	0.002043	0.004701
恵	2	0.002043	0.004539
制作	2	0.002043	0.004539
です	3	0.003064	0.004461
特殊	2	0.002043	0.004402
企画	2	0.002043	0.004402
れ	4	0.004086	0.004333
監督	2	0.002043	0.004284
武	2	0.002043	0.004284
記述	2	0.002043	0.004179
:	4	0.004086	0.004086
.	4	0.004086	0.004086
物語	2	0.002043	0.004001
ます	3	0.003064	0.003986
登場	2	0.002043	0.003669
部分	2	0.002043	0.003669
日本	3	0.003064	0.003637
に関する	2	0.002043	0.003386
概要	2	0.002043	0.003347
い	3	0.003064	0.003344
三	2	0.002043	0.003238
8	3	0.003064	0.003204
年	3	0.003064	0.003189
人物	2	0.002043	0.003082
加筆	2	0.002043	0.003082
訂正	2	0.002043	0.003082
下さる	2	0.002043	0.003082
/	3	0.003064	0.003077
『	3	0.003064	0.003064
』	3	0.003064	0.003064
ENTERTAINMENT	1	0.001021	0.003063
電通	1	0.001021	0.003063
allcinema	1	0.001021	0.003063
シャドー	1	0.001021	0.003063
廃する	1	0.001021	0.003063
大胆	1	0.001021	0.003063
施さ	1	0.001021	0.003063
加倉井	1	0.001021	0.003063
エースネクスト	1	0.001021	0.003063
雅夫	1	0.001021	0.003063
信也	1	0.001021	0.003063
芳賀	1	0.001021	0.003063
吉孝	1	0.001021	0.003063
キム	1	0.001021	0.003063
スンブム	1	0.001021	0.003063
正久	1	0.001021	0.003063
淳司	1	0.001021	0.003063
賢司	1	0.001021	0.003063
ヤン	1	0.001021	0.003063
兵頭	1	0.001021	0.003063
茂行	1	0.001021	0.003063
厨子	1	0.001021	0.003063
稔雄	1	0.001021	0.003063
遠谷	1	0.001021	0.003063
信幸	1	0.001021	0.003063
行雄	1	0.001021	0.003063
津島	1	0.001021	0.003063
欣哉	1	0.001021	0.003063
良	1	0.001021	0.003063
羽鳥	1	0.001021	0.003063
博幸	1	0.001021	0.003063
宇田川	1	0.001021	0.003063
幸夫	1	0.001021	0.003063
擬斗	1	0.001021	0.003063
菅原	1	0.001021	0.003063
太	1	0.001021	0.003063
スタント	1	0.001021	0.003063
ビジュアルエフェクト	1	0.001021	0.003063
マックレイラボラトリー	1	0.001021	0.003063
ガレージ	1	0.001021	0.003063
琴	1	0.001021	0.003063
竹之内	1	0.001021	0.003063
飛鳥	1	0.001021	0.003063
秀信	1	0.001021	0.003063
津川	1	0.001021	0.003063
雅彦	1	0.001021	0.003063
根来	1	0.001021	0.003063
弦斎	1	0.001021	0.003063
根津	1	0.001021	0.003063
甚八	1	0.001021	0.003063
藤井	1	0.001021	0.003063
フミヤ	1	0.001021	0.003063
力丸	1	0.001021	0.003063
舞の海	1	0.001021	0.003063
秀平	1	0.001021	0.003063
老師	1	0.001021	0.003063
おりん	1	0.001021	0.003063
長老	1	0.001021	0.003063
きたろ	1	0.001021	0.003063
凡野	1	0.001021	0.003063
兵衛	1	0.001021	0.003063
京極	1	0.001021	0.003063
兼光	1	0.001021	0.003063
上条	1	0.001021	0.003063
高虎	1	0.001021	0.003063
松重	1	0.001021	0.003063
野武士	1	0.001021	0.003063
越前屋俵太	1	0.001021	0.003063
不動	1	0.001021	0.003063
ピエール	1	0.001021	0.003063
金剛	1	0.001021	0.003063
スティーヴ・エトウ	1	0.001021	0.003063
風祭	1	0.001021	0.003063
龍之介	1	0.001021	0.003063
六角	1	0.001021	0.003063
直正	1	0.001021	0.003063
風間	1	0.001021	0.003063
杜夫	1	0.001021	0.003063
半月	1	0.001021	0.003063
吹越	1	0.001021	0.003063
桔平	1	0.001021	0.003063
オリ	1	0.001021	0.003063
アリーナ・カバエワ	1	0.001021	0.003063
笹井	1	0.001021	0.003063
一磨	1	0.001021	0.003063
福本	1	0.001021	0.003063
戦車	1	0.001021	0.003063
郎党	1	0.001021	0.003063
医者	1	0.001021	0.003063
矢沢	1	0.001021	0.003063
幸治	1	0.001021	0.003063
甫	1	0.001021	0.003063
剣	1	0.001021	0.003063
見張り	1	0.001021	0.003063
丞	1	0.001021	0.003063
リメイク	1	0.001021	0.003063
劇映画	1	0.001021	0.003063
協力	2	0.002043	0.002949
求め	2	0.002043	0.002925
　	2	0.002043	0.002925
時代	2	0.002043	0.002878
11	2	0.002043	0.002856
角川書店	1	0.001021	0.002756
TUBE	1	0.001021	0.002756
108	1	0.001021	0.002756
キネマ旬報	1	0.001021	0.002756
IMDb	1	0.001021	0.002756
かげ	1	0.001021	0.002756
アレンジ	1	0.001021	0.002756
タイアップ	1	0.001021	0.002756
ミサイル	1	0.001021	0.002756
WAR	1	0.001021	0.002756
DANCE	1	0.001021	0.002756
江川	1	0.001021	0.002756
赤井	1	0.001021	0.002756
菅野	1	0.001021	0.002756
シオン	1	0.001021	0.002756
秀樹	1	0.001021	0.002756
遠藤	1	0.001021	0.002756
大川	1	0.001021	0.002756
玄	1	0.001021	0.002756
内藤	1	0.001021	0.002756
立石	1	0.001021	0.002756
操	1	0.001021	0.002756
演	1	0.001021	0.002756
鍛冶	1	0.001021	0.002756
ジャパン	1	0.001021	0.002756
エンタープライズ	1	0.001021	0.002756
フィルム	1	0.001021	0.002756
篠原	1	0.001021	0.002756
神山	1	0.001021	0.002756
繁	1	0.001021	0.002756
頭領	1	0.001021	0.002756
瀧	1	0.001021	0.002756
善	1	0.001021	0.002756
椎名	1	0.001021	0.002756
日月	1	0.001021	0.002756
中田	1	0.001021	0.002756
大輔	1	0.001021	0.002756
八郎	1	0.001021	0.002756
佑	1	0.001021	0.002756
倉庫	1	0.001021	0.002756
雪	1	0.001021	0.002756
実写	1	0.001021	0.002756
レッド	1	0.001021	0.002576
あか	1	0.001021	0.002576
トレードマーク	1	0.001021	0.002576
駆使	1	0.001021	0.002576
明かさ	1	0.001021	0.002576
主題歌	1	0.001021	0.002576
昭	1	0.001021	0.002576
内田	1	0.001021	0.002576
録音	1	0.001021	0.002576
俊夫	1	0.001021	0.002576
青	1	0.001021	0.002576
白	1	0.001021	0.002576
啓	1	0.001021	0.002576
涼子	1	0.001021	0.002576
_%	1	0.001021	0.002576
p	1	0.001021	0.002448
劇	1	0.001021	0.002448
月刊	1	0.001021	0.002448
姫	1	0.001021	0.002448
基	1	0.001021	0.002448
ガ	1	0.001021	0.002448
田中	1	0.001021	0.002448
照	1	0.001021	0.002448
_	1	0.001021	0.002448
日	2	0.002043	0.002385
h	1	0.001021	0.002349
ビデオ	1	0.001021	0.002349
上映	1	0.001021	0.002349
創立	1	0.001021	0.002349
乱	1	0.001021	0.002349
満	1	0.001021	0.002349
源	1	0.001021	0.002349
など	2	0.002043	0.002322
月	2	0.002043	0.002310
この	2	0.002043	0.002275
人気	1	0.001021	0.002269
連載	1	0.001021	0.002269
終わり	1	0.001021	0.002269
愛	1	0.001021	0.002269
佐藤	1	0.001021	0.002269
中山	1	0.001021	0.002269
美術	1	0.001021	0.002269
豊	1	0.001021	0.002269
清	1	0.001021	0.002269
要	1	0.001021	0.002269
として	2	0.002043	0.002230
いる	2	0.002043	0.002230
言語	1	0.001021	0.002200
周年	1	0.001021	0.002200
注意	1	0.001021	0.002200
丸	1	0.001021	0.002200
谷	1	0.001021	0.002200
之	1	0.001021	0.002200
4	2	0.002043	0.002187
さ	2	0.002043	0.002177
B	2	0.002043	0.002177
委員	1	0.001021	0.002141
出演	1	0.001021	0.002141
日本語	1	0.001021	0.002141
テーマ	1	0.001021	0.002141
さん	1	0.001021	0.002141
5	2	0.002043	0.002117
1	2	0.002043	0.002107
節	1	0.001021	0.002089
章	1	0.001021	0.002089
森	1	0.001021	0.002089
BD	1	0.001021	0.002089
E	2	0.002043	0.002070
と	2	0.002043	0.002052
現代	1	0.001021	0.002042
風	1	0.001021	0.002042
英	1	0.001021	0.002042
50	1	0.001021	0.002000
記念	1	0.001021	0.002000
諸	1	0.001021	0.002000
男	1	0.001021	0.002000
神	1	0.001021	0.001961
同年	1	0.001021	0.001926
にて	1	0.001021	0.001926
以上	1	0.001021	0.001926
北	1	0.001021	0.001926
&	1	0.001021	0.001926
持つ	1	0.001021	0.001926
m	1	0.001021	0.001893
現	1	0.001021	0.001862
における	1	0.001021	0.001834
以降	1	0.001021	0.001781
版	1	0.001021	0.001757
PJ	1	0.001021	0.001735
う	1	0.001021	0.001713
〜	1	0.001021	0.001692
他	1	0.001021	0.001673
分	1	0.001021	0.001673
次	1	0.001021	0.001673
会	1	0.001021	0.001654
P	1	0.001021	0.001654
本	1	0.001021	0.001636
時間	1	0.001021	0.001618
国	1	0.001021	0.001585
元	1	0.001021	0.001570
書き	1	0.001021	0.001540
二	1	0.001021	0.001487
かけ	1	0.001021	0.001487
歴	1	0.001021	0.001395
中	1	0.001021	0.001395
一	1	0.001021	0.001395
話	1	0.001021	0.001385
表	1	0.001021	0.001375
編	1	0.001021	0.001356
あっ	1	0.001021	0.001255
なっ	1	0.001021	0.001226
また	1	0.001021	0.001226
な	1	0.001021	0.001179
目次	1	0.001021	0.001167
表示	1	0.001021	0.001167
項目	1	0.001021	0.001167
非	1	0.001021	0.001149
関連	1	0.001021	0.001143
A	1	0.001021	0.001104
ある	1	0.001021	0.001078
2	1	0.001021	0.001068
3	1	0.001021	0.001058
http	1	0.001021	0.001025
://	1	0.001021	0.001025
ja	1	0.001021	0.001025
wikipedia	1	0.001021	0.001025
org	1	0.001021	0.001025
wiki	1	0.001021	0.001025
より	1	0.001021	0.001025
作成	1	0.001021	0.001025
カテゴリ	1	0.001021	0.001025
出典	1	0.001021	0.001021
フリー	1	0.001021	0.001021
百科	1	0.001021	0.001021
事典	1	0.001021	0.001021
ウィキペディア	1	0.001021	0.001021
Wikipedia	1	0.001021	0.001021
移動	1	0.001021	0.001021
ナビゲーション	1	0.001021	0.001021
,	1	0.001021	0.001021
検索	1	0.001021	0.001021
に	1	0.001021	0.001021
