の	43	0.044103	0.044103
回戦	12	0.012308	0.036924
ルゼドスキー	10	0.010256	0.030768
%	29	0.029744	0.030137
で	27	0.027692	0.027813
、	26	0.026667	0.026667
年	24	0.024615	0.025623
イギリス	12	0.012308	0.025179
シングルス	8	0.008205	0.024615
勝	9	0.009231	0.023289
。	22	0.022564	0.022564
に	22	0.022564	0.022564
は	21	0.021538	0.021538
・	20	0.020513	0.021064
選手	9	0.009231	0.018884
た	18	0.018462	0.018543
ダブルス	6	0.006154	0.018462
大会	8	0.008205	0.018230
ツアー	7	0.007179	0.017215
全米	6	0.006154	0.016609
3	15	0.015385	0.015942
（	15	0.015385	0.015385
）	15	0.015385	0.015385
を	15	0.015385	0.015385
優勝	6	0.006154	0.014757
テニス	5	0.005128	0.013840
し	13	0.013333	0.013333
カナダ	5	0.005128	0.012937
全	7	0.007179	0.012704
グレグ	4	0.004103	0.012309
サーバー	4	0.004103	0.012309
成績	5	0.005128	0.012297
男子	5	0.005128	0.012297
4	11	0.011282	0.012078
-	10	0.010256	0.011140
E	10	0.010256	0.010392
ビッグ	4	0.004103	0.010351
が	10	0.010256	0.010346
オープン	4	0.004103	0.009839
進出	4	0.004103	0.009839
と	9	0.009231	0.009271
サーブ	3	0.003077	0.009231
ニュー	3	0.003077	0.009231
果たす	3	0.003077	0.009231
デビスカップ	3	0.003077	0.009231
6	8	0.008205	0.009090
最高	4	0.004103	0.008604
2	8	0.008205	0.008580
敗	3	0.003077	0.008305
ポート	3	0.003077	0.008305
1997	4	0.004103	0.008206
月	7	0.007179	0.008118
1995	4	0.004103	0.007738
,	7	0.007179	0.007179
国籍	3	0.003077	0.007080
仏	3	0.003077	0.006837
82	5	0.005128	0.006628
83	5	0.005128	0.006459
1	6	0.006154	0.006348
て	6	0.006154	0.006235
代表	3	0.003077	0.006154
グレグ・ルゼドスキー	2	0.002051	0.006153
Greg	2	0.002051	0.006153
Rusedski	2	0.002051	0.006153
豪	2	0.002051	0.006153
ATP	2	0.002051	0.006153
敗れ	2	0.002051	0.006153
オリンピック	2	0.002051	0.006153
五輪	2	0.002051	0.006153
1973	3	0.003077	0.006027
大	4	0.004103	0.006025
だ	4	0.004103	0.005923
位	3	0.003077	0.005704
戦	3	0.003077	0.005704
モントリオール	2	0.002051	0.005536
決勝	2	0.002051	0.005536
アトランタ	2	0.002051	0.005536
シドニー	2	0.002051	0.005536
通算	2	0.002051	0.005174
ランキング	2	0.002051	0.005174
対決	2	0.002051	0.005174
プレー	2	0.002051	0.005174
なっ	4	0.004103	0.004926
193	2	0.002051	0.004918
引退	2	0.002051	0.004918
63	2	0.002051	0.004918
ベスト	2	0.002051	0.004918
身長	2	0.002051	0.004719
準	2	0.002051	0.004719
自己	2	0.002051	0.004719
フランス	2	0.002051	0.004719
出場	2	0.002051	0.004719
15	3	0.003077	0.004600
ロンドン	2	0.002051	0.004557
体重	2	0.002051	0.004557
7	4	0.004103	0.004478
1991	2	0.002051	0.004420
取得	2	0.002051	0.004420
タイプ	2	0.002051	0.004420
“	2	0.002051	0.004420
ある	4	0.004103	0.004331
|	4	0.004103	0.004331
kg	2	0.002051	0.004301
”	2	0.002051	0.004301
最後	2	0.002051	0.004196
「	4	0.004103	0.004103
」	4	0.004103	0.004103
cm	2	0.002051	0.004102
英	2	0.002051	0.004102
1994	2	0.002051	0.004017
人	3	0.003077	0.003876
1999	2	0.002051	0.003868
州	2	0.002051	0.003802
歳	2	0.002051	0.003683
日	3	0.003077	0.003592
こと	3	0.003077	0.003535
2006	2	0.002051	0.003530
2005	2	0.002051	0.003485
出身	2	0.002051	0.003400
90	2	0.002051	0.003360
BC	2	0.002051	0.003360
9	3	0.003077	0.003359
いる	3	0.003077	0.003359
として	3	0.003077	0.003359
2001	2	0.002051	0.003322
B	3	0.003077	0.003279
8	3	0.003077	0.003218
2007	2	0.002051	0.003217
世界	2	0.002051	0.003217
5	3	0.003077	0.003188
地	2	0.002051	0.003154
利き手	1	0.001026	0.003078
片	1	0.001026	0.003078
手打ち	1	0.001026	0.003078
499	1	0.001026	0.003078
340	1	0.001026	0.003078
287	1	0.001026	0.003078
キャリア	1	0.001026	0.003078
プロテニス	1	0.001026	0.003078
ケベック	1	0.001026	0.003078
左利き	1	0.001026	0.003078
最速	1	0.001026	0.003078
競う	1	0.001026	0.003078
ひとり	1	0.001026	0.003078
競い合い	1	0.001026	0.003078
ウクライナ	1	0.001026	0.003078
アメリカ・ロードアイランド	1	0.001026	0.003078
対抗	1	0.001026	0.003078
知名度	1	0.001026	0.003078
ウィンブルドン	1	0.001026	0.003078
シード	1	0.001026	0.003078
マーク・フィリプーシス	1	0.001026	0.003078
制し	1	0.001026	0.003078
勢い	1	0.001026	0.003078
勝ち進み	1	0.001026	0.003078
セドリック・ピオリーン	1	0.001026	0.003078
準々	1	0.001026	0.003078
事故死	1	0.001026	0.003078
ダイアナ	1	0.001026	0.003078
妃	1	0.001026	0.003078
喪章	1	0.001026	0.003078
勝ち進ん	1	0.001026	0.003078
パトリック・ラフター	1	0.001026	0.003078
ペリー	1	0.001026	0.003078
全豪オープン	1	0.001026	0.003078
セルジ・ブルゲラ	1	0.001026	0.003078
アルノー・クレマン	1	0.001026	0.003078
ティム	1	0.001026	0.003078
完敗	1	0.001026	0.003078
ゾーン	1	0.001026	0.003078
アンディ	1	0.001026	0.003078
マレー	1	0.001026	0.003078
:	3	0.003077	0.003077
0	2	0.002051	0.002824
ハンド	1	0.001026	0.002769
436	1	0.001026	0.002769
好	1	0.001026	0.002769
不調	1	0.001026	0.002769
比べる	1	0.001026	0.002769
母親	1	0.001026	0.002769
一気に	1	0.001026	0.002769
皇太子	1	0.001026	0.002769
着け	1	0.001026	0.002769
フレッド	1	0.001026	0.002769
連覇	1	0.001026	0.002769
伸ばし	1	0.001026	0.002769
同僚	1	0.001026	0.002769
ヘン	1	0.001026	0.002769
ストレート	1	0.001026	0.002769
週	1	0.001026	0.002769
若手	1	0.001026	0.002769
表	2	0.002051	0.002762
第	2	0.002051	0.002762
まで	2	0.002051	0.002762
なる	2	0.002051	0.002724
同士	1	0.001026	0.002588
殿堂	1	0.001026	0.002588
応援	1	0.001026	0.002588
1909	1	0.001026	0.002588
果たし	1	0.001026	0.002588
組ん	1	0.001026	0.002588
現役	1	0.001026	0.002588
表明	1	0.001026	0.002588
プロフィール	1	0.001026	0.002588
ラテン	1	0.001026	0.002460
53	1	0.001026	0.002460
在住	1	0.001026	0.002460
速度	1	0.001026	0.002460
界	1	0.001026	0.002460
呼ん	1	0.001026	0.002460
オーストラリア	1	0.001026	0.002460
生年月日	1	0.001026	0.002361
生涯	1	0.001026	0.002361
波	1	0.001026	0.002361
父親	1	0.001026	0.002361
入り	1	0.001026	0.002361
乗っ	1	0.001026	0.002361
パリ	1	0.001026	0.002361
国民	1	0.001026	0.002361
文字	1	0.001026	0.002280
居住	1	0.001026	0.002280
左	1	0.001026	0.002280
バック	1	0.001026	0.002280
展開	1	0.001026	0.002280
移住	1	0.001026	0.002280
上げ	1	0.001026	0.002280
話題	1	0.001026	0.002280
アフリカ	1	0.001026	0.002280
市内	1	0.001026	0.002211
試合	1	0.001026	0.002211
以来	1	0.001026	0.002211
マン	1	0.001026	0.002211
ヨーロッパ	1	0.001026	0.002211
グループ	1	0.001026	0.002211
勝利	1	0.001026	0.002211
36	1	0.001026	0.002151
デビュー	1	0.001026	0.002151
挙げ	1	0.001026	0.002151
以前	1	0.001026	0.002151
プロ	1	0.001026	0.002151
大きな	1	0.001026	0.002151
多かっ	1	0.001026	0.002099
有名	1	0.001026	0.002099
33	1	0.001026	0.002099
存命	1	0.001026	0.002099
経歴	1	0.001026	0.002052
大きい	1	0.001026	0.002052
少なく	1	0.001026	0.002052
.	2	0.002051	0.002051
1993	1	0.001026	0.002010
初めて	1	0.001026	0.002010
1936	1	0.001026	0.002010
彼	1	0.001026	0.001971
基本	1	0.001026	0.001935
国際	1	0.001026	0.001935
同年	1	0.001026	0.001935
1996	1	0.001026	0.001935
英語	1	0.001026	0.001902
18	1	0.001026	0.001843
31	1	0.001026	0.001843
初	1	0.001026	0.001816
別	1	0.001026	0.001816
系	1	0.001026	0.001790
交通	1	0.001026	0.001766
度	1	0.001026	0.001766
でき	1	0.001026	0.001743
AC	1	0.001026	0.001743
AB	1	0.001026	0.001743
年生	1	0.001026	0.001743
AD	1	0.001026	0.001721
2000	1	0.001026	0.001701
89	1	0.001026	0.001701
情報	1	0.001026	0.001681
なかっ	1	0.001026	0.001626
BB	1	0.001026	0.001626
2004	1	0.001026	0.001609
国	1	0.001026	0.001593
受け	1	0.001026	0.001593
元	1	0.001026	0.001578
その後	1	0.001026	0.001578
人物	1	0.001026	0.001548
名	1	0.001026	0.001534
　	1	0.001026	0.001469
よう	1	0.001026	0.001413
歴	1	0.001026	0.001402
話	1	0.001026	0.001392
現在	1	0.001026	0.001382
編	1	0.001026	0.001362
外部	1	0.001026	0.001344
的	1	0.001026	0.001326
リンク	1	0.001026	0.001317
後	1	0.001026	0.001284
その	1	0.001026	0.001269
あっ	1	0.001026	0.001261
者	1	0.001026	0.001218
な	1	0.001026	0.001185
も	1	0.001026	0.001120
する	1	0.001026	0.001098
/%	1	0.001026	0.001058
編集	1	0.001026	0.001044
[	1	0.001026	0.001040
]	1	0.001026	0.001040
http	1	0.001026	0.001030
://	1	0.001026	0.001030
ja	1	0.001026	0.001030
wikipedia	1	0.001026	0.001030
org	1	0.001026	0.001030
/	1	0.001026	0.001030
wiki	1	0.001026	0.001030
より	1	0.001026	0.001030
作成	1	0.001026	0.001030
カテゴリ	1	0.001026	0.001030
出典	1	0.001026	0.001026
フリー	1	0.001026	0.001026
百科	1	0.001026	0.001026
事典	1	0.001026	0.001026
『	1	0.001026	0.001026
ウィキペディア	1	0.001026	0.001026
Wikipedia	1	0.001026	0.001026
』	1	0.001026	0.001026
移動	1	0.001026	0.001026
ナビゲーション	1	0.001026	0.001026
検索	1	0.001026	0.001026
