ST	23	0.021536	0.064608
250	24	0.022472	0.051709
、	39	0.036517	0.036517
。	31	0.029026	0.029026
Etype	9	0.008427	0.025281
の	26	0.024345	0.024345
mm	12	0.011236	0.024212
に	25	0.023408	0.023408
→	13	0.012172	0.022565
た	23	0.021536	0.021630
れ	20	0.018727	0.019860
：	14	0.013109	0.019086
スズキ	8	0.007491	0.018899
は	20	0.018727	0.018727
さ	16	0.014981	0.015962
2	16	0.014981	0.015666
始動	5	0.004682	0.014046
て	13	0.012172	0.012333
が	13	0.012172	0.012279
と	13	0.012172	0.012225
エンジン	5	0.004682	0.011812
を	12	0.011236	0.011236
オートバイ	4	0.003745	0.011235
ボルティー	4	0.003745	0.011235
カスタマイズ	4	0.003745	0.011235
%	11	0.010300	0.010436
/	11	0.010300	0.010345
.	11	0.010300	0.010300
装備	4	0.003745	0.009448
キック	4	0.003745	0.009448
S	5	0.004682	0.009364
いる	9	0.008427	0.009198
・	9	0.008427	0.008653
で	9	0.008427	0.008464
l	3	0.002809	0.008427
セル	3	0.002809	0.008427
モデル	4	0.003745	0.008321
販売	4	0.003745	0.007853
kg	4	0.003745	0.007853
年	8	0.007491	0.007798
フェンダー	3	0.002809	0.007581
)/	3	0.002809	0.007581
し	8	0.007491	0.007491
発売	4	0.003745	0.007335
化	5	0.004682	0.007199
バルブ	3	0.002809	0.007087
価格	3	0.002809	0.007087
3	7	0.006554	0.006791
1	7	0.006554	0.006761
前後	3	0.002809	0.006464
M	3	0.002809	0.006241
限定	3	0.002809	0.006241
行わ	4	0.003745	0.006000
(	5	0.004682	0.005755
スタンダード	2	0.001873	0.005619
シンプル	2	0.001873	0.005619
バイク	2	0.001873	0.005619
シリンダー	2	0.001873	0.005619
メッキ	2	0.001873	0.005619
小売	2	0.001873	0.005619
ボルティ	2	0.001873	0.005619
Nm	2	0.001873	0.005619
6000	2	0.001873	0.005619
770	2	0.001873	0.005619
ガス	2	0.001873	0.005619
マフラー	2	0.001873	0.005619
デザインスタディモデル	2	0.001873	0.005619
C	4	0.003745	0.005548
な	5	0.004682	0.005407
台	3	0.002809	0.005298
km	3	0.002809	0.005123
として	5	0.004682	0.005110
-	5	0.004682	0.005086
東京モーターショー	2	0.001873	0.005055
気筒	2	0.001873	0.005055
搭載	2	0.001873	0.005055
kgm	2	0.001873	0.005055
rpm	2	0.001873	0.005055
750	2	0.001873	0.005055
シート	2	0.001873	0.005055
′	2	0.001873	0.005055
排出	2	0.001873	0.005055
施し	2	0.001873	0.005055
18	3	0.002809	0.005045
高	3	0.002809	0.004901
[	5	0.004682	0.004744
]	5	0.004682	0.004744
後継	2	0.001873	0.004725
出品	2	0.001873	0.004725
単	2	0.001873	0.004725
重量	2	0.001873	0.004725
式	3	0.002809	0.004713
（	5	0.004682	0.004682
）	5	0.004682	0.004682
,	5	0.004682	0.004682
90	3	0.002809	0.004602
また	4	0.003745	0.004496
なっ	4	0.003745	0.004496
車種	2	0.001873	0.004491
希望	2	0.001873	0.004491
°	2	0.001873	0.004491
大幅	2	0.001873	0.004491
2004	3	0.002809	0.004406
非常	2	0.001873	0.004310
個	2	0.001873	0.004310
61	2	0.001873	0.004310
など	4	0.003745	0.004257
共通	2	0.001873	0.004162
規制	2	0.001873	0.004162
い	4	0.003745	0.004088
も	4	0.003745	0.004088
から	4	0.003745	0.004068
37	2	0.001873	0.004036
比	2	0.001873	0.004036
55	2	0.001873	0.004036
タイプ	2	0.001873	0.004036
円	2	0.001873	0.004036
4	4	0.003745	0.004009
ある	4	0.003745	0.003953
対応	2	0.001873	0.003928
編集	4	0.003745	0.003811
E	4	0.003745	0.003795
自動車	2	0.001873	0.003746
「	4	0.003745	0.003745
」	4	0.003745	0.003745
変更	2	0.001873	0.003668
82	3	0.002809	0.003630
回	2	0.001873	0.003533
全国	2	0.001873	0.003533
後	3	0.002809	0.003516
ため	3	0.002809	0.003453
万	2	0.001873	0.003314
系	2	0.001873	0.003268
25	2	0.001873	0.003268
月	3	0.002809	0.003176
2003	2	0.001873	0.003142
2008	2	0.001873	0.003068
次	2	0.001873	0.003068
9	3	0.002809	0.003066
のみ	2	0.001873	0.003034
上	2	0.001873	0.002852
:	3	0.002809	0.002809
エスティー	1	0.000936	0.002808
ひゃく	1	0.000936	0.002808
じゅう	1	0.000936	0.002808
ストリート	1	0.000936	0.002808
フォルム	1	0.000936	0.002808
グラストラッカー	1	0.000936	0.002808
空冷	1	0.000936	0.002808
サイクル	1	0.000936	0.002808
SOHC	1	0.000936	0.002808
249	1	0.000936	0.002808
SCEM	1	0.000936	0.002808
耐	1	0.000936	0.002808
効率	1	0.000936	0.002808
ストローク	1	0.000936	0.002808
シングルディスクブレーキ	1	0.000936	0.002808
スポーク	1	0.000936	0.002808
ショック	1	0.000936	0.002808
車載	1	0.000936	0.002808
¥	1	0.000936	0.002808
366	1	0.000936	0.002808
手頃	1	0.000936	0.002808
機種	1	0.000936	0.002808
並	1	0.000936	0.002808
排気	1	0.000936	0.002808
燃費	1	0.000936	0.002808
005	1	0.000936	0.002808
070	1	0.000936	0.002808
375	1	0.000936	0.002808
最低	1	0.000936	0.002808
165	1	0.000936	0.002808
125	1	0.000936	0.002808
129	1	0.000936	0.002808
127	1	0.000936	0.002808
減速	1	0.000936	0.002808
733	1	0.000936	0.002808
866	1	0.000936	0.002808
キャスター	1	0.000936	0.002808
トレール	1	0.000936	0.002808
リヤタイヤ	1	0.000936	0.002808
ハザード	1	0.000936	0.002808
パッシングライト・スイッチ	1	0.000936	0.002808
スターター	1	0.000936	0.002808
マニュアルデコンプ	1	0.000936	0.002808
ヘッドライト	1	0.000936	0.002808
メーター	1	0.000936	0.002808
高級	1	0.000936	0.002808
有る	1	0.000936	0.002808
グラデーション	1	0.000936	0.002808
点火	1	0.000936	0.002808
トランジスタ	1	0.000936	0.002808
CDI	1	0.000936	0.002808
フューエルインジェクション	1	0.000936	0.002808
触媒	1	0.000936	0.002808
質感	1	0.000936	0.002808
定価	1	0.000936	0.002808
税込み	1	0.000936	0.002808
DESIGN	1	0.000936	0.002808
STUDY	1	0.000936	0.002808
MODEL	1	0.000936	0.002808
（株）	1	0.000936	0.002808
セパレート	1	0.000936	0.002808
ハンドル	1	0.000936	0.002808
フロントカウル	1	0.000936	0.002808
レーサー	1	0.000936	0.002808
レッグシールド	1	0.000936	0.002808
ノスタルジック	1	0.000936	0.002808
醸し	1	0.000936	0.002808
だす	1	0.000936	0.002808
SW	1	0.000936	0.002808
BBST	1	0.000936	0.002808
ボーイ	1	0.000936	0.002526
ps	1	0.000936	0.002526
摩耗	1	0.000936	0.002526
伝導	1	0.000936	0.002526
冷却	1	0.000936	0.002526
ホイール	1	0.000936	0.002526
ツイン	1	0.000936	0.002526
樹脂	1	0.000936	0.002526
簡素	1	0.000936	0.002526
450	1	0.000936	0.002526
当たり	1	0.000936	0.002526
売	1	0.000936	0.002526
圧縮	1	0.000936	0.002526
トルク	1	0.000936	0.002526
前期	1	0.000936	0.002526
325	1	0.000936	0.002526
乾燥	1	0.000936	0.002526
107	1	0.000936	0.002526
フロント	1	0.000936	0.002526
タイヤ	1	0.000936	0.002526
110	1	0.000936	0.002526
スイッチ	1	0.000936	0.002526
消滅	1	0.000936	0.002526
感	1	0.000936	0.002526
加工	1	0.000936	0.002526
ガソリン	1	0.000936	0.002526
タンク	1	0.000936	0.002526
塗装	1	0.000936	0.002526
変わり	1	0.000936	0.002526
フル	1	0.000936	0.002526
強	1	0.000936	0.002526
チェンジ	1	0.000936	0.002526
ステップ	1	0.000936	0.002526
アルミ	1	0.000936	0.002526
雰囲気	1	0.000936	0.002526
往年	1	0.000936	0.002526
第	2	0.001873	0.002523
外部	2	0.001873	0.002453
12	2	0.001873	0.002453
により	2	0.001873	0.002453
的	2	0.001873	0.002421
リンク	2	0.001873	0.002405
ビッグ	1	0.000936	0.002361
新規	1	0.000936	0.002361
cc	1	0.000936	0.002361
現行	1	0.000936	0.002361
工具	1	0.000936	0.002361
扱い	1	0.000936	0.002361
乗り	1	0.000936	0.002361
部品	1	0.000936	0.002361
スペック	1	0.000936	0.002361
)→	1	0.000936	0.002361
全幅	1	0.000936	0.002361
軸	1	0.000936	0.002361
160	1	0.000936	0.002361
51	1	0.000936	0.002361
増	1	0.000936	0.002361
マイナー	1	0.000936	0.002361
上昇	1	0.000936	0.002361
製造	1	0.000936	0.002244
ベース	1	0.000936	0.002244
優れ	1	0.000936	0.002244
熱	1	0.000936	0.002244
オプション	1	0.000936	0.002244
地上	1	0.000936	0.002244
統合	1	0.000936	0.002244
併用	1	0.000936	0.002244
輪	1	0.000936	0.002244
大型	1	0.000936	0.002244
や	2	0.001873	0.002211
日	2	0.001873	0.002187
出力	1	0.000936	0.002154
低	1	0.000936	0.002154
口	1	0.000936	0.002154
57	1	0.000936	0.002154
距離	1	0.000936	0.002154
120	1	0.000936	0.002154
こと	2	0.001873	0.002152
この	2	0.001873	0.002086
実現	1	0.000936	0.002080
進め	1	0.000936	0.002080
違い	1	0.000936	0.002080
47	1	0.000936	0.002080
生産	1	0.000936	0.002080
性能	1	0.000936	0.002080
無い	1	0.000936	0.002080
同時に	1	0.000936	0.002080
バック	1	0.000936	0.002080
イメージ	1	0.000936	0.002080
最も	1	0.000936	0.002017
やすい	1	0.000936	0.002017
54	1	0.000936	0.002017
カバー	1	0.000936	0.002017
方式	1	0.000936	0.002017
向上	1	0.000936	0.002017
シングル	1	0.000936	0.002017
似	1	0.000936	0.002017
する	2	0.001873	0.002005
B	2	0.001873	0.001996
以前	1	0.000936	0.001963
設計	1	0.000936	0.001963
最高	1	0.000936	0.001963
高速	1	0.000936	0.001963
採用	1	0.000936	0.001963
率	1	0.000936	0.001963
最大	1	0.000936	0.001963
全長	1	0.000936	0.001963
00	1	0.000936	0.001963
加え	1	0.000936	0.001963
よく	1	0.000936	0.001963
事実	1	0.000936	0.001915
程度	1	0.000936	0.001915
特徴	1	0.000936	0.001872
意味	1	0.000936	0.001872
両	1	0.000936	0.001872
終了	1	0.000936	0.001872
45	1	0.000936	0.001872
200	1	0.000936	0.001872
高い	1	0.000936	0.001833
92	1	0.000936	0.001833
諸	1	0.000936	0.001833
に対し	1	0.000936	0.001798
為	1	0.000936	0.001798
とも	1	0.000936	0.001765
基本	1	0.000936	0.001765
廃止	1	0.000936	0.001765
ご	1	0.000936	0.001707
100	1	0.000936	0.001707
結果	1	0.000936	0.001681
初	1	0.000936	0.001656
型	1	0.000936	0.001633
22	1	0.000936	0.001590
28	1	0.000936	0.001590
17	1	0.000936	0.001590
PJ	1	0.000936	0.001590
BA	1	0.000936	0.001590
だっ	1	0.000936	0.001570
80	1	0.000936	0.001570
参考	1	0.000936	0.001570
AD	1	0.000936	0.001570
21	1	0.000936	0.001533
多い	1	0.000936	0.001516
世界	1	0.000936	0.001468
2007	1	0.000936	0.001468
元	1	0.000936	0.001439
なお	1	0.000936	0.001439
性	1	0.000936	0.001425
書き	1	0.000936	0.001412
加筆	1	0.000936	0.001412
訂正	1	0.000936	0.001412
下さる	1	0.000936	0.001412
15	1	0.000936	0.001399
記事	1	0.000936	0.001375
20	1	0.000936	0.001363
二	1	0.000936	0.001363
かけ	1	0.000936	0.001363
です	1	0.000936	0.001363
協力	1	0.000936	0.001351
求め	1	0.000936	0.001340
0	1	0.000936	0.001289
現在	1	0.000936	0.001261
まで	1	0.000936	0.001261
ます	1	0.000936	0.001218
)	1	0.000936	0.001179
83	1	0.000936	0.001179
へ	1	0.000936	0.001165
者	1	0.000936	0.001111
目次	1	0.000936	0.001070
表示	1	0.000936	0.001070
項目	1	0.000936	0.001070
非	1	0.000936	0.001053
関連	1	0.000936	0.001048
A	1	0.000936	0.001012
5	1	0.000936	0.000970
/%	1	0.000936	0.000965
http	1	0.000936	0.000940
://	1	0.000936	0.000940
ja	1	0.000936	0.000940
wikipedia	1	0.000936	0.000940
org	1	0.000936	0.000940
wiki	1	0.000936	0.000940
より	1	0.000936	0.000940
作成	1	0.000936	0.000940
カテゴリ	1	0.000936	0.000940
出典	1	0.000936	0.000936
フリー	1	0.000936	0.000936
百科	1	0.000936	0.000936
事典	1	0.000936	0.000936
『	1	0.000936	0.000936
ウィキペディア	1	0.000936	0.000936
Wikipedia	1	0.000936	0.000936
』	1	0.000936	0.000936
移動	1	0.000936	0.000936
ナビゲーション	1	0.000936	0.000936
検索	1	0.000936	0.000936
