オフィス	16	0.025157	0.075471
サービス	12	0.018868	0.043416
%	23	0.036164	0.036642
。	21	0.033019	0.033019
貸し	8	0.012579	0.031735
の	20	0.031447	0.031447
が	17	0.026730	0.026965
に	17	0.026730	0.026730
事	9	0.014151	0.025810
レンタル	6	0.009434	0.025462
も	12	0.018868	0.020595
を	13	0.020440	0.020440
、	12	0.018868	0.018868
借りる	4	0.006289	0.018867
3	11	0.017296	0.017922
て	11	0.017296	0.017525
事務所	5	0.007862	0.017468
で	11	0.017296	0.017371
机	4	0.006289	0.016974
形	5	0.007862	0.014828
できる	6	0.009434	0.014506
マンション	3	0.004717	0.014151
サービスアパートメント	3	0.004717	0.014151
電話	3	0.004717	0.014151
等	6	0.009434	0.013976
E	8	0.012579	0.012745
多い	5	0.007862	0.012735
いる	7	0.011006	0.012013
ある	6	0.009434	0.009958
[	6	0.009434	0.009559
]	6	0.009434	0.009559
イニシャル	2	0.003145	0.009435
バーチャル	2	0.003145	0.009435
入居	2	0.003145	0.009435
グレード	2	0.003145	0.009435
住所	2	0.003145	0.009435
貸す	2	0.003145	0.009435
し	6	0.009434	0.009434
や	5	0.007862	0.009281
　	4	0.006289	0.009005
IT	2	0.003145	0.008488
契約	2	0.003145	0.008488
顧客	2	0.003145	0.008488
82	4	0.006289	0.008128
編集	5	0.007862	0.008001
備え	2	0.003145	0.007934
コスト	2	0.003145	0.007934
大手	2	0.003145	0.007934
83	4	0.006289	0.007922
部屋	2	0.003145	0.007542
会議	2	0.003145	0.007542
出さ	2	0.003145	0.007542
ビジネス	2	0.003145	0.007542
ない	4	0.006289	0.007508
時間	3	0.004717	0.007477
低い	2	0.003145	0.007237
作業	2	0.003145	0.007237
として	4	0.006289	0.006865
スペース	2	0.003145	0.006777
室	2	0.003145	0.006777
提供	2	0.003145	0.006595
会社	2	0.003145	0.006595
ので	2	0.003145	0.006595
・	4	0.006289	0.006458
／	2	0.003145	0.006434
プロジェクト	2	0.003145	0.006434
物	2	0.003145	0.006290
は	4	0.006289	0.006289
的	3	0.004717	0.006096
万	2	0.003145	0.005565
東京	2	0.003145	0.005487
な	3	0.004717	0.005448
一般	2	0.003145	0.005413
一部	2	0.003145	0.005152
利用	2	0.003145	0.005038
と	3	0.004717	0.004738
:	3	0.004717	0.004717
イス	1	0.001572	0.004716
自前	1	0.001572	0.004716
賃貸借	1	0.001572	0.004716
課金	1	0.001572	0.004716
いろいろ	1	0.001572	0.004716
間貸し	1	0.001572	0.004716
月極	1	0.001572	0.004716
いくら	1	0.001572	0.004716
千差万別	1	0.001572	0.004716
登記	1	0.001572	0.004716
税務署	1	0.001572	0.004716
脱税	1	0.001572	0.004716
モバイラー	1	0.001572	0.004716
向き	1	0.001572	0.004716
タッチダウンオフィス	1	0.001572	0.004716
スケジュール	1	0.001572	0.004716
むい	1	0.001572	0.004716
うるさい	1	0.001572	0.004716
風潮	1	0.001572	0.004716
サテライト	1	0.001572	0.004716
ふえ	1	0.001572	0.004716
貸与	1	0.001572	0.004716
転送	1	0.001572	0.004716
応対	1	0.001572	0.004716
まるで	1	0.001572	0.004716
かかわら	1	0.001572	0.004716
迅速	1	0.001572	0.004716
うたがわ	1	0.001572	0.004716
ベンダー	1	0.001572	0.004716
すむ	1	0.001572	0.004716
兼用	1	0.001572	0.004716
賃料	1	0.001572	0.004716
私設	1	0.001572	0.004716
私書箱	1	0.001572	0.004716
ビューロー	1	0.001572	0.004716
コンビニ	1	0.001572	0.004716
シェアードオフィス	1	0.001572	0.004716
シェアリング	1	0.001572	0.004716
コーポラティブオフィス	1	0.001572	0.004716
インキュベーションオフィス	1	0.001572	0.004716
によって	2	0.003145	0.004618
よう	2	0.003145	0.004330
一	2	0.003145	0.004298
執務	1	0.001572	0.004243
インフラ	1	0.001572	0.004243
オーナー	1	0.001572	0.004243
貸	1	0.001572	0.004243
起業	1	0.001572	0.004243
都内	1	0.001572	0.004243
費用	1	0.001572	0.004243
使う	1	0.001572	0.004243
にあたって	1	0.001572	0.004243
パソコン	1	0.001572	0.004243
持ち込ん	1	0.001572	0.004243
メール	1	0.001572	0.004243
チェック	1	0.001572	0.004243
充実	1	0.001572	0.004243
個人	1	0.001572	0.004243
PR	1	0.001572	0.004243
都心	1	0.001572	0.004243
開き	1	0.001572	0.004243
珍しく	1	0.001572	0.004243
代行	1	0.001572	0.004243
ルーム	1	0.001572	0.004243
空間	1	0.001572	0.003966
ビル	1	0.001572	0.003966
総称	1	0.001572	0.003966
届	1	0.001572	0.003966
調整	1	0.001572	0.003966
地図	1	0.001572	0.003966
設備	1	0.001572	0.003966
昨今	1	0.001572	0.003966
配慮	1	0.001572	0.003966
郵便	1	0.001572	0.003966
駆使	1	0.001572	0.003966
住居	1	0.001572	0.003966
スペック	1	0.001572	0.003966
れる	2	0.003145	0.003776
結ん	1	0.001572	0.003770
分類	1	0.001572	0.003770
ひとつ	1	0.001572	0.003770
しろ	1	0.001572	0.003770
いけ	1	0.001572	0.003770
事務	1	0.001572	0.003770
機器	1	0.001572	0.003770
普段	1	0.001572	0.003770
訪問	1	0.001572	0.003770
先	1	0.001572	0.003770
番号	1	0.001572	0.003770
対外	1	0.001572	0.003770
こう	1	0.001572	0.003770
中小	1	0.001572	0.003770
登録	1	0.001572	0.003770
業務	1	0.001572	0.003617
箇所	1	0.001572	0.003617
広	1	0.001572	0.003617
あたる	1	0.001572	0.003617
メーカー	1	0.001572	0.003617
出来る	1	0.001572	0.003617
確認	1	0.001572	0.003617
300	1	0.001572	0.003617
こと	2	0.003145	0.003613
項目	2	0.003145	0.003594
関連	2	0.003145	0.003520
違い	1	0.001572	0.003493
いずれ	1	0.001572	0.003493
開設	1	0.001572	0.003493
使っ	1	0.001572	0.003493
そこ	1	0.001572	0.003493
北海道	1	0.001572	0.003493
九州	1	0.001572	0.003493
ヶ月	1	0.001572	0.003493
から	2	0.003145	0.003416
タイプ	1	0.001572	0.003388
しまう	1	0.001572	0.003388
企業	1	0.001572	0.003388
カバー	1	0.001572	0.003388
する	2	0.003145	0.003367
さ	2	0.003145	0.003351
B	2	0.003145	0.003351
方法	1	0.001572	0.003296
番	1	0.001572	0.003296
近い	1	0.001572	0.003296
対応	1	0.001572	0.003296
デザイン	1	0.001572	0.003296
建築	1	0.001572	0.003296
1	2	0.003145	0.003244
期	1	0.001572	0.003216
期間	1	0.001572	0.003216
開業	1	0.001572	0.003216
法人	1	0.001572	0.003216
といった	1	0.001572	0.003216
程度	1	0.001572	0.003216
た	2	0.003145	0.003159
より	2	0.003145	0.003159
（	2	0.003145	0.003145
）	2	0.003145	0.003145
.	2	0.003145	0.003145
様々	1	0.001572	0.003144
いっ	1	0.001572	0.003144
ところ	1	0.001572	0.003079
保護	1	0.001572	0.003079
使わ	1	0.001572	0.003079
ほとんど	1	0.001572	0.003079
BF	1	0.001572	0.003079
規模	1	0.001572	0.003020
以上	1	0.001572	0.002965
事業	1	0.001572	0.002965
センター	1	0.001572	0.002914
100	1	0.001572	0.002867
所在地	1	0.001572	0.002867
95	1	0.001572	0.002743
AA	1	0.001572	0.002706
所	1	0.001572	0.002671
AC	1	0.001572	0.002671
AB	1	0.001572	0.002671
行う	1	0.001572	0.002606
必要	1	0.001572	0.002575
情報	1	0.001572	0.002575
部	1	0.001572	0.002546
場合	1	0.001572	0.002441
なく	1	0.001572	0.002394
か	1	0.001572	0.002350
20	1	0.001572	0.002289
だ	1	0.001572	0.002269
ず	1	0.001572	0.002251
という	1	0.001572	0.002073
ため	1	0.001572	0.001932
なっ	1	0.001572	0.001887
目次	1	0.001572	0.001796
表示	1	0.001572	0.001796
など	1	0.001572	0.001787
非	1	0.001572	0.001768
9	1	0.001572	0.001716
A	1	0.001572	0.001699
4	1	0.001572	0.001683
2	1	0.001572	0.001644
5	1	0.001572	0.001629
/%	1	0.001572	0.001622
http	1	0.001572	0.001579
://	1	0.001572	0.001579
ja	1	0.001572	0.001579
wikipedia	1	0.001572	0.001579
org	1	0.001572	0.001579
/	1	0.001572	0.001579
wiki	1	0.001572	0.001579
作成	1	0.001572	0.001579
カテゴリ	1	0.001572	0.001579
出典	1	0.001572	0.001572
フリー	1	0.001572	0.001572
百科	1	0.001572	0.001572
事典	1	0.001572	0.001572
『	1	0.001572	0.001572
ウィキペディア	1	0.001572	0.001572
Wikipedia	1	0.001572	0.001572
』	1	0.001572	0.001572
移動	1	0.001572	0.001572
ナビゲーション	1	0.001572	0.001572
,	1	0.001572	0.001572
検索	1	0.001572	0.001572
「	1	0.001572	0.001572
」	1	0.001572	0.001572
