、	88	0.037447	0.037447
の	78	0.033191	0.033191
。	59	0.025106	0.025106
が	56	0.023830	0.024039
実弾	17	0.007234	0.021702
訓練	20	0.008511	0.021472
に	46	0.019574	0.019574
射撃	17	0.007234	0.019524
原野	15	0.006383	0.019149
火災	15	0.006383	0.019149
日	38	0.016170	0.018878
月	39	0.016596	0.018766
を	41	0.017447	0.017447
年	38	0.016170	0.016832
焼失	15	0.006383	0.015306
て	35	0.014894	0.015091
基地	13	0.005532	0.014931
は	35	0.014894	0.014894
：	24	0.010213	0.014869
約	18	0.007660	0.013555
移設	12	0.005106	0.012882
反対	14	0.005957	0.012837
発生	15	0.006383	0.012039
2	27	0.011489	0.012015
で	28	0.011915	0.011967
000	14	0.005957	0.011914
調査	14	0.005957	0.011914
m	15	0.006383	0.011833
いる	25	0.010638	0.011612
た	27	0.011489	0.011539
し	27	0.011489	0.011489
%	26	0.011064	0.011210
普天間	8	0.003404	0.010212
派	10	0.004255	0.009169
キャンプ・シュワブ	7	0.002979	0.008937
海兵	7	0.002979	0.008937
辺野古	7	0.002979	0.008937
により	16	0.006809	0.008918
米	10	0.004255	0.008705
「	20	0.008511	0.008511
」	20	0.008511	0.008511
軍	11	0.004681	0.008283
5	18	0.007660	0.007937
[	18	0.007660	0.007761
名護	6	0.002553	0.007659
在日	6	0.002553	0.007659
沖縄	8	0.003404	0.007563
3	17	0.007234	0.007496
と	17	0.007234	0.007266
隊	8	0.003404	0.006964
.^	11	0.004681	0.006935
,	16	0.006809	0.006809
2007	10	0.004255	0.006675
海	6	0.002553	0.005875
れ	12	0.005106	0.005415
掃海	4	0.001702	0.005106
ダイバー	4	0.001702	0.005106
派遣	5	0.002128	0.005103
19	7	0.002979	0.005061
さ	11	0.004681	0.004988
]。	7	0.002979	0.004880
11	8	0.003404	0.004759
]	11	0.004681	0.004743
.	11	0.004681	0.004681
から	10	0.004255	0.004622
ぶん	4	0.001702	0.004594
1	10	0.004255	0.004389
・	10	0.004255	0.004369
防衛	4	0.001702	0.004294
抗議	4	0.001702	0.004294
保全	4	0.001702	0.004294
ため	8	0.003404	0.004184
情報	6	0.002553	0.004183
として	9	0.003830	0.004181
9	9	0.003830	0.004181
も	9	0.003830	0.004181
10	7	0.002979	0.004071
市	6	0.002553	0.003888
E	9	0.003830	0.003881
シュワブ	3	0.001277	0.003831
海域	3	0.001277	0.003831
妨害	3	0.001277	0.003831
海上	3	0.001277	0.003831
自衛隊	3	0.001277	0.003831
現況	3	0.001277	0.003831
暴行	3	0.001277	0.003831
琉球新報	3	0.001277	0.003831
保坂	3	0.001277	0.003831
守屋	3	0.001277	0.003831
128	3	0.001277	0.003831
83	7	0.002979	0.003752
市民	4	0.001702	0.003668
施設	5	0.002128	0.003663
活動	5	0.002128	0.003663
4	8	0.003404	0.003644
8	8	0.003404	0.003560
編集	8	0.003404	0.003464
区域	3	0.001277	0.003447
母艦	3	0.001277	0.003447
暴力	3	0.001277	0.003447
（	8	0.003404	0.003404
）	8	0.003404	0.003404
12	6	0.002553	0.003344
1994	4	0.001702	0.003334
この	7	0.002979	0.003317
6	7	0.002979	0.003300
7	7	0.002979	0.003252
行動	3	0.001277	0.003222
ご	4	0.001702	0.003104
20	5	0.002128	0.003098
行為	3	0.001277	0.003062
機器	3	0.001277	0.003062
監視	3	0.001277	0.003062
自	3	0.001277	0.003062
18	4	0.001702	0.003057
ない	6	0.002553	0.003048
行っ	4	0.001702	0.002970
部隊	3	0.001277	0.002938
主張	3	0.001277	0.002938
作業	3	0.001277	0.002938
度	4	0.001702	0.002930
中	5	0.002128	0.002908
部	4	0.001702	0.002757
逮捕	3	0.001277	0.002752
省	3	0.001277	0.002752
人	5	0.002128	0.002681
40	3	0.001277	0.002612
団体	3	0.001277	0.002612
環境	3	0.001277	0.002612
計画	3	0.001277	0.002554
Schwab	2	0.000851	0.002553
宜野座	2	0.000851	0.002553
%(	2	0.000851	0.002553
強襲	2	0.000851	0.002553
水陸	2	0.000851	0.002553
不当	2	0.000851	0.002553
水中	2	0.000851	0.002553
殴る	2	0.000851	0.002553
蹴る	2	0.000851	0.002553
北海道新聞	2	0.000851	0.002553
瑞穂	2	0.000851	0.002553
阻止	2	0.000851	0.002553
サンゴ	2	0.000851	0.002553
どこ	2	0.000851	0.002553
52472	2	0.000851	0.002553
04444	2	0.000851	0.002553
名	4	0.001702	0.002544
員	3	0.001277	0.002501
使用	4	0.001702	0.002499
な	5	0.002128	0.002458
23	3	0.001277	0.002453
など	5	0.002128	0.002419
km	3	0.001277	0.002329
問題	3	0.001277	0.002329
い	5	0.002128	0.002323
キャンプ	2	0.000851	0.002297
任務	2	0.000851	0.002297
大隊	2	0.000851	0.002297
廃	2	0.000851	0.002297
弾	2	0.000851	0.002297
両用	2	0.000851	0.002297
進行	2	0.000851	0.002297
代替	2	0.000851	0.002297
住民	2	0.000851	0.002297
次官	2	0.000851	0.002297
沿岸	2	0.000851	0.002297
参照	3	0.001277	0.002293
機関	3	0.001277	0.002293
設置	3	0.001277	0.002293
第	4	0.001702	0.002292
ある	5	0.002128	0.002246
26	3	0.001277	0.002228
アメリカ	3	0.001277	0.002198
29	3	0.001277	0.002198
2006	3	0.001277	0.002198
可能	3	0.001277	0.002170
沖	2	0.000851	0.002147
処理	2	0.000851	0.002147
銃	2	0.000851	0.002147
ヘリコプター	2	0.000851	0.002147
福島	2	0.000851	0.002147
議員	2	0.000851	0.002147
日記	2	0.000851	0.002147
政党	2	0.000851	0.002147
/	5	0.002128	0.002137
21	3	0.001277	0.002092
展	2	0.000851	0.002041
飛行場	2	0.000851	0.002041
16	3	0.001277	0.001964
1984	2	0.000851	0.001958
車両	2	0.000851	0.001958
][	2	0.000851	0.001958
報道	2	0.000851	0.001958
東経	2	0.000851	0.001958
性	3	0.001277	0.001945
地理	2	0.000851	0.001891
外	2	0.000851	0.001891
地元	2	0.000851	0.001891
被害	2	0.000851	0.001891
面積	2	0.000851	0.001834
運動	2	0.000851	0.001834
mm	2	0.000851	0.001834
北緯	2	0.000851	0.001834
秒	2	0.000851	0.001834
県	3	0.001277	0.001828
する	4	0.001702	0.001822
村	2	0.000851	0.001784
地区	2	0.000851	0.001784
1981	2	0.000851	0.001784
決定	2	0.000851	0.001784
批判	2	0.000851	0.001784
移転	2	0.000851	0.001784
節	2	0.000851	0.001741
事実	2	0.000851	0.001741
現在	3	0.001277	0.001720
:	4	0.001702	0.001702
沿革	2	0.000851	0.001702
何	2	0.000851	0.001702
24	2	0.000851	0.001635
ただし	2	0.000851	0.001635
に対し	2	0.000851	0.001635
1995	2	0.000851	0.001605
へ	3	0.001277	0.001589
その	3	0.001277	0.001579
あっ	3	0.001277	0.001570
31	2	0.000851	0.001528
や	3	0.001277	0.001507
その他	2	0.000851	0.001506
あり	3	0.001277	0.001491
こと	3	0.001277	0.001467
2002	2	0.000851	0.001465
非	3	0.001277	0.001437
概要	2	0.000851	0.001394
同	2	0.000851	0.001394
90	2	0.000851	0.001394
分	2	0.000851	0.001394
-	3	0.001277	0.001387
14	2	0.000851	0.001335
について	2	0.000851	0.001335
地	2	0.000851	0.001308
より	3	0.001277	0.001283
キャンプ・シュワブキャンプ・シュワブ	1	0.000426	0.001278
Camp	1	0.000426	0.001278
国頭	1	0.000426	0.001278
またがる	1	0.000426	0.001278
上空	1	0.000426	0.001278
フィート	1	0.000426	0.001278
アルバート	1	0.000426	0.001278
アーネスト	1	0.000426	0.001278
Albert	1	0.000426	0.001278
Earnest	1	0.000426	0.001278
オクラホマ	1	0.000426	0.001278
タルサ	1	0.000426	0.001278
因ん	1	0.000426	0.001278
私有地	1	0.000426	0.001278
金額	1	0.000426	0.001278
賃借	1	0.000426	0.001278
地主	1	0.000426	0.001278
支払わ	1	0.000426	0.001278
揚陸	1	0.000426	0.001278
内陸	1	0.000426	0.001278
弾薬	1	0.000426	0.001278
庫	1	0.000426	0.001278
誤	1	0.000426	0.001278
銃弾	1	0.000426	0.001278
命中	1	0.000426	0.001278
落下	1	0.000426	0.001278
UH	1	0.000426	0.001278
墜落	1	0.000426	0.001278
重軽傷	1	0.000426	0.001278
全員	1	0.000426	0.001278
285	1	0.000426	0.001278
事象	1	0.000426	0.001278
沖合	1	0.000426	0.001278
持ち上がっ	1	0.000426	0.001278
危惧	1	0.000426	0.001278
北限	1	0.000426	0.001278
反戦	1	0.000426	0.001278
あがっ	1	0.000426	0.001278
先立つ	1	0.000426	0.001278
巡っ	1	0.000426	0.001278
公務	1	0.000426	0.001278
釈放	1	0.000426	0.001278
久間	1	0.000426	0.001278
章生	1	0.000426	0.001278
短時間	1	0.000426	0.001278
防衛施設庁	1	0.000426	0.001278
警備	1	0.000426	0.001278
武装	1	0.000426	0.001278
威圧	1	0.000426	0.001278
思い出さ	1	0.000426	0.001278
仲井	1	0.000426	0.001278
真弘	1	0.000426	0.001278
銃剣	1	0.000426	0.001278
突きつけ	1	0.000426	0.001278
連想	1	0.000426	0.001278
強烈	1	0.000426	0.001278
生む	1	0.000426	0.001278
やり方	1	0.000426	0.001278
デリカシー	1	0.000426	0.001278
欠ける	1	0.000426	0.001278
隊員	1	0.000426	0.001278
海中	1	0.000426	0.001278
吸う	1	0.000426	0.001278
くわえ	1	0.000426	0.001278
レギュレーター	1	0.000426	0.001278
外さ	1	0.000426	0.001278
申告	1	0.000426	0.001278
反論	1	0.000426	0.001278
海上保安庁	1	0.000426	0.001278
悪質	1	0.000426	0.001278
物的	1	0.000426	0.001278
珊瑚	1	0.000426	0.001278
時事通信社	1	0.000426	0.001278
判明	1	0.000426	0.001278
社会民主党	1	0.000426	0.001278
党首	1	0.000426	0.001278
市ヶ谷	1	0.000426	0.001278
昌	1	0.000426	0.001278
事務次官	1	0.000426	0.001278
其の	1	0.000426	0.001278
記者	1	0.000426	0.001278
非公式	1	0.000426	0.001278
受注	1	0.000426	0.001278
スクーバダイビング	1	0.000426	0.001278
閉止	1	0.000426	0.001278
投開票	1	0.000426	0.001278
無所属	1	0.000426	0.001278
稲	1	0.000426	0.001278
嶺	1	0.000426	0.001278
当選	1	0.000426	0.001278
暗礁	1	0.000426	0.001278
乗り上げる	1	0.000426	0.001278
由紀夫	1	0.000426	0.001278
持ち越す	1	0.000426	0.001278
探っ	1	0.000426	0.001278
沖縄タイムス	1	0.000426	0.001278
自艦	1	0.000426	0.001278
辺野古崎	1	0.000426	0.001278
近海	1	0.000426	0.001278
母船	1	0.000426	0.001278
読売新聞	1	0.000426	0.001278
聴く	1	0.000426	0.001278
」-	1	0.000426	0.001278
痛切	1	0.000426	0.001278
日刊	1	0.000426	0.001278
ベリタ	1	0.000426	0.001278
機材	1	0.000426	0.001278
支柱	1	0.000426	0.001278
貫か	1	0.000426	0.001278
時事通信	1	0.000426	0.001278
どきどき	1	0.000426	0.001278
座標	1	0.000426	0.001278
おり	2	0.000851	0.001239
による	2	0.000851	0.001163
戦死	1	0.000426	0.001150
一等	1	0.000426	0.001150
比率	1	0.000426	0.001150
在	1	0.000426	0.001150
師団	1	0.000426	0.001150
演習	1	0.000426	0.001150
連隊	1	0.000426	0.001150
歩兵	1	0.000426	0.001150
329	1	0.000426	0.001150
分かれ	1	0.000426	0.001150
復帰	1	0.000426	0.001150
畑	1	0.000426	0.001150
射	1	0.000426	0.001150
発射	1	0.000426	0.001150
CH	1	0.000426	0.001150
ドア	1	0.000426	0.001150
沈没	1	0.000426	0.001150
絶滅	1	0.000426	0.001150
ジュゴン	1	0.000426	0.001150
牧師	1	0.000426	0.001150
相	1	0.000426	0.001150
基づい	1	0.000426	0.001150
異例	1	0.000426	0.001150
砲	1	0.000426	0.001150
そのもの	1	0.000426	0.001150
県知事	1	0.000426	0.001150
誤解	1	0.000426	0.001150
結局	1	0.000426	0.001150
タンク	1	0.000426	0.001150
管区	1	0.000426	0.001150
捜査	1	0.000426	0.001150
乗り出し	1	0.000426	0.001150
現時点	1	0.000426	0.001150
証拠	1	0.000426	0.001150
発覚	1	0.000426	0.001150
事後	1	0.000426	0.001150
収集	1	0.000426	0.001150
言及	1	0.000426	0.001150
会見	1	0.000426	0.001150
両論	1	0.000426	0.001150
併記	1	0.000426	0.001150
未遂	1	0.000426	0.001150
市長	1	0.000426	0.001150
同市	1	0.000426	0.001150
進	1	0.000426	0.001150
確定	1	0.000426	0.001150
鳩山	1	0.000426	0.001150
内閣	1	0.000426	0.001150
結論	1	0.000426	0.001150
見つかっ	1	0.000426	0.001150
兵舎	1	0.000426	0.001150
".	1	0.000426	0.001150
朝日新聞	1	0.000426	0.001150
海底	1	0.000426	0.001150
接触	1	0.000426	0.001150
管	1	0.000426	0.001150
アピール	1	0.000426	0.001150
床	1	0.000426	0.001150
脱	1	0.000426	0.001150
原発	1	0.000426	0.001150
許さ	1	0.000426	0.001150
まで	2	0.000851	0.001146
という	2	0.000851	0.001122
外部	2	0.000851	0.001115
ます	2	0.000851	0.001107
82	2	0.000851	0.001100
リンク	2	0.000851	0.001093
占め	1	0.000426	0.001075
名誉	1	0.000426	0.001075
受章	1	0.000426	0.001075
市町村	1	0.000426	0.001075
占める	1	0.000426	0.001075
土地	1	0.000426	0.001075
民家	1	0.000426	0.001075
乗組	1	0.000426	0.001075
救助	1	0.000426	0.001075
案	1	0.000426	0.001075
執行	1	0.000426	0.001075
器具	1	0.000426	0.001075
艦艇	1	0.000426	0.001075
備え	1	0.000426	0.001075
姿	1	0.000426	0.001075
見せ	1	0.000426	0.001075
空気	1	0.000426	0.001075
職員	1	0.000426	0.001075
加える	1	0.000426	0.001075
届	1	0.000426	0.001075
破壊	1	0.000426	0.001075
不法	1	0.000426	0.001075
ブログ	1	0.000426	0.001075
各社	1	0.000426	0.001075
現地	1	0.000426	0.001075
中止	1	0.000426	0.001075
あの	1	0.000426	0.001075
殺人	1	0.000426	0.001075
同然	1	0.000426	0.001075
装備	1	0.000426	0.001075
バルブ	1	0.000426	0.001075
実行	1	0.000426	0.001075
明らか	1	0.000426	0.001075
閲覧	1	0.000426	0.001075
着手	1	0.000426	0.001075
待機	1	0.000426	0.001075
？	1	0.000426	0.001075
追跡	1	0.000426	0.001075
損傷	1	0.000426	0.001075
県民	1	0.000426	0.001075
遠征	1	0.000426	0.001075
再編	1	0.000426	0.001075
)	2	0.000851	0.001072
れる	2	0.000851	0.001022
なっ	2	0.000851	0.001022
また	2	0.000851	0.001022
63	1	0.000426	0.001022
勲章	1	0.000426	0.001022
兵	1	0.000426	0.001022
司令	1	0.000426	0.001022
超える	1	0.000426	0.001022
料	1	0.000426	0.001022
東側	1	0.000426	0.001022
海岸	1	0.000426	0.001022
1956	1	0.000426	0.001022
停車	1	0.000426	0.001022
53	1	0.000426	0.001022
民間	1	0.000426	0.001022
最新	1	0.000426	0.001022
反映	1	0.000426	0.001022
生息	1	0.000426	0.001022
76	1	0.000426	0.001022
出す	1	0.000426	0.001022
インターネット	1	0.000426	0.001022
保安	1	0.000426	0.001022
態度	1	0.000426	0.001022
訪問	1	0.000426	0.001022
報告	1	0.000426	0.001022
但し	1	0.000426	0.001022
否定	1	0.000426	0.001022
要求	1	0.000426	0.001022
選挙	1	0.000426	0.001022
合意	1	0.000426	0.001022
守る	1	0.000426	0.001022
自動	1	0.000426	0.001022
着	1	0.000426	0.001022
;	1	0.000426	0.001022
者	2	0.000851	0.001010
)、	1	0.000426	0.000980
およそ	1	0.000426	0.000980
西側	1	0.000426	0.000980
飛行	1	0.000426	0.000980
死亡	1	0.000426	0.000980
扱っ	1	0.000426	0.000980
文化財	1	0.000426	0.000980
容疑	1	0.000426	0.000980
平和	1	0.000426	0.000980
連絡	1	0.000426	0.000980
国家	1	0.000426	0.000980
行政	1	0.000426	0.000980
重	1	0.000426	0.000980
活発	1	0.000426	0.000980
口	1	0.000426	0.000980
現場	1	0.000426	0.000980
なさ	1	0.000426	0.000980
出し	1	0.000426	0.000980
伝え	1	0.000426	0.000980
行なっ	1	0.000426	0.000980
新人	1	0.000426	0.000980
！	1	0.000426	0.000980
事情	1	0.000426	0.000980
項目	2	0.000851	0.000972
関連	2	0.000851	0.000952
億	1	0.000426	0.000947
隣接	1	0.000426	0.000947
声	1	0.000426	0.000947
本部	1	0.000426	0.000947
警察	1	0.000426	0.000947
おら	1	0.000426	0.000947
に関して	1	0.000426	0.000947
出	1	0.000426	0.000947
有力	1	0.000426	0.000947
候補	1	0.000426	0.000947
A	2	0.000851	0.000920
43	1	0.000426	0.000918
円	1	0.000426	0.000918
戦闘	1	0.000426	0.000918
1972	1	0.000426	0.000918
1978	1	0.000426	0.000918
道路	1	0.000426	0.000918
取っ	1	0.000426	0.000918
今	1	0.000426	0.000918
団	1	0.000426	0.000918
政権	1	0.000426	0.000918
支援	1	0.000426	0.000918
B	2	0.000851	0.000907
|	2	0.000851	0.000898
認め	1	0.000426	0.000893
ドイツ	1	0.000426	0.000893
国道	1	0.000426	0.000893
提供	1	0.000426	0.000893
車	1	0.000426	0.000893
1982	1	0.000426	0.000893
共同	1	0.000426	0.000893
対応	1	0.000426	0.000893
会社	1	0.000426	0.000893
方法	1	0.000426	0.000893
武	1	0.000426	0.000893
…	1	0.000426	0.000893
96	1	0.000426	0.000893
郡	1	0.000426	0.000871
建設	1	0.000426	0.000871
組織	1	0.000426	0.000871
1945	1	0.000426	0.000852
伴い	1	0.000426	0.000852
自然	1	0.000426	0.000852
代表	1	0.000426	0.000852
示す	1	0.000426	0.000852
両	1	0.000426	0.000852
"	1	0.000426	0.000852
『	2	0.000851	0.000851
』	2	0.000851	0.000851
総	1	0.000426	0.000834
ほとんど	1	0.000426	0.000834
99	1	0.000426	0.000834
管理	1	0.000426	0.000834
年間	1	0.000426	0.000834
1986	1	0.000426	0.000834
500	1	0.000426	0.000834
1993	1	0.000426	0.000834
はじめ	1	0.000426	0.000834
保護	1	0.000426	0.000834
依頼	1	0.000426	0.000834
これら	1	0.000426	0.000834
ところ	1	0.000426	0.000834
97	1	0.000426	0.000834
うち	1	0.000426	0.000818
1985	1	0.000426	0.000818
1992	1	0.000426	0.000818
多	1	0.000426	0.000818
ものの	1	0.000426	0.000818
たい	1	0.000426	0.000818
60	1	0.000426	0.000803
1996	1	0.000426	0.000803
台	1	0.000426	0.000803
側	1	0.000426	0.000803
事業	1	0.000426	0.000803
に対して	1	0.000426	0.000803
自身	1	0.000426	0.000803
一方	1	0.000426	0.000803
にて	1	0.000426	0.000803
教育	1	0.000426	0.000803
AF	1	0.000426	0.000803
戦	1	0.000426	0.000790
州	1	0.000426	0.000790
位置	1	0.000426	0.000790
種	1	0.000426	0.000790
せる	1	0.000426	0.000790
内容	1	0.000426	0.000777
法	1	0.000426	0.000777
旧	1	0.000426	0.000777
事	1	0.000426	0.000777
2010	1	0.000426	0.000777
とき	1	0.000426	0.000777
歳	1	0.000426	0.000765
別	1	0.000426	0.000754
系	1	0.000426	0.000743
以降	1	0.000426	0.000743
25	1	0.000426	0.000743
開始	1	0.000426	0.000733
2009	1	0.000426	0.000733
22	1	0.000426	0.000724
でも	1	0.000426	0.000724
長	1	0.000426	0.000724
際	1	0.000426	0.000715
AD	1	0.000426	0.000715
2000	1	0.000426	0.000706
出身	1	0.000426	0.000706
行う	1	0.000426	0.000706
に関する	1	0.000426	0.000706
内	1	0.000426	0.000690
2001	1	0.000426	0.000690
会	1	0.000426	0.000690
行わ	1	0.000426	0.000682
なかっ	1	0.000426	0.000675
見	1	0.000426	0.000675
関係	1	0.000426	0.000675
BB	1	0.000426	0.000675
13	1	0.000426	0.000668
存在	1	0.000426	0.000668
国	1	0.000426	0.000662
その後	1	0.000426	0.000655
なお	1	0.000426	0.000655
号	1	0.000426	0.000649
上	1	0.000426	0.000649
それ	1	0.000426	0.000649
15	1	0.000426	0.000637
せ	1	0.000426	0.000637
か	1	0.000426	0.000637
等	1	0.000426	0.000631
記事	1	0.000426	0.000626
前	1	0.000426	0.000626
られる	1	0.000426	0.000620
ず	1	0.000426	0.000610
られ	1	0.000426	0.000586
0	1	0.000426	0.000586
よう	1	0.000426	0.000586
なる	1	0.000426	0.000566
もの	1	0.000426	0.000566
後	1	0.000426	0.000533
(	1	0.000426	0.000524
日本	1	0.000426	0.000506
目次	1	0.000426	0.000487
表示	1	0.000426	0.000487
/%	1	0.000426	0.000439
http	1	0.000426	0.000428
://	1	0.000426	0.000428
ja	1	0.000426	0.000428
wikipedia	1	0.000426	0.000428
org	1	0.000426	0.000428
wiki	1	0.000426	0.000428
作成	1	0.000426	0.000428
カテゴリ	1	0.000426	0.000428
出典	1	0.000426	0.000426
フリー	1	0.000426	0.000426
百科	1	0.000426	0.000426
事典	1	0.000426	0.000426
ウィキペディア	1	0.000426	0.000426
Wikipedia	1	0.000426	0.000426
移動	1	0.000426	0.000426
ナビゲーション	1	0.000426	0.000426
検索	1	0.000426	0.000426
