の	78	0.051621	0.051621
、	45	0.029782	0.029782
作品	26	0.017207	0.028190
漫画	18	0.011913	0.026469
は	36	0.023825	0.023825
ウェア	13	0.008604	0.023222
。	29	0.019193	0.019193
を	29	0.019193	0.019193
で	27	0.017869	0.017947
Ware	9	0.005956	0.017868
The	12	0.007942	0.016654
に	25	0.016545	0.016545
彼	13	0.008604	0.016527
た	23	0.015222	0.015288
Novelty	7	0.004633	0.013899
て	20	0.013236	0.013411
%	20	0.013236	0.013411
.	19	0.012574	0.012574
Acme	6	0.003971	0.011913
,	18	0.011913	0.011913
of	9	0.005956	0.011665
と	16	0.010589	0.010635
『	16	0.010589	0.010589
』	16	0.010589	0.010589
Chris	5	0.003309	0.009927
the	7	0.004633	0.009266
な	12	0.007942	0.009172
いる	12	0.007942	0.008669
（	13	0.008604	0.008604
）	13	0.008604	0.008604
し	13	0.008604	0.008604
コミック	5	0.003309	0.008348
Library	4	0.002647	0.007941
=	5	0.003309	0.007935
[	11	0.007280	0.007376
「	11	0.007280	0.007280
」	11	0.007280	0.007280
れ	10	0.006618	0.007018
家	7	0.004633	0.006990
発表	5	0.003309	0.006939
and	5	0.003309	0.006939
年	10	0.006618	0.006889
編集	10	0.006618	0.006735
]	10	0.006618	0.006706
New	4	0.002647	0.006678
:	10	0.006618	0.006618
"	5	0.003309	0.006618
さ	9	0.005956	0.006346
や	8	0.005295	0.006251
ラグタイム	3	0.001985	0.005955
Ragtime	3	0.001985	0.005955
ある	8	0.005295	0.005589
デザイン	4	0.002647	0.005551
2	8	0.005295	0.005537
3	8	0.005295	0.005487
・	8	0.005295	0.005437
E	8	0.005295	0.005365
American	3	0.001985	0.005357
".	3	0.001985	0.005357
/	8	0.005295	0.005318
s	4	0.002647	0.005294
出版	4	0.002647	0.005184
&	4	0.002647	0.004992
'	4	0.002647	0.004907
以外	4	0.002647	0.004828
1	7	0.004633	0.004779
2005	4	0.002647	0.004497
A	6	0.003971	0.004292
的	5	0.003309	0.004277
82	5	0.003309	0.004277
日本語	3	0.001985	0.004162
賞	3	0.001985	0.004162
2007	4	0.002647	0.004152
シリーズ	3	0.001985	0.004061
が	6	0.003971	0.004006
賢い	2	0.001324	0.003972
ジミー	2	0.001324	0.003972
コリガン	2	0.001324	0.003972
レイアウト	2	0.001324	0.003972
紙	2	0.001324	0.003972
Gasoline	2	0.001324	0.003972
Alley	2	0.001324	0.003972
Texan	2	0.001324	0.003972
題し	2	0.001324	0.003972
Timothy	2	0.001324	0.003972
ファンタグラフィックス	2	0.001324	0.003972
再版	2	0.001324	0.003972
Comics	2	0.001324	0.003972
Ephemeralist	2	0.001324	0.003972
ポスター	2	0.001324	0.003972
10051	2	0.001324	0.003972
October	2	0.001324	0.003972
Time	2	0.001324	0.003972
published	2	0.001324	0.003972
雑誌	3	0.001985	0.003970
おり	4	0.002647	0.003854
さらに	3	0.001985	0.003744
も	5	0.003309	0.003612
グラフィック	2	0.001324	0.003573
世界一	2	0.001324	0.003573
コンピューター	2	0.001324	0.003573
コピー	2	0.001324	0.003573
提携	2	0.001324	0.003573
City	2	0.001324	0.003573
Best	2	0.001324	0.003573
Andrew	2	0.001324	0.003573
works	2	0.001324	0.003573
by	2	0.001324	0.003573
もの	4	0.002647	0.003515
社	3	0.001985	0.003417
スタイル	2	0.001324	0.003340
アーティスト	2	0.001324	0.003340
関わっ	2	0.001324	0.003340
また	4	0.002647	0.003178
en	2	0.001324	0.003175
com	2	0.001324	0.003175
あり	4	0.002647	0.003090
扱っ	2	0.001324	0.003047
など	4	0.002647	0.003009
訳	2	0.001324	0.002942
連載	2	0.001324	0.002942
制作	2	0.001324	0.002942
-	4	0.002647	0.002875
巻	2	0.001324	0.002853
アメリカ合衆国	2	0.001324	0.002709
a	2	0.001324	0.002709
現在	3	0.001985	0.002673
子供	2	0.001324	0.002648
点	2	0.001324	0.002648
経歴	2	0.001324	0.002648
様々	2	0.001324	0.002648
新しい	2	0.001324	0.002648
1967	2	0.001324	0.002593
影響	2	0.001324	0.002593
リンク	3	0.001985	0.002549
音楽	2	0.001324	0.002543
初期	2	0.001324	0.002497
州	2	0.001324	0.002455
大学	2	0.001324	0.002455
参照	2	0.001324	0.002378
?	2	0.001324	0.002378
者	3	0.001985	0.002356
こと	3	0.001985	0.002280
活動	2	0.001324	0.002279
年生	2	0.001324	0.002249
月	3	0.001985	0.002245
この	3	0.001985	0.002210
]。	2	0.001324	0.002169
い	3	0.001985	0.002167
2001	2	0.001324	0.002145
受け	2	0.001324	0.002056
できる	2	0.001324	0.002036
時	2	0.001324	0.001997
http	3	0.001985	0.001994
://	3	0.001985	0.001994
フランクリン・クリステンソン・ウェア	1	0.000662	0.001986
Franklin	1	0.000662	0.001986
Christenson	1	0.000662	0.001986
ノベル	1	0.000662	0.001986
Jimmy	1	0.000662	0.001986
Corrigan	1	0.000662	0.001986
Smartest	1	0.000662	0.001986
Kid	1	0.000662	0.001986
Earth	1	0.000662	0.001986
ネブラスカ	1	0.000662	0.001986
オマハ	1	0.000662	0.001986
イリノイ	1	0.000662	0.001986
オーク	1	0.000662	0.001986
集合	1	0.000662	0.001986
ストリップ	1	0.000662	0.001986
クラフト	1	0.000662	0.001986
幾何	1	0.000662	0.001986
筆記具	1	0.000662	0.001986
オールドファッション	1	0.000662	0.001986
道具	1	0.000662	0.001986
構図	1	0.000662	0.001986
運び	1	0.000662	0.001986
ウィンザー・マッケイ	1	0.000662	0.001986
Frank	1	0.000662	0.001986
見て取れる	1	0.000662	0.001986
ジョセフ・コーネル	1	0.000662	0.001986
Joseph	1	0.000662	0.001986
Cornell	1	0.000662	0.001986
シンパシー	1	0.000662	0.001986
インスピレーション	1	0.000662	0.001986
ノスタルジー	1	0.000662	0.001986
気品	1	0.000662	0.001986
品々	1	0.000662	0.001986
並べる	1	0.000662	0.001986
オースティン	1	0.000662	0.001986
Floyd	1	0.000662	0.001986
Farland	1	0.000662	0.001986
Citizen	1	0.000662	0.001986
風刺	1	0.000662	0.001986
SF	1	0.000662	0.001986
Eclipse	1	0.000662	0.001986
ティモシー・リアリー	1	0.000662	0.001986
Leary	1	0.000662	0.001986
アマチュア	1	0.000662	0.001986
ナイーブ	1	0.000662	0.001986
恥じ	1	0.000662	0.001986
破棄	1	0.000662	0.001986
アート・スピーゲルマン	1	0.000662	0.001986
興味	1	0.000662	0.001986
アンソロジー	1	0.000662	0.001986
賞賛	1	0.000662	0.001986
打ち破る	1	0.000662	0.001986
画期的	1	0.000662	0.001986
Quimby	1	0.000662	0.001986
Mouse	1	0.000662	0.001986
付け加え	1	0.000662	0.001986
Chicago	1	0.000662	0.001986
Reader	1	0.000662	0.001986
保ち	1	0.000662	0.001986
自費	1	0.000662	0.001986
ファンタグラフィック	1	0.000662	0.001986
クレイジー・カット	1	0.000662	0.001986
McSweeney	1	0.000662	0.001986
Quarterly	1	0.000662	0.001986
Concern	1	0.000662	0.001986
National	1	0.000662	0.001986
Cartoonists	1	0.000662	0.001986
コレクター	1	0.000662	0.001986
題する	1	0.000662	0.001986
一度	1	0.000662	0.001986
バンジョー	1	0.000662	0.001986
弾く	1	0.000662	0.001986
趣味	1	0.000662	0.001986
窺う	1	0.000662	0.001986
Et	1	0.000662	0.001986
Cetera	1	0.000662	0.001986
String	1	0.000662	0.001986
Band	1	0.000662	0.001986
Virginia	1	0.000662	0.001986
Tichenor	1	0.000662	0.001986
Reginald	1	0.000662	0.001986
Robinson	1	0.000662	0.001986
Paragon	1	0.000662	0.001986
Orchestra	1	0.000662	0.001986
Guido	1	0.000662	0.001986
Nielsen	1	0.000662	0.001986
Bird	1	0.000662	0.001986
Bowl	1	0.000662	0.001986
ive	1	0.000662	0.001986
Style	1	0.000662	0.001986
アーテイスト	1	0.000662	0.001986
San	1	0.000662	0.001986
Francisco	1	0.000662	0.001986
writing	1	0.000662	0.001986
lab	1	0.000662	0.001986
pirate	1	0.000662	0.001986
store	1	0.000662	0.001986
ファ	1	0.000662	0.001986
サード	1	0.000662	0.001986
カンディード	1	0.000662	0.001986
パーソナリティー	1	0.000662	0.001986
Ira	1	0.000662	0.001986
Glass	1	0.000662	0.001986
Buildings	1	0.000662	0.001986
スライド	1	0.000662	0.001986
ショウ	1	0.000662	0.001986
Showtime	1	0.000662	0.001986
This	1	0.000662	0.001986
Savages	1	0.000662	0.001986
JIMMY	1	0.000662	0.001986
CORRIGAN	1	0.000662	0.001986
峯岸	1	0.000662	0.001986
康隆	1	0.000662	0.001986
山下	1	0.000662	0.001986
奏	1	0.000662	0.001986
俊介	1	0.000662	0.001986
伯	1	0.000662	0.001986
井	1	0.000662	0.001986
真紀	1	0.000662	0.001986
PRESSPOP	1	0.000662	0.001986
GALLERY	1	0.000662	0.001986
4903090086	1	0.000662	0.001986
query	1	0.000662	0.001986
nytimes	1	0.000662	0.001986
gst	1	0.000662	0.001986
fullpage	1	0.000662	0.001986
sec	1	0.000662	0.001986
technology	1	0.000662	0.001986
res	1	0.000662	0.001986
7103	1	0.000662	0.001986
932	1	0.000662	0.001986
15752	1	0.000662	0.001986
9679	1	0.000662	0.001986
shop	1	0.000662	0.001986
npr	1	0.000662	0.001986
webapp	1	0.000662	0.001986
wcs	1	0.000662	0.001986
stores	1	0.000662	0.001986
servlet	1	0.000662	0.001986
ProductDisplay	1	0.000662	0.001986
catalogId	1	0.000662	0.001986
storeId	1	0.000662	0.001986
productId	1	0.000662	0.001986
21136	1	0.000662	0.001986
langId	1	0.000662	0.001986
=-	1	0.000662	0.001986
Art	1	0.000662	0.001986
Melancholy	1	0.000662	0.001986
Arnold	1	0.000662	0.001986
Depressing	1	0.000662	0.001986
Joy	1	0.000662	0.001986
."	1	0.000662	0.001986
November	1	0.000662	0.001986
Wolk	1	0.000662	0.001986
Douglas	1	0.000662	0.001986
inimitable	1	0.000662	0.001986
Salon	1	0.000662	0.001986
September	1	0.000662	0.001986
Wondrich	1	0.000662	0.001986
David	1	0.000662	0.001986
Longer	1	0.000662	0.001986
Sepia	1	0.000662	0.001986
",	1	0.000662	0.001986
York	1	0.000662	0.001986
Times	1	0.000662	0.001986
January	1	0.000662	0.001986
Schjeldahl	1	0.000662	0.001986
Words	1	0.000662	0.001986
Pictures	1	0.000662	0.001986
Graphic	1	0.000662	0.001986
novels	1	0.000662	0.001986
come	1	0.000662	0.001986
Yorker	1	0.000662	0.001986
Rag	1	0.000662	0.001986
Periodical	1	0.000662	0.001986
written	1	0.000662	0.001986
Archive	1	0.000662	0.001986
Unofficial	1	0.000662	0.001986
database	1	0.000662	0.001986
page	1	0.000662	0.001986
Barclay	1	0.000662	0.001986
Agency	1	0.000662	0.001986
NNDB	1	0.000662	0.001986
Toy	1	0.000662	0.001986
Gallery	1	0.000662	0.001986
Stripped	1	0.000662	0.001986
Books	1	0.000662	0.001986
Panel	1	0.000662	0.001986
comics	1	0.000662	0.001986
form	1	0.000662	0.001986
adaptation	1	0.000662	0.001986
panel	1	0.000662	0.001986
Seth	1	0.000662	0.001986
moderator	1	0.000662	0.001986
Ivan	1	0.000662	0.001986
Brunetti	1	0.000662	0.001986
Interview	1	0.000662	0.001986
evaluation	1	0.000662	0.001986
designer	1	0.000662	0.001986
Chip	1	0.000662	0.001986
Kidd	1	0.000662	0.001986
.^	2	0.001324	0.001961
C	2	0.001324	0.001961
られ	2	0.001324	0.001823
による	2	0.001324	0.001809
クリス	1	0.000662	0.001787
on	1	0.000662	0.001787
愛する	1	0.000662	0.001787
ペーパー	1	0.000662	0.001787
特有	1	0.000662	0.001787
定規	1	0.000662	0.001787
行なう	1	0.000662	0.001787
コマ	1	0.000662	0.001787
キング	1	0.000662	0.001787
King	1	0.000662	0.001787
作者	1	0.000662	0.001787
感じ	1	0.000662	0.001787
美し	1	0.000662	0.001787
箱	1	0.000662	0.001787
印刷	1	0.000662	0.001787
テキサス	1	0.000662	0.001787
Daily	1	0.000662	0.001787
Future	1	0.000662	0.001787
Publishing	1	0.000662	0.001787
引き	1	0.000662	0.001787
寄稿	1	0.000662	0.001787
要素	1	0.000662	0.001787
series	1	0.000662	0.001787
アングレーム	1	0.000662	0.001787
最優秀	1	0.000662	0.001787
楽器	1	0.000662	0.001787
熱心	1	0.000662	0.001787
ピアノ	1	0.000662	0.001787
Fire	1	0.000662	0.001787
ペンギン	1	0.000662	0.001787
ブックス	1	0.000662	0.001787
判	1	0.000662	0.001787
Lost	1	0.000662	0.001787
イラストレーション	1	0.000662	0.001787
Life	1	0.000662	0.001787
VOL	1	0.000662	0.001787
中沢	1	0.000662	0.001787
html	1	0.000662	0.001787
Guardian	1	0.000662	0.001787
Peter	1	0.000662	0.001787
age	1	0.000662	0.001787
with	1	0.000662	0.001787
profile	1	0.000662	0.001787
featuring	1	0.000662	0.001787
第	2	0.001324	0.001783
という	2	0.001324	0.001746
外部	2	0.001324	0.001734
パーク	1	0.000662	0.001670
双方	1	0.000662	0.001670
取る	1	0.000662	0.001670
がち	1	0.000662	0.001670
製作	1	0.000662	0.001670
もっとも	1	0.000662	0.001670
彩色	1	0.000662	0.001670
どちら	1	0.000662	0.001670
作家	1	0.000662	0.001670
後期	1	0.000662	0.001670
新聞	1	0.000662	0.001670
マガジン	1	0.000662	0.001670
RAW	1	0.000662	0.001670
シカゴ	1	0.000662	0.001670
週刊	1	0.000662	0.001670
誌	1	0.000662	0.001670
番目	1	0.000662	0.001670
携わっ	1	0.000662	0.001670
Society	1	0.000662	0.001670
ロゴ	1	0.000662	0.001670
ジャケット	1	0.000662	0.001670
組ん	1	0.000662	0.001670
アニメーション	1	0.000662	0.001670
DF	1	0.000662	0.001670
83	2	0.001324	0.001668
在住	1	0.000662	0.001587
古典	1	0.000662	0.001587
広告	1	0.000662	0.001587
世代	1	0.000662	0.001587
毎日	1	0.000662	0.001587
週間	1	0.000662	0.001587
移る	1	0.000662	0.001587
刊行	1	0.000662	0.001587
63	1	0.000662	0.001587
No	1	0.000662	0.001587
日本	2	0.001324	0.001572
フランク	1	0.000662	0.001523
1988	1	0.000662	0.001523
伝え	1	0.000662	0.001523
まだ	1	0.000662	0.001523
伝統	1	0.000662	0.001523
行なっ	1	0.000662	0.001523
書籍	1	0.000662	0.001523
フランス	1	0.000662	0.001523
手がけ	1	0.000662	0.001523
見る	1	0.000662	0.001523
最近	1	0.000662	0.001523
仕事	1	0.000662	0.001523
表示	2	0.001324	0.001513
原作	1	0.000662	0.001471
美術	1	0.000662	0.001471
さまざま	1	0.000662	0.001471
共通	1	0.000662	0.001471
有力	1	0.000662	0.001471
平	1	0.000662	0.001471
翻訳	1	0.000662	0.001471
9	2	0.001324	0.001445
7	2	0.001324	0.001445
から	2	0.001324	0.001438
ウィキポータル	1	0.000662	0.001427
分野	1	0.000662	0.001427
校	1	0.000662	0.001427
掲載	1	0.000662	0.001427
交流	1	0.000662	0.001427
機会	1	0.000662	0.001427
残っ	1	0.000662	0.001427
ホーム	1	0.000662	0.001427
受賞	1	0.000662	0.001427
アルバム	1	0.000662	0.001427
カバー	1	0.000662	0.001427
DVD	1	0.000662	0.001427
4	2	0.001324	0.001417
B	2	0.001324	0.001411
|	2	0.001324	0.001398
よく	1	0.000662	0.001388
学生	1	0.000662	0.001388
加え	1	0.000662	0.001388
獲得	1	0.000662	0.001388
R	1	0.000662	0.001388
00	1	0.000662	0.001388
in	1	0.000662	0.001388
5	2	0.001324	0.001372
プロジェクト	1	0.000662	0.001354
体	1	0.000662	0.001354
実際	1	0.000662	0.001354
機	1	0.000662	0.001354
タイトル	1	0.000662	0.001354
著名	1	0.000662	0.001354
祭	1	0.000662	0.001354
存命	1	0.000662	0.001354
カテゴリ	2	0.001324	0.001330
org	2	0.001324	0.001330
世紀	1	0.000662	0.001324
思わ	1	0.000662	0.001324
近年	1	0.000662	0.001324
ラジオ	1	0.000662	0.001324
テレビ	1	0.000662	0.001324
たり	1	0.000662	0.001297
得	1	0.000662	0.001297
全て	1	0.000662	0.001297
依頼	1	0.000662	0.001297
つつ	1	0.000662	0.001297
最初	1	0.000662	0.001272
うち	1	0.000662	0.001272
映画	1	0.000662	0.001272
1999	1	0.000662	0.001249
国際	1	0.000662	0.001249
AF	1	0.000662	0.001249
用い	1	0.000662	0.001227
担当	1	0.000662	0.001227
ISBN	1	0.000662	0.001207
における	1	0.000662	0.001189
学	1	0.000662	0.001189
ここ	1	0.000662	0.001189
に対する	1	0.000662	0.001189
31	1	0.000662	0.001189
27	1	0.000662	0.001189
以降	1	0.000662	0.001155
知ら	1	0.000662	0.001139
アメリカ	1	0.000662	0.001139
1980	1	0.000662	0.001139
版	1	0.000662	0.001139
AA	1	0.000662	0.001139
28	1	0.000662	0.001125
17	1	0.000662	0.001125
2003	1	0.000662	0.001111
出身	1	0.000662	0.001097
年代	1	0.000662	0.001097
21	1	0.000662	0.001085
多く	1	0.000662	0.001072
本	1	0.000662	0.001061
見	1	0.000662	0.001049
30	1	0.000662	0.001049
BB	1	0.000662	0.001049
2004	1	0.000662	0.001038
F	1	0.000662	0.001038
D	1	0.000662	0.001038
16	1	0.000662	0.001018
人物	1	0.000662	0.000999
によって	1	0.000662	0.000972
前	1	0.000662	0.000972
20	1	0.000662	0.000964
だ	1	0.000662	0.000956
これ	1	0.000662	0.000933
0	1	0.000662	0.000911
歴	1	0.000662	0.000905
中	1	0.000662	0.000905
10	1	0.000662	0.000905
話	1	0.000662	0.000898
表	1	0.000662	0.000892
まで	1	0.000662	0.000892
編	1	0.000662	0.000879
12	1	0.000662	0.000867
人	1	0.000662	0.000834
その	1	0.000662	0.000819
あっ	1	0.000662	0.000814
ため	1	0.000662	0.000814
日	1	0.000662	0.000773
目次	1	0.000662	0.000756
非	1	0.000662	0.000745
関連	1	0.000662	0.000741
6	1	0.000662	0.000733
8	1	0.000662	0.000692
/%	1	0.000662	0.000683
ja	1	0.000662	0.000665
wikipedia	1	0.000662	0.000665
wiki	1	0.000662	0.000665
より	1	0.000662	0.000665
作成	1	0.000662	0.000665
出典	1	0.000662	0.000662
フリー	1	0.000662	0.000662
百科	1	0.000662	0.000662
事典	1	0.000662	0.000662
ウィキペディア	1	0.000662	0.000662
Wikipedia	1	0.000662	0.000662
移動	1	0.000662	0.000662
ナビゲーション	1	0.000662	0.000662
検索	1	0.000662	0.000662
