-	110	0.180921	0.196514
の	25	0.041118	0.041118
ホームズ	7	0.011513	0.034539
、	20	0.032895	0.032895
ブレシントン	6	0.009868	0.029604
患者	7	0.011513	0.029046
に	16	0.026316	0.026316
た	15	0.024671	0.024779
入院	5	0.008224	0.024672
トレヴェリアン	5	0.008224	0.024672
は	14	0.023026	0.023026
。	14	0.023026	0.023026
が	12	0.019737	0.019910
・	11	0.018092	0.018578
%	11	0.018092	0.018331
医師	4	0.006579	0.015776
シャーロック	3	0.004934	0.014802
て	8	0.013158	0.013332
で	8	0.013158	0.013215
を	8	0.013158	0.013158
事件	4	0.006579	0.012637
小説	3	0.004934	0.011831
と	7	0.011513	0.011563
コナン	2	0.003289	0.009867
ドイル	2	0.003289	0.009867
取り乱し	2	0.003289	0.009867
侵入	2	0.003289	0.009867
足跡	2	0.003289	0.009867
依頼	3	0.004934	0.009664
翌日	2	0.003289	0.008877
診療	2	0.003289	0.008877
年	5	0.008224	0.008561
1893	2	0.003289	0.008298
1880	2	0.003289	0.008298
殺人	2	0.003289	0.008298
短編	2	0.003289	0.008298
様子	2	0.003289	0.008298
年代	3	0.004934	0.008178
部屋	2	0.003289	0.007887
くる	2	0.003289	0.007568
今日	2	0.003289	0.007308
後半	2	0.003289	0.007087
-------------------------	2	0.003289	0.007087
起こっ	2	0.003289	0.007087
れ	4	0.006579	0.006977
受ける	2	0.003289	0.006897
シリーズ	2	0.003289	0.006728
じ	2	0.003289	0.006728
開業	2	0.003289	0.006728
病院	2	0.003289	0.006728
E	4	0.006579	0.006666
し	4	0.006579	0.006579
たい	2	0.003289	0.006318
その	3	0.004934	0.006101
85	2	0.003289	0.005738
い	3	0.004934	0.005386
A	3	0.004934	0.005333
する	3	0.004934	0.005282
さ	3	0.004934	0.005257
思い出	1	0.001645	0.004935
ゅういんかんじゃ	1	0.001645	0.004935
Adventure	1	0.001645	0.004935
Resident	1	0.001645	0.004935
Patient	1	0.001645	0.004935
アーサー	1	0.001645	0.004935
ストランド・マガジン	1	0.001645	0.004935
開業医	1	0.001645	0.004935
投機	1	0.001645	0.004935
提案	1	0.001645	0.004935
錠	1	0.001645	0.004935
もっと	1	0.001645	0.004935
丈夫	1	0.001645	0.004935
診	1	0.001645	0.004935
やってくる	1	0.001645	0.004935
発作	1	0.001645	0.004935
薬	1	0.001645	0.004935
やってき	1	0.001645	0.004935
晩	1	0.001645	0.004935
誰か	1	0.001645	0.004935
問いつめ	1	0.001645	0.004935
思え	1	0.001645	0.004935
真相	1	0.001645	0.004935
解明	1	0.001645	0.004935
翌朝	1	0.001645	0.004935
首吊り	1	0.001645	0.004935
見つかり	1	0.001645	0.004935
挑む	1	0.001645	0.004935
周到	1	0.001645	0.004935
断定	1	0.001645	0.004935
断	1	0.001645	0.004935
1890	1	0.001645	0.004935
:	3	0.004934	0.004934
（	3	0.004934	0.004934
）	3	0.004934	0.004934
前	2	0.003289	0.004830
だ	2	0.003289	0.004748
あらす	1	0.001645	0.004440
申し出	1	0.001645	0.004440
強硬	1	0.001645	0.004440
もらい	1	0.001645	0.004440
手紙	1	0.001645	0.004440
受け取り	1	0.001645	0.004440
親子	1	0.001645	0.004440
だが	1	0.001645	0.004440
第三者	1	0.001645	0.004440
謎	1	0.001645	0.004440
犯人	1	0.001645	0.004440
核心	1	0.001645	0.004150
明かさ	1	0.001645	0.004150
典	1	0.001645	0.004150
スポンサー	1	0.001645	0.004150
住む	1	0.001645	0.004150
強盗	1	0.001645	0.004150
話し	1	0.001645	0.004150
おそらく	1	0.001645	0.004150
ほう	1	0.001645	0.004150
死体	1	0.001645	0.004150
推測	1	0.001645	0.004150
文学	1	0.001645	0.003945
著者	1	0.001645	0.003945
週間	1	0.001645	0.003945
言っ	1	0.001645	0.003945
症	1	0.001645	0.003945
消え	1	0.001645	0.003945
自殺	1	0.001645	0.003945
ない	2	0.003289	0.003926
な	2	0.003289	0.003798
記載	1	0.001645	0.003785
乗っ	1	0.001645	0.003785
つまり	1	0.001645	0.003785
続き	1	0.001645	0.003785
月	2	0.003289	0.003719
しまっ	1	0.001645	0.003655
再び	1	0.001645	0.003655
息子	1	0.001645	0.003655
警察	1	0.001645	0.003655
から	2	0.003289	0.003572
ウィキポータル	1	0.001645	0.003545
掲載	1	0.001645	0.003545
注意	1	0.001645	0.003545
取っ	1	0.001645	0.003545
来	1	0.001645	0.003545
る	1	0.001645	0.003545
ある	2	0.003289	0.003472
発表	1	0.001645	0.003449
The	1	0.001645	0.003449
正	1	0.001645	0.003449
近く	1	0.001645	0.003449
彼ら	1	0.001645	0.003449
8	2	0.003289	0.003439
2	2	0.003289	0.003439
3	2	0.003289	0.003408
5	2	0.003289	0.003408
記述	1	0.001645	0.003365
詳細	1	0.001645	0.003365
ほど	1	0.001645	0.003365
父	1	0.001645	0.003365
しか	1	0.001645	0.003365
the	1	0.001645	0.003290
一つ	1	0.001645	0.003290
計画	1	0.001645	0.003290
出典	2	0.003289	0.003289
『	2	0.003289	0.003289
』	2	0.003289	0.003289
「	2	0.003289	0.003289
」	2	0.003289	0.003289
.	2	0.003289	0.003289
of	1	0.001645	0.003222
物語	1	0.001645	0.003222
99	1	0.001645	0.003222
彼	1	0.001645	0.003160
発生	1	0.001645	0.003103
登場	1	0.001645	0.002954
部分	1	0.001645	0.002954
以降	1	0.001645	0.002870
際	1	0.001645	0.002760
80	1	0.001645	0.002760
に関する	1	0.001645	0.002727
作品	1	0.001645	0.002695
数	1	0.001645	0.002607
間	1	0.001645	0.002580
号	1	0.001645	0.002505
人物	1	0.001645	0.002482
か	1	0.001645	0.002459
：	1	0.001645	0.002395
ず	1	0.001645	0.002355
なり	1	0.001645	0.002336
よう	1	0.001645	0.002265
歴	1	0.001645	0.002248
による	1	0.001645	0.002248
10	1	0.001645	0.002248
中	1	0.001645	0.002248
話	1	0.001645	0.002232
表	1	0.001645	0.002215
編	1	0.001645	0.002184
もの	1	0.001645	0.002184
という	1	0.001645	0.002169
ます	1	0.001645	0.002140
82	1	0.001645	0.002126
人	1	0.001645	0.002072
ため	1	0.001645	0.002022
あっ	1	0.001645	0.002022
なっ	1	0.001645	0.001975
者	1	0.001645	0.001953
日	1	0.001645	0.001921
こと	1	0.001645	0.001890
6	1	0.001645	0.001823
として	1	0.001645	0.001796
9	1	0.001645	0.001796
|	1	0.001645	0.001736
/%	1	0.001645	0.001697
編集	1	0.001645	0.001674
[	1	0.001645	0.001667
]	1	0.001645	0.001667
http	1	0.001645	0.001652
://	1	0.001645	0.001652
ja	1	0.001645	0.001652
wikipedia	1	0.001645	0.001652
org	1	0.001645	0.001652
/	1	0.001645	0.001652
wiki	1	0.001645	0.001652
より	1	0.001645	0.001652
作成	1	0.001645	0.001652
カテゴリ	1	0.001645	0.001652
フリー	1	0.001645	0.001645
百科	1	0.001645	0.001645
事典	1	0.001645	0.001645
ウィキペディア	1	0.001645	0.001645
Wikipedia	1	0.001645	0.001645
移動	1	0.001645	0.001645
ナビゲーション	1	0.001645	0.001645
,	1	0.001645	0.001645
検索	1	0.001645	0.001645
