の	56	0.044728	0.044728
プフェファー	17	0.013578	0.040734
。	42	0.033546	0.033546
に	39	0.031150	0.031150
アンネ	13	0.010383	0.031149
た	38	0.030351	0.030483
、	33	0.026358	0.026358
%	32	0.025559	0.025897
ユダヤ	12	0.009585	0.025870
は	32	0.025559	0.025559
を	30	0.023962	0.023962
隠れ家	10	0.007987	0.023961
て	27	0.021565	0.021850
ドイツ	13	0.010383	0.021772
と	26	0.020767	0.020858
Pfeffer	8	0.006390	0.019170
し	24	0.019169	0.019169
で	19	0.015176	0.015242
（	18	0.014377	0.014377
）	18	0.014377	0.014377
年	17	0.013578	0.014134
収容	7	0.005591	0.013407
日記	6	0.004792	0.012090
が	15	0.011981	0.012086
人	11	0.008786	0.011067
フランク	6	0.004792	0.011027
強制	6	0.004792	0.011027
所	8	0.006390	0.010856
83	10	0.007987	0.010061
系	7	0.005591	0.009755
ヴェルナー	4	0.003195	0.009585
オランダ	4	0.003195	0.009585
オットー・フランク	4	0.003195	0.009585
死亡	5	0.003994	0.009190
3	11	0.008786	0.009104
E	11	0.008786	0.008902
移住	5	0.003994	0.008874
・	10	0.007987	0.008202
写真	5	0.003994	0.008171
いる	9	0.007188	0.007846
一家	4	0.003195	0.007661
一	7	0.005591	0.007640
生活	5	0.003994	0.007404
1944	4	0.003195	0.007352
こと	8	0.006390	0.007340
フリッツ・プフェファー	3	0.002396	0.007188
シャーロッタ	3	0.002396	0.007188
息子	4	0.003195	0.007099
歯科	3	0.002396	0.006467
月	7	0.005591	0.006322
彼	4	0.003195	0.006137
上	5	0.003994	0.006082
帝国	3	0.002396	0.006045
反	3	0.002396	0.006045
医師	3	0.002396	0.005745
兄弟	3	0.002396	0.005745
結婚	3	0.002396	0.005324
い	6	0.004792	0.005231
れ	6	0.004792	0.005082
しかし	4	0.003195	0.005064
なかっ	4	0.003195	0.005064
|	6	0.004792	0.005058
へ	5	0.003994	0.004969
開業	3	0.002396	0.004902
主義	3	0.002396	0.004902
「	6	0.004792	0.004792
」	6	0.004792	0.004792
ニュルンベルク	2	0.001597	0.004791
エルンスト	2	0.001597	0.004791
アウシュヴィッツ	2	0.001597	0.004791
ミープ・ヒース	2	0.001597	0.004791
親衛隊	2	0.001597	0.004791
同室	2	0.001597	0.004791
写る	2	0.001597	0.004791
日	5	0.003994	0.004663
な	5	0.003994	0.004613
英語	3	0.002396	0.004442
同居	2	0.001597	0.004310
Peter	2	0.001597	0.004310
アムステルダム	2	0.001597	0.004310
医	2	0.001597	0.004310
説教	2	0.001597	0.004310
軍	3	0.002396	0.004240
95	3	0.002396	0.004180
1889	2	0.001597	0.004029
離婚	2	0.001597	0.004029
党	2	0.001597	0.004029
危険	2	0.001597	0.004029
置か	2	0.001597	0.004029
相談	2	0.001597	0.004029
後	4	0.003195	0.004000
ため	4	0.003195	0.003927
なっ	4	0.003195	0.003836
彼女	2	0.001597	0.003830
態度	2	0.001597	0.003830
き	3	0.002396	0.003798
同じく	2	0.001597	0.003548
も	4	0.003195	0.003487
1938	2	0.001597	0.003441
逮捕	2	0.001597	0.003441
さ	4	0.003195	0.003404
大戦	2	0.001597	0.003349
＝	2	0.001597	0.003267
イギリス	2	0.001597	0.003267
:	4	0.003195	0.003195
『	4	0.003195	0.003195
』	4	0.003195	0.003195
12	3	0.002396	0.003138
的	3	0.002396	0.003097
法	2	0.001597	0.002913
ISBN	2	0.001597	0.002913
ここ	2	0.001597	0.002868
や	3	0.002396	0.002828
アメリカ	2	0.001597	0.002749
でき	2	0.001597	0.002713
だっ	2	0.001597	0.002679
次	2	0.001597	0.002616
する	3	0.002396	0.002565
見	2	0.001597	0.002531
世界	2	0.001597	0.002505
編集	3	0.002396	0.002438
[	3	0.002396	0.002428
]	3	0.002396	0.002428
家	2	0.001597	0.002409
Fritz	1	0.000799	0.002397
デュッセル	1	0.000799	0.002397
偽名	1	0.000799	0.002397
衣服	1	0.000799	0.002397
織物	1	0.000799	0.002397
イグナツ・プフェファー	1	0.000799	0.002397
Ignatz	1	0.000799	0.002397
ジャネット・ヒルシュ	1	0.000799	0.002397
Jeannette	1	0.000799	0.002397
Hirsch	1	0.000799	0.002397
ギーセン	1	0.000799	0.002397
あご	1	0.000799	0.002397
ベルリン	1	0.000799	0.002397
ヴェラ・バイシンナー	1	0.000799	0.002397
Vera	1	0.000799	0.002397
Bythiner	1	0.000799	0.002397
ヴェルナー・ペーター・プフェファー	1	0.000799	0.002397
Werner	1	0.000799	0.002397
儲け	1	0.000799	0.002397
引き取る	1	0.000799	0.002397
狂信	1	0.000799	0.002397
掲げる	1	0.000799	0.002397
迫害	1	0.000799	0.002397
カルフォルニア	1	0.000799	0.002397
ピーター	1	0.000799	0.002397
Pepper	1	0.000799	0.002397
イグナツ	1	0.000799	0.002397
テレージエンシュタット	1	0.000799	0.002397
ジャネット	1	0.000799	0.002397
ユリウス・プフェファー	1	0.000799	0.002397
Julius	1	0.000799	0.002397
エミール・プフェファー	1	0.000799	0.002397
Emil	1	0.000799	0.002397
南アフリカ	1	0.000799	0.002397
エルンスト・プフェファー	1	0.000799	0.002397
Ernst	1	0.000799	0.002397
ハンス	1	0.000799	0.002397
Hans	1	0.000799	0.002397
ヴィラ	1	0.000799	0.002397
シャーロッタ・カレータ	1	0.000799	0.002397
Charlotta	1	0.000799	0.002397
Kaletta	1	0.000799	0.002397
恋人	1	0.000799	0.002397
禁じ	1	0.000799	0.002397
おこっ	1	0.000799	0.002397
迫っ	1	0.000799	0.002397
悟り	1	0.000799	0.002397
故国	1	0.000799	0.002397
ヘルマン・ファン・ペルス	1	0.000799	0.002397
親しく	1	0.000799	0.002397
Miep	1	0.000799	0.002397
Gies	1	0.000799	0.002397
続か	1	0.000799	0.002397
アルトゥール・ザイス	1	0.000799	0.002397
インクヴァルト	1	0.000799	0.002397
立法	1	0.000799	0.002397
隠れ	1	0.000799	0.002397
ミープ	1	0.000799	0.002397
アムステルダム・プリンセンフラハト	1	0.000799	0.002397
263	1	0.000799	0.002397
ファン・ペルス	1	0.000799	0.002397
延期	1	0.000799	0.002397
了解	1	0.000799	0.002397
入ら	1	0.000799	0.002397
アレルギー	1	0.000799	0.002397
ペーター・ファン・ペルス	1	0.000799	0.002397
をめぐって	1	0.000799	0.002397
折り合い	1	0.000799	0.002397
悪役	1	0.000799	0.002397
尊大	1	0.000799	0.002397
閣下	1	0.000799	0.002397
通報	1	0.000799	0.002397
ヨーゼフ・ジルバーバウアー	1	0.000799	0.002397
曹長	1	0.000799	0.002397
踏み込ん	1	0.000799	0.002397
住人	1	0.000799	0.002397
ベステルボルク	1	0.000799	0.002397
ブーヘンヴァルト	1	0.000799	0.002397
ザクセンハウゼン	1	0.000799	0.002397
ノイエンガンメ	1	0.000799	0.002397
同地	1	0.000799	0.002397
深町	1	0.000799	0.002397
眞理子	1	0.000799	0.002397
4167114038	1	0.000799	0.002397
4167114039	1	0.000799	0.002397
ホロコースト	1	0.000799	0.002397
使用	2	0.001597	0.002345
20	2	0.001597	0.002325
おり	2	0.001597	0.002325
　	2	0.001597	0.002287
時代	2	0.001597	0.002250
アルベルト	1	0.000799	0.002156
夫妻	1	0.000799	0.002156
外科	1	0.000799	0.002156
資格	1	0.000799	0.002156
ナチス	1	0.000799	0.002156
掌握	1	0.000799	0.002156
ペーパー	1	0.000799	0.002156
ニュージャージー	1	0.000799	0.002156
暴動	1	0.000799	0.002156
水晶	1	0.000799	0.002156
固め	1	0.000799	0.002156
逃れ	1	0.000799	0.002156
を通じて	1	0.000799	0.002156
知り合い	1	0.000799	0.002156
侵略	1	0.000799	0.002156
占領	1	0.000799	0.002156
中将	1	0.000799	0.002156
立場	1	0.000799	0.002156
診療	1	0.000799	0.002156
机	1	0.000799	0.002156
マナー	1	0.000799	0.002156
送ら	1	0.000799	0.002156
愛人	1	0.000799	0.002156
有り	1	0.000799	0.002156
第	2	0.001597	0.002151
82	2	0.001597	0.002064
暮らし	1	0.000799	0.002016
略歴	1	0.000799	0.002016
1911	1	0.000799	0.002016
政党	1	0.000799	0.002016
送っ	1	0.000799	0.002016
実業	1	0.000799	0.002016
本格	1	0.000799	0.002016
離れる	1	0.000799	0.002016
決意	1	0.000799	0.002016
患者	1	0.000799	0.002016
全土	1	0.000799	0.002016
加える	1	0.000799	0.002016
賛成	1	0.000799	0.002016
職業	1	0.000799	0.002016
都合	1	0.000799	0.002016
予定	1	0.000799	0.002016
悪く	1	0.000799	0.002016
しかも	1	0.000799	0.002016
皮肉っ	1	0.000799	0.002016
出動	1	0.000799	0.002016
カール	1	0.000799	0.002016
率いる	1	0.000799	0.002016
あっ	2	0.001597	0.001963
また	2	0.001597	0.001917
著者	1	0.000799	0.001916
表記	1	0.000799	0.001916
学び	1	0.000799	0.001916
勤務	1	0.000799	0.001916
労働	1	0.000799	0.001916
殺害	1	0.000799	0.001916
en	1	0.000799	0.001916
総督	1	0.000799	0.001916
次々	1	0.000799	0.001916
番地	1	0.000799	0.001916
すでに	1	0.000799	0.001916
保安	1	0.000799	0.001916
一緒	1	0.000799	0.001916
軍人	1	0.000799	0.001916
犠牲	1	0.000799	0.001916
者	2	0.001597	0.001896
国家	1	0.000799	0.001839
改名	1	0.000799	0.001839
成功	1	0.000799	0.001839
1925	1	0.000799	0.001839
平和	1	0.000799	0.001839
長く	1	0.000799	0.001839
入っ	1	0.000799	0.001839
入る	1	0.000799	0.001839
入り	1	0.000799	0.001839
猫	1	0.000799	0.001839
部隊	1	0.000799	0.001839
978	1	0.000799	0.001839
など	2	0.001597	0.001815
非	2	0.001597	0.001797
北部	1	0.000799	0.001775
生まれる	1	0.000799	0.001775
得る	1	0.000799	0.001775
戦後	1	0.000799	0.001775
1933	1	0.000799	0.001775
母	1	0.000799	0.001775
夜	1	0.000799	0.001775
しまっ	1	0.000799	0.001775
再び	1	0.000799	0.001775
よる	1	0.000799	0.001775
メンバー	1	0.000799	0.001775
警察	1	0.000799	0.001775
通過	1	0.000799	0.001775
訳	1	0.000799	0.001775
として	2	0.001597	0.001743
-	2	0.001597	0.001735
から	2	0.001597	0.001735
A	2	0.001597	0.001726
1920	1	0.000799	0.001722
1927	1	0.000799	0.001722
1932	1	0.000799	0.001722
政権	1	0.000799	0.001722
政策	1	0.000799	0.001722
始まっ	1	0.000799	0.001722
1942	1	0.000799	0.001722
1928	1	0.000799	0.001722
支援	1	0.000799	0.001722
含め	1	0.000799	0.001722
少年	1	0.000799	0.001722
4	2	0.001597	0.001710
販売	1	0.000799	0.001675
経営	1	0.000799	0.001675
妻	1	0.000799	0.001675
会社	1	0.000799	0.001675
批判	1	0.000799	0.001675
すべて	1	0.000799	0.001675
著	1	0.000799	0.001675
病院	1	0.000799	0.001635
父	1	0.000799	0.001635
場所	1	0.000799	0.001635
通り	1	0.000799	0.001635
完全	1	0.000799	0.001635
期	1	0.000799	0.001635
店	1	0.000799	0.001598
子供	1	0.000799	0.001598
呼ぶ	1	0.000799	0.001598
経	1	0.000799	0.001598
経歴	1	0.000799	0.001598
84	1	0.000799	0.001598
.	2	0.001597	0.001597
はじめ	1	0.000799	0.001565
1936	1	0.000799	0.001565
97	1	0.000799	0.001565
没	1	0.000799	0.001565
事件	1	0.000799	0.001535
とともに	1	0.000799	0.001535
五	1	0.000799	0.001507
自身	1	0.000799	0.001507
州	1	0.000799	0.001481
女性	1	0.000799	0.001481
いう	1	0.000799	0.001481
?	1	0.000799	0.001435
社会	1	0.000799	0.001414
下	1	0.000799	0.001414
行っ	1	0.000799	0.001394
版	1	0.000799	0.001375
AA	1	0.000799	0.001375
でも	1	0.000799	0.001357
文献	1	0.000799	0.001357
年生	1	0.000799	0.001357
際	1	0.000799	0.001341
参考	1	0.000799	0.001341
行う	1	0.000799	0.001324
他	1	0.000799	0.001309
BC	1	0.000799	0.001309
多い	1	0.000799	0.001294
30	1	0.000799	0.001266
数	1	0.000799	0.001266
関係	1	0.000799	0.001266
BB	1	0.000799	0.001266
間	1	0.000799	0.001253
について	1	0.000799	0.001253
受け	1	0.000799	0.001241
なお	1	0.000799	0.001229
その後	1	0.000799	0.001229
それ	1	0.000799	0.001217
せ	1	0.000799	0.001194
記事	1	0.000799	0.001173
二	1	0.000799	0.001163
られる	1	0.000799	0.001163
だ	1	0.000799	0.001154
11	1	0.000799	0.001117
られ	1	0.000799	0.001100
10	1	0.000799	0.001092
中	1	0.000799	0.001092
なる	1	0.000799	0.001061
という	1	0.000799	0.001054
外部	1	0.000799	0.001047
リンク	1	0.000799	0.001026
ない	1	0.000799	0.000954
あり	1	0.000799	0.000933
この	1	0.000799	0.000890
7	1	0.000799	0.000872
ある	1	0.000799	0.000843
8	1	0.000799	0.000836
/%	1	0.000799	0.000824
1	1	0.000799	0.000824
http	1	0.000799	0.000802
://	1	0.000799	0.000802
ja	1	0.000799	0.000802
wikipedia	1	0.000799	0.000802
org	1	0.000799	0.000802
/	1	0.000799	0.000802
wiki	1	0.000799	0.000802
より	1	0.000799	0.000802
作成	1	0.000799	0.000802
カテゴリ	1	0.000799	0.000802
出典	1	0.000799	0.000799
フリー	1	0.000799	0.000799
百科	1	0.000799	0.000799
事典	1	0.000799	0.000799
ウィキペディア	1	0.000799	0.000799
Wikipedia	1	0.000799	0.000799
移動	1	0.000799	0.000799
ナビゲーション	1	0.000799	0.000799
,	1	0.000799	0.000799
検索	1	0.000799	0.000799
