-	110	0.147059	0.159733
、	35	0.046791	0.046791
の	26	0.034759	0.034759
。	20	0.026738	0.026738
た	19	0.025401	0.025512
れ	17	0.022727	0.024102
が	17	0.022727	0.022926
%	14	0.018717	0.018965
は	14	0.018717	0.018717
て	13	0.017380	0.017610
と	13	0.017380	0.017456
で	13	0.017380	0.017456
祭祀	4	0.005348	0.016044
に	12	0.016043	0.016043
さ	11	0.014706	0.015669
版	6	0.008021	0.013806
出版	5	0.006684	0.013091
書	5	0.006684	0.012839
Unaussprechlichen	3	0.004011	0.012033
Kulten	3	0.004011	0.012033
クトゥルフ	3	0.004011	0.012033
草稿	3	0.004011	0.012033
「	7	0.009358	0.009358
」	7	0.009358	0.009358
いる	6	0.008021	0.008755
年	6	0.008021	0.008350
無名	2	0.002674	0.008022
Nameless	2	0.002674	0.008022
Cults	2	0.002674	0.008022
神話	2	0.002674	0.008022
1840	2	0.002674	0.008022
記さ	2	0.002674	0.008022
フォン・ユンツト	2	0.002674	0.008022
本書	2	0.002674	0.008022
初版	2	0.002674	0.008022
削除	2	0.002674	0.008022
つ折り	2	0.002674	0.008022
発禁	2	0.002674	0.008022
英訳	2	0.002674	0.008022
誤訳	2	0.002674	0.008022
（	6	0.008021	0.008021
）	6	0.008021	0.008021
し	6	0.008021	0.008021
間違い	2	0.002674	0.007217
判	2	0.002674	0.007217
喉	2	0.002674	0.007217
E	5	0.006684	0.006772
著者	2	0.002674	0.006412
処分	2	0.002674	0.006412
な	4	0.005348	0.006176
現存	2	0.002674	0.006153
こと	4	0.005348	0.006143
：	3	0.004011	0.005840
も	4	0.005348	0.005837
-------------------------	2	0.002674	0.005762
する	4	0.005348	0.005725
これ	3	0.004011	0.005651
ある	4	0.005348	0.005645
ドイツ	2	0.002674	0.005607
＝	2	0.002674	0.005470
を	4	0.005348	0.005348
語	2	0.002674	0.005348
なっ	3	0.004011	0.004816
登場	2	0.002674	0.004802
社	2	0.002674	0.004603
作品	2	0.002674	0.004381
7	3	0.004011	0.004378
A	3	0.004011	0.004336
部	2	0.002674	0.004331
多く	2	0.002674	0.004331
存在	2	0.002674	0.004195
5	3	0.004011	0.004156
:	3	0.004011	0.004011
むめいさいししょ	1	0.001337	0.004011
架空	1	0.001337	0.004011
フリードリヒ・ウィルヘルム・フォン・ユンツト	1	0.001337	0.004011
Friedrich	1	0.001337	0.004011
von	1	0.001337	0.004011
Junzt	1	0.001337	0.004011
1795	1	0.001337	0.004011
時折	1	0.001337	0.004011
無銘	1	0.001337	0.004011
Namenlose	1	0.001337	0.004011
Kulte	1	0.001337	0.004011
書く	1	0.001337	0.004011
本当	1	0.001337	0.004011
名付け親	1	0.001337	0.004011
オーガスト・ダーレス	1	0.001337	0.004011
見聞	1	0.001337	0.004011
ヨグ	1	0.001337	0.004011
ソトース	1	0.001337	0.004011
ツァトゥグァ	1	0.001337	0.004011
ガタノトーア	1	0.001337	0.004011
シュブ	1	0.001337	0.004011
ニグラス	1	0.001337	0.004011
イグ	1	0.001337	0.004011
恐る	1	0.001337	0.004011
にまつわる	1	0.001337	0.004011
三つ	1	0.001337	0.004011
1839	1	0.001337	0.004011
クォート	1	0.001337	0.004011
留め	1	0.001337	0.004011
革	1	0.001337	0.004011
装丁	1	0.001337	0.004011
部数	1	0.001337	0.004011
少なかっ	1	0.001337	0.004011
焚書	1	0.001337	0.004011
残存	1	0.001337	0.004011
稀覯	1	0.001337	0.004011
ただちに	1	0.001337	0.004011
ブライドウェル	1	0.001337	0.004011
グロテスク	1	0.001337	0.004011
木版	1	0.001337	0.004011
公的	1	0.001337	0.004011
私的	1	0.001337	0.004011
少なくとも	1	0.001337	0.004011
わかっ	1	0.001337	0.004011
ゴールデン・ゴブリン・プレス	1	0.001337	0.004011
誤植	1	0.001337	0.004011
施錠	1	0.001337	0.004011
閂	1	0.001337	0.004011
閉め	1	0.001337	0.004011
きら	1	0.001337	0.004011
ひき	1	0.001337	0.004011
裂か	1	0.001337	0.004011
かぎ	1	0.001337	0.004011
絞殺	1	0.001337	0.004011
発見	1	0.001337	0.004011
アレクシス・ラドー	1	0.001337	0.004011
破ら	1	0.001337	0.004011
ラドー	1	0.001337	0.004011
終え	1	0.001337	0.004011
焼却	1	0.001337	0.004011
カミソリ	1	0.001337	0.004011
かき	1	0.001337	0.004011
られ	2	0.002674	0.003681
Wilhelm	1	0.001337	0.003609
々	1	0.001337	0.003609
秘密	1	0.001337	0.003609
忘れ	1	0.001337	0.003609
デュッセルドルフ	1	0.001337	0.003609
1845	1	0.001337	0.003609
海賊版	1	0.001337	0.003609
コレクション	1	0.001337	0.003609
廉価	1	0.001337	0.003609
爪	1	0.001337	0.003609
友人	1	0.001337	0.003609
即	1	0.001337	0.003609
切っ	1	0.001337	0.003609
第	2	0.002674	0.003601
独	1	0.001337	0.003373
言え	1	0.001337	0.003373
核心	1	0.001337	0.003373
明かさ	1	0.001337	0.003373
回っ	1	0.001337	0.003373
宗派	1	0.001337	0.003373
伝承	1	0.001337	0.003373
黒	1	0.001337	0.003373
全部	1	0.001337	0.003373
収め	1	0.001337	0.003373
1909	1	0.001337	0.003373
ニューヨーク	1	0.001337	0.003373
跡	1	0.001337	0.003373
死体	1	0.001337	0.003373
復元	1	0.001337	0.003373
後	2	0.002674	0.003347
れる	2	0.002674	0.003211
世界中	1	0.001337	0.003206
べき	1	0.001337	0.003206
信仰	1	0.001337	0.003206
刊行	1	0.001337	0.003206
鉄	1	0.001337	0.003206
つい	1	0.001337	0.003206
所有	1	0.001337	0.003206
図書館	1	0.001337	0.003206
画	1	0.001337	0.003206
部屋	1	0.001337	0.003206
自殺	1	0.001337	0.003206
ない	2	0.002674	0.003192
者	2	0.002674	0.003174
書籍	1	0.001337	0.003076
古代	1	0.001337	0.003076
無	1	0.001337	0.003076
なさ	1	0.001337	0.003076
不明	1	0.001337	0.003076
あるいは	1	0.001337	0.003076
未	1	0.001337	0.003076
読み	1	0.001337	0.003076
など	2	0.002674	0.003039
ちなみに	1	0.001337	0.002971
さまざま	1	0.001337	0.002971
ロンドン	1	0.001337	0.002971
翻訳	1	0.001337	0.002971
同じく	1	0.001337	0.002971
すぐ	1	0.001337	0.002971
自ら	1	0.001337	0.002971
6	2	0.002674	0.002963
い	2	0.002674	0.002919
から	2	0.002674	0.002904
注意	1	0.001337	0.002881
言語	1	0.001337	0.002881
発行	1	0.001337	0.002881
ヨーロッパ	1	0.001337	0.002881
八	1	0.001337	0.002881
比較的	1	0.001337	0.002881
残っ	1	0.001337	0.002881
B	2	0.002674	0.002849
翌年	1	0.001337	0.002804
発表	1	0.001337	0.002804
8	2	0.002674	0.002796
・	2	0.002674	0.002746
記述	1	0.001337	0.002735
といった	1	0.001337	0.002735
四	1	0.001337	0.002735
しか	1	0.001337	0.002735
『	2	0.002674	0.002674
』	2	0.002674	0.002674
,	2	0.002674	0.002674
.	2	0.002674	0.002674
英	1	0.001337	0.002674
意味	1	0.001337	0.002674
製	1	0.001337	0.002674
84	1	0.001337	0.002674
物語	1	0.001337	0.002619
考え	1	0.001337	0.002619
神	1	0.001337	0.002568
金	1	0.001337	0.002568
とともに	1	0.001337	0.002568
彼	1	0.001337	0.002568
たち	1	0.001337	0.002479
多数	1	0.001337	0.002479
?	1	0.001337	0.002401
部分	1	0.001337	0.002401
以降	1	0.001337	0.002333
アメリカ	1	0.001337	0.002301
文献	1	0.001337	0.002272
AD	1	0.001337	0.002243
80	1	0.001337	0.002243
に関する	1	0.001337	0.002216
90	1	0.001337	0.002190
多い	1	0.001337	0.002166
呼ば	1	0.001337	0.002142
本	1	0.001337	0.002142
三	1	0.001337	0.002119
について	1	0.001337	0.002097
D	1	0.001337	0.002097
その後	1	0.001337	0.002056
人物	1	0.001337	0.002017
によって	1	0.001337	0.001963
おり	1	0.001337	0.001947
二	1	0.001337	0.001947
20	1	0.001337	0.001947
られる	1	0.001337	0.001947
だ	1	0.001337	0.001930
中	1	0.001337	0.001827
現在	1	0.001337	0.001801
により	1	0.001337	0.001751
ます	1	0.001337	0.001739
あっ	1	0.001337	0.001643
また	1	0.001337	0.001605
あり	1	0.001337	0.001561
この	1	0.001337	0.001489
9	1	0.001337	0.001459
/%	1	0.001337	0.001379
1	1	0.001337	0.001379
http	1	0.001337	0.001343
://	1	0.001337	0.001343
ja	1	0.001337	0.001343
wikipedia	1	0.001337	0.001343
org	1	0.001337	0.001343
/	1	0.001337	0.001343
wiki	1	0.001337	0.001343
より	1	0.001337	0.001343
作成	1	0.001337	0.001343
カテゴリ	1	0.001337	0.001343
出典	1	0.001337	0.001337
フリー	1	0.001337	0.001337
百科	1	0.001337	0.001337
事典	1	0.001337	0.001337
ウィキペディア	1	0.001337	0.001337
Wikipedia	1	0.001337	0.001337
移動	1	0.001337	0.001337
ナビゲーション	1	0.001337	0.001337
検索	1	0.001337	0.001337
