の	174	0.048671	0.048671
競争	52	0.014545	0.043635
不正	51	0.014266	0.042798
、	137	0.038322	0.038322
を	112	0.031329	0.031329
行為	44	0.012308	0.029514
商品	46	0.012867	0.027727
に	76	0.021259	0.021259
防止	29	0.008112	0.018666
法	36	0.010070	0.018367
改正	27	0.007552	0.016779
が	59	0.016503	0.016648
・	51	0.014266	0.014649
する	46	0.012867	0.013775
。	48	0.013427	0.013427
（	46	0.012867	0.012867
）	46	0.012867	0.012867
て	45	0.012587	0.012754
し	45	0.012587	0.012587
等	30	0.008392	0.012433
た	40	0.011189	0.011238
と	39	0.010909	0.010957
経済	16	0.004476	0.010733
は	37	0.010350	0.010350
要件	12	0.003357	0.010071
「	36	0.010070	0.010070
」	36	0.010070	0.010070
営業	18	0.005035	0.009671
こと	29	0.008112	0.009319
さ	31	0.008671	0.009239
知的	11	0.003077	0.009231
商標	11	0.003077	0.009231
形態	16	0.004476	0.009157
他人	12	0.003357	0.009060
平成	17	0.004755	0.008815
な	27	0.007552	0.008722
財産	11	0.003077	0.008305
類似	12	0.003357	0.008050
れ	27	0.007552	0.008009
第	21	0.005874	0.007911
表示	24	0.006713	0.007671
保護	14	0.003916	0.007670
[	27	0.007552	0.007652
侵害	9	0.002517	0.007551
模倣	9	0.002517	0.007551
権利	9	0.002517	0.007551
秘密	10	0.002797	0.007549
産業	12	0.003357	0.007459
省	12	0.003357	0.007234
法律	12	0.003357	0.007039
号	16	0.004476	0.006816
で	24	0.006713	0.006742
その	19	0.005315	0.006572
年	22	0.006154	0.006406
使用	15	0.004196	0.006162
]	21	0.005874	0.005952
編集	20	0.005594	0.005693
%	20	0.005594	0.005668
たり	10	0.002797	0.005478
など	17	0.004755	0.005405
れる	16	0.004476	0.005374
請求	7	0.001958	0.005285
提供	9	0.002517	0.005278
権	10	0.002797	0.005275
性	12	0.003357	0.005112
的	14	0.003916	0.005061
公正	6	0.001678	0.005034
損害	6	0.001678	0.005034
役務	6	0.001678	0.005034
における	10	0.002797	0.005023
法令	7	0.001958	0.004940
について	11	0.003077	0.004827
訴訟	7	0.001958	0.004695
販売	8	0.002238	0.004693
3	16	0.004476	0.004638
や	14	0.003916	0.004623
.^	11	0.003077	0.004559
刑事	6	0.001678	0.004529
コピー	6	0.001678	0.004529
禁止	7	0.001958	0.004505
5	15	0.004196	0.004348
技術	8	0.002238	0.004299
よう	11	0.003077	0.004236
目的	8	0.002238	0.004221
競	5	0.001399	0.004197
係る	5	0.001399	0.004197
類型	5	0.001399	0.004197
ドメイン	5	0.001399	0.004197
.	15	0.004196	0.004196
年度	8	0.002238	0.004082
製造	6	0.001678	0.004024
条	6	0.001678	0.003861
市場	6	0.001678	0.003861
上	9	0.002517	0.003833
規定	5	0.001399	0.003776
輸入	5	0.001399	0.003776
品	6	0.001678	0.003728
一部	8	0.002238	0.003666
政策	6	0.001678	0.003616
ある	12	0.003357	0.003543
譲渡	5	0.001399	0.003530
同一	5	0.001399	0.003530
において	8	0.002238	0.003511
い	11	0.003077	0.003359
いる	11	0.003077	0.003359
条文	4	0.001119	0.003357
賠償	4	0.001119	0.003357
民法	4	0.001119	0.003357
商号	4	0.001119	0.003357
利益	4	0.001119	0.003357
者	10	0.002797	0.003320
管理	6	0.001678	0.003287
制限	5	0.001399	0.003219
][	5	0.001399	0.003219
2	11	0.003077	0.003218
ため	9	0.002517	0.003094
罰	4	0.001119	0.003020
混同	4	0.001119	0.003020
又は	4	0.001119	0.003020
取得	5	0.001399	0.003015
有する	5	0.001399	0.003015
外国	5	0.001399	0.003015
4	10	0.002797	0.002994
または	6	0.001678	0.002969
著名	5	0.001399	0.002862
不法	4	0.001119	0.002823
強化	4	0.001119	0.002823
この	9	0.002517	0.002803
]。	6	0.001678	0.002749
から	9	0.002517	0.002734
有し	4	0.001119	0.002683
手段	4	0.001119	0.002683
ない	8	0.002238	0.002672
場合	6	0.001678	0.002606
1	9	0.002517	0.002596
執筆	4	0.001119	0.002575
ます	7	0.001958	0.002547
抗弁	3	0.000839	0.002517
虚偽	3	0.000839	0.002517
709	3	0.000839	0.002517
信用	3	0.000839	0.002517
期限	3	0.000839	0.002517
有用	3	0.000839	0.002517
デッド	3	0.000839	0.002517
周知	3	0.000839	0.002517
旨	3	0.000839	0.002517
なし	4	0.001119	0.002411
求め	6	0.001678	0.002403
11	6	0.001678	0.002346
日本	7	0.001958	0.002324
られ	6	0.001678	0.002310
不	4	0.001119	0.002289
名称	4	0.001119	0.002289
節	4	0.001119	0.002289
迂回	3	0.000839	0.002264
顧客	3	0.000839	0.002264
株式会社	3	0.000839	0.002264
行わ	5	0.001399	0.002241
もの	6	0.001678	0.002228
6	7	0.001958	0.002169
事件	4	0.001119	0.002149
も	7	0.001958	0.002137
9	7	0.001958	0.002137
全部	3	0.000839	0.002117
装置	3	0.000839	0.002117
輸出	3	0.000839	0.002117
事例	3	0.000839	0.002117
加筆	5	0.001399	0.002111
訂正	5	0.001399	0.002111
下さる	5	0.001399	0.002111
名	5	0.001399	0.002091
です	5	0.001399	0.002037
協力	5	0.001399	0.002020
なっ	6	0.001678	0.002015
確保	3	0.000839	0.002012
相手	3	0.000839	0.002012
業	3	0.000839	0.002012
に対する	4	0.001119	0.002010
E	7	0.001958	0.001984
及び	4	0.001119	0.001952
機能	3	0.000839	0.001931
制定	3	0.000839	0.001931
条約	3	0.000839	0.001931
工業	3	0.000839	0.001864
なる	5	0.001399	0.001858
に関する	4	0.001119	0.001855
情報	4	0.001119	0.001833
として	6	0.001678	0.001832
利用	4	0.001119	0.001793
例	3	0.000839	0.001759
会社	3	0.000839	0.001759
13	4	0.001119	0.001755
14	4	0.001119	0.001755
化	4	0.001119	0.001721
『	6	0.001678	0.001678
』	6	0.001678	0.001678
近年	3	0.000839	0.001678
的確	2	0.000559	0.001677
事由	2	0.000559	0.001677
真似	2	0.000559	0.001677
粗悪	2	0.000559	0.001677
公知	2	0.000559	0.001677
取引	2	0.000559	0.001677
弾力	2	0.000559	0.001677
景気	2	0.000559	0.001677
贈賄	2	0.000559	0.001677
引き渡し	2	0.000559	0.001677
惹起	2	0.000559	0.001677
カニ	2	0.000559	0.001677
看板	2	0.000559	0.001677
渡し	2	0.000559	0.001677
無効	2	0.000559	0.001677
紛らわしい	2	0.000559	0.001677
原産地	2	0.000559	0.001677
誤認	2	0.000559	0.001677
数量	2	0.000559	0.001677
みりん	2	0.000559	0.001677
誹謗	2	0.000559	0.001677
流布	2	0.000559	0.001677
代理人	2	0.000559	0.001677
満たさ	2	0.000559	0.001677
iMac	2	0.000559	0.001677
アップルコンピュータ	2	0.000559	0.001677
15	4	0.001119	0.001673
日	5	0.001399	0.001633
大正	3	0.000839	0.001612
国際	3	0.000839	0.001582
関連	5	0.001399	0.001566
以下	3	0.000839	0.001555
お	3	0.000839	0.001530
内容	3	0.000839	0.001530
中	4	0.001119	0.001529
約束	2	0.000559	0.001509
健全	2	0.000559	0.001509
意義	2	0.000559	0.001509
判例	2	0.000559	0.001509
止	2	0.000559	0.001509
否認	2	0.000559	0.001509
たとえば	2	0.000559	0.001509
ノウハウ	2	0.000559	0.001509
ハ	2	0.000559	0.001509
ニ	2	0.000559	0.001509
製品	2	0.000559	0.001509
追加	2	0.000559	0.001509
定義	2	0.000559	0.001509
図ら	2	0.000559	0.001509
公務員	2	0.000559	0.001509
氏名	2	0.000559	0.001509
標	2	0.000559	0.001509
特定	2	0.000559	0.001509
同種	2	0.000559	0.001509
用途	2	0.000559	0.001509
法学	2	0.000559	0.001509
8	5	0.001399	0.001463
17	3	0.000839	0.001425
総務	2	0.000559	0.001410
措置	2	0.000559	0.001410
経緯	2	0.000559	0.001410
適用	2	0.000559	0.001410
一定	2	0.000559	0.001410
乗り	2	0.000559	0.001410
ノ	2	0.000559	0.001410
違法	2	0.000559	0.001410
展示	2	0.000559	0.001410
ライバル	2	0.000559	0.001410
案	2	0.000559	0.001410
あっ	4	0.001119	0.001375
必要	3	0.000839	0.001375
概要	3	0.000839	0.001375
会	3	0.000839	0.001359
また	4	0.001119	0.001344
差	2	0.000559	0.001340
無断	2	0.000559	0.001340
ただ	2	0.000559	0.001340
判決	2	0.000559	0.001340
対外	2	0.000559	0.001340
導入	2	0.000559	0.001340
通信	2	0.000559	0.001340
;	2	0.000559	0.001340
国	3	0.000839	0.001303
国民	2	0.000559	0.001286
しかしながら	2	0.000559	0.001286
業務	2	0.000559	0.001286
サービス	2	0.000559	0.001286
自己	2	0.000559	0.001286
主張	2	0.000559	0.001286
項目	4	0.001119	0.001279
なく	3	0.000839	0.001278
47	2	0.000559	0.001242
データ	2	0.000559	0.001242
実施	2	0.000559	0.001242
規制	2	0.000559	0.001242
設定	2	0.000559	0.001242
によって	3	0.000839	0.001232
おり	3	0.000839	0.001222
7	4	0.001119	0.001221
システム	2	0.000559	0.001205
しまう	2	0.000559	0.001205
リスト	2	0.000559	0.001205
室	2	0.000559	0.001205
B	4	0.001119	0.001192
設け	2	0.000559	0.001172
認め	2	0.000559	0.001172
批判	2	0.000559	0.001172
集	2	0.000559	0.001172
10	3	0.000839	0.001147
章	2	0.000559	0.001144
事実	2	0.000559	0.001144
:	4	0.001119	0.001119
含む	2	0.000559	0.001118
広く	2	0.000559	0.001118
店	2	0.000559	0.001118
製	2	0.000559	0.001118
という	3	0.000839	0.001106
発展	2	0.000559	0.001095
得	2	0.000559	0.001095
つつ	2	0.000559	0.001095
サイト	2	0.000559	0.001095
リンク	3	0.000839	0.001077
ください	2	0.000559	0.001054
以上	2	0.000559	0.001054
形	2	0.000559	0.001054
初期	2	0.000559	0.001054
特に	2	0.000559	0.001020
ご	2	0.000559	0.001020
旧	2	0.000559	0.001020
行っ	2	0.000559	0.000975
月	3	0.000839	0.000949
非	3	0.000839	0.000944
昭和	2	0.000559	0.000938
AD	2	0.000559	0.000938
脚注	2	0.000559	0.000896
なかっ	2	0.000559	0.000886
関係	2	0.000559	0.000886
間	2	0.000559	0.000877
歴史	2	0.000559	0.000877
主	2	0.000559	0.000860
16	2	0.000559	0.000860
ば	2	0.000559	0.000860
それ	2	0.000559	0.000851
効力	1	0.000280	0.000840
ふせ	1	0.000280	0.000840
ょうそうぼうしほう	1	0.000280	0.000840
所管	1	0.000280	0.000840
講じ	1	0.000280	0.000840
寄与	1	0.000280	0.000840
正常	1	0.000280	0.000840
貶める	1	0.000280	0.000840
スパイ	1	0.000280	0.000840
出回る	1	0.000280	0.000840
安心	1	0.000280	0.000840
望め	1	0.000280	0.000840
意匠	1	0.000280	0.000840
守り	1	0.000280	0.000840
きれ	1	0.000280	0.000840
実質	1	0.000280	0.000840
無体物	1	0.000280	0.000840
効能	1	0.000280	0.000840
解する	1	0.000280	0.000840
盗用	1	0.000280	0.000840
様態	1	0.000280	0.000840
酷似	1	0.000280	0.000840
著しく	1	0.000280	0.000840
顕著	1	0.000280	0.000840
コピー・プロテクション	1	0.000280	0.000840
きわめて	1	0.000280	0.000840
湯	1	0.000280	0.000840
オ	1	0.000280	0.000840
625	1	0.000280	0.000840
大審院	1	0.000280	0.000840
民事	1	0.000280	0.000840
湯屋	1	0.000280	0.000840
老	1	0.000280	0.000840
舗其	1	0.000280	0.000840
若	1	0.000280	0.000840
ヲ	1	0.000280	0.000840
賣	1	0.000280	0.000840
却	1	0.000280	0.000840
スルコトニ	1	0.000280	0.000840
依	1	0.000280	0.000840
リテ	1	0.000280	0.000840
ヘキ	1	0.000280	0.000840
條	1	0.000280	0.000840
權利	1	0.000280	0.000840
該當	1	0.000280	0.000840
スルモノトス	1	0.000280	0.000840
判示	1	0.000280	0.000840
恐慌	1	0.000280	0.000840
上海	1	0.000280	0.000840
事変	1	0.000280	0.000840
取り戻し	1	0.000280	0.000840
賃金	1	0.000280	0.000840
大量	1	0.000280	0.000840
偽造	1	0.000280	0.000840
通商	1	0.000280	0.000840
訴える	1	0.000280	0.000840
かわす	1	0.000280	0.000840
踏まえ	1	0.000280	0.000840
ヘーグ	1	0.000280	0.000840
批准	1	0.000280	0.000840
立国	1	0.000280	0.000840
目指す	1	0.000280	0.000840
拡充	1	0.000280	0.000840
犯	1	0.000280	0.000840
窃盗	1	0.000280	0.000840
科する	1	0.000280	0.000840
容器	1	0.000280	0.000840
包装	1	0.000280	0.000840
回線	1	0.000280	0.000840
需要	1	0.000280	0.000840
させる	1	0.000280	0.000840
道楽	1	0.000280	0.000840
札幌	1	0.000280	0.000840
ラーメン	1	0.000280	0.000840
図形	1	0.000280	0.000840
McDonald	1	0.000280	0.000840
マック	1	0.000280	0.000840
冒用	1	0.000280	0.000840
フリーライド	1	0.000280	0.000840
希釈	1	0.000280	0.000840
ダイリューション	1	0.000280	0.000840
ポリューション	1	0.000280	0.000840
VOGUE	1	0.000280	0.000840
ベルト	1	0.000280	0.000840
シャネル	1	0.000280	0.000840
効用	1	0.000280	0.000840
先行	1	0.000280	0.000840
マイナスイオンブラシ	1	0.000280	0.000840
秘匿	1	0.000280	0.000840
複写	1	0.000280	0.000840
転職	1	0.000280	0.000840
転売	1	0.000280	0.000840
納め	1	0.000280	0.000840
ソフト	1	0.000280	0.000840
プロテクト	1	0.000280	0.000840
保有	1	0.000280	0.000840
国産	1	0.000280	0.000840
洋服	1	0.000280	0.000840
生地	1	0.000280	0.000840
押捺	1	0.000280	0.000840
MADE	1	0.000280	0.000840
KOREA	1	0.000280	0.000840
外し	1	0.000280	0.000840
害する	1	0.000280	0.000840
特許	1	0.000280	0.000840
承諾	1	0.000280	0.000840
無し	1	0.000280	0.000840
若しくは	1	0.000280	0.000840
許諾	1	0.000280	0.000840
ボルトカッタ	1	0.000280	0.000840
不可欠	1	0.000280	0.000840
広い	1	0.000280	0.000840
成り立た	1	0.000280	0.000840
仮処分	1	0.000280	0.000840
ヨ	1	0.000280	0.000840
22125	1	0.000280	0.000840
地方裁判所	1	0.000280	0.000840
ソーテック	1	0.000280	0.000840
差止め	1	0.000280	0.000840
事案	1	0.000280	0.000840
本条	1	0.000280	0.000840
れれ	1	0.000280	0.000840
解さ	1	0.000280	0.000840
余談	1	0.000280	0.000840
審議	1	0.000280	0.000840
部会	1	0.000280	0.000840
見直し	1	0.000280	0.000840
弁護士	1	0.000280	0.000840
法制	1	0.000280	0.000840
これ	2	0.000559	0.000788
時代	2	0.000559	0.000788
風評	1	0.000280	0.000756
堂々	1	0.000280	0.000756
消費	1	0.000280	0.000756
定める	1	0.000280	0.000756
救済	1	0.000280	0.000756
九	1	0.000280	0.000756
謂	1	0.000280	0.000756
軍需	1	0.000280	0.000756
依然として	1	0.000280	0.000756
廉価	1	0.000280	0.000756
貿易	1	0.000280	0.000756
さらさ	1	0.000280	0.000756
戦前	1	0.000280	0.000756
掲げ	1	0.000280	0.000756
伴っ	1	0.000280	0.000756
国外	1	0.000280	0.000756
処罰	1	0.000280	0.000756
海賊版	1	0.000280	0.000756
動く	1	0.000280	0.000756
バッグ	1	0.000280	0.000756
以内	1	0.000280	0.000756
貸	1	0.000280	0.000756
マニュアル	1	0.000280	0.000756
公然	1	0.000280	0.000756
持ち出し	1	0.000280	0.000756
デジタル	1	0.000280	0.000756
コンテンツ	1	0.000280	0.000756
プログラム	1	0.000280	0.000756
チップ	1	0.000280	0.000756
書類	1	0.000280	0.000756
品質	1	0.000280	0.000756
マンチェスター	1	0.000280	0.000756
服	1	0.000280	0.000756
調味	1	0.000280	0.000756
告げ	1	0.000280	0.000756
代理	1	0.000280	0.000756
勝手	1	0.000280	0.000756
分の	1	0.000280	0.000756
棄却	1	0.000280	0.000756
パソコン	1	0.000280	0.000756
色彩	1	0.000280	0.000756
素材	1	0.000280	0.000756
申	1	0.000280	0.000756
指針	1	0.000280	0.000756
外部	2	0.000559	0.000732
遭遇	1	0.000280	0.000706
相談	1	0.000280	0.000706
免責	1	0.000280	0.000706
現行	1	0.000280	0.000706
したがって	1	0.000280	0.000706
流し	1	0.000280	0.000706
購入	1	0.000280	0.000706
出来	1	0.000280	0.000706
蔓延	1	0.000280	0.000706
ロゴ	1	0.000280	0.000706
モノ	1	0.000280	0.000706
広範	1	0.000280	0.000706
勃発	1	0.000280	0.000706
にあたり	1	0.000280	0.000706
額	1	0.000280	0.000706
推定	1	0.000280	0.000706
通じ	1	0.000280	0.000706
生じ	1	0.000280	0.000706
ど	1	0.000280	0.000706
貸し	1	0.000280	0.000706
売却	1	0.000280	0.000706
名簿	1	0.000280	0.000706
入手	1	0.000280	0.000706
加える	1	0.000280	0.000706
大手	1	0.000280	0.000706
IN	1	0.000280	0.000706
工具	1	0.000280	0.000706
占める	1	0.000280	0.000706
割合	1	0.000280	0.000706
裁判所	1	0.000280	0.000706
人	2	0.000559	0.000704
最新	1	0.000280	0.000671
反映	1	0.000280	0.000671
現実	1	0.000280	0.000671
番号	1	0.000280	0.000671
いき	1	0.000280	0.000671
期待	1	0.000280	0.000671
十分	1	0.000280	0.000671
マーク	1	0.000280	0.000671
認める	1	0.000280	0.000671
否定	1	0.000280	0.000671
外交	1	0.000280	0.000671
所有	1	0.000280	0.000671
要求	1	0.000280	0.000671
ひ	1	0.000280	0.000671
明記	1	0.000280	0.000671
罪	1	0.000280	0.000671
認識	1	0.000280	0.000671
汚染	1	0.000280	0.000671
大衆	1	0.000280	0.000671
ファッション	1	0.000280	0.000671
飲食	1	0.000280	0.000671
機器	1	0.000280	0.000671
信号	1	0.000280	0.000671
広告	1	0.000280	0.000671
質	1	0.000280	0.000671
料	1	0.000280	0.000671
当該	1	0.000280	0.000671
至っ	1	0.000280	0.000671
認定	1	0.000280	0.000671
求める	1	0.000280	0.000671
伴う	1	0.000280	0.000671
属する	1	0.000280	0.000671
あり	2	0.000559	0.000653
読み	1	0.000280	0.000644
模様	1	0.000280	0.000644
なさ	1	0.000280	0.000644
こ	1	0.000280	0.000644
成立	1	0.000280	0.000644
低	1	0.000280	0.000644
強い	1	0.000280	0.000644
積極	1	0.000280	0.000644
パリ	1	0.000280	0.000644
整理	1	0.000280	0.000644
もしくは	1	0.000280	0.000644
電気	1	0.000280	0.000644
扱っ	1	0.000280	0.000644
内部	1	0.000280	0.000644
独立	1	0.000280	0.000644
何らかの	1	0.000280	0.000644
行い	1	0.000280	0.000644
メーカー	1	0.000280	0.000644
除く	1	0.000280	0.000644
非常	1	0.000280	0.000644
意見	1	0.000280	0.000644
略称	1	0.000280	0.000622
種類	1	0.000280	0.000622
もっ	1	0.000280	0.000622
範囲	1	0.000280	0.000622
特別	1	0.000280	0.000622
限定	1	0.000280	0.000622
再び	1	0.000280	0.000622
文字	1	0.000280	0.000622
北海道	1	0.000280	0.000622
使い	1	0.000280	0.000622
ゲーム	1	0.000280	0.000622
得る	1	0.000280	0.000622
開設	1	0.000280	0.000622
領域	1	0.000280	0.000622
連合	1	0.000280	0.000622
A	2	0.000559	0.000604
限り	1	0.000280	0.000603
解説	1	0.000280	0.000603
運用	1	0.000280	0.000603
之	1	0.000280	0.000603
七	1	0.000280	0.000603
1927	1	0.000280	0.000603
1932	1	0.000280	0.000603
機会	1	0.000280	0.000603
言う	1	0.000280	0.000603
企業	1	0.000280	0.000603
なけれ	1	0.000280	0.000603
比較的	1	0.000280	0.000603
立て	1	0.000280	0.000603
比較	1	0.000280	0.000603
方向	1	0.000280	0.000603
分野	1	0.000280	0.000603
98	1	0.000280	0.000603
|	2	0.000559	0.000590
事項	1	0.000280	0.000587
デザイン	1	0.000280	0.000587
体制	1	0.000280	0.000587
百	1	0.000280	0.000587
1934	1	0.000280	0.000587
と共に	1	0.000280	0.000587
直接	1	0.000280	0.000587
さん	1	0.000280	0.000587
経営	1	0.000280	0.000587
通常	1	0.000280	0.000587
方法	1	0.000280	0.000587
中国	1	0.000280	0.000587
近く	1	0.000280	0.000587
重要	1	0.000280	0.000587
委員	1	0.000280	0.000587
紹介	1	0.000280	0.000587
記述	1	0.000280	0.000573
国内	1	0.000280	0.000573
といった	1	0.000280	0.000573
アクセス	1	0.000280	0.000573
小	1	0.000280	0.000573
より	2	0.000559	0.000561
/	2	0.000559	0.000561
代表	1	0.000280	0.000560
様々	1	0.000280	0.000560
s	1	0.000280	0.000560
雑誌	1	0.000280	0.000560
CD	1	0.000280	0.000560
風	1	0.000280	0.000560
構造	1	0.000280	0.000560
通称	1	0.000280	0.000548
対象	1	0.000280	0.000548
同様	1	0.000280	0.000548
ほとんど	1	0.000280	0.000548
変更	1	0.000280	0.000548
政府	1	0.000280	0.000548
1993	1	0.000280	0.000548
専門	1	0.000280	0.000538
明治	1	0.000280	0.000538
最初	1	0.000280	0.000538
含ま	1	0.000280	0.000538
用	1	0.000280	0.000538
書	1	0.000280	0.000538
自身	1	0.000280	0.000528
基本	1	0.000280	0.000528
事業	1	0.000280	0.000528
に対して	1	0.000280	0.000528
高等	1	0.000280	0.000528
研究	1	0.000280	0.000528
大学	1	0.000280	0.000519
いう	1	0.000280	0.000519
'	1	0.000280	0.000519
向け	1	0.000280	0.000519
せる	1	0.000280	0.000519
ら	1	0.000280	0.000511
子	1	0.000280	0.000511
社会	1	0.000280	0.000495
その他	1	0.000280	0.000495
下	1	0.000280	0.000495
約	1	0.000280	0.000495
東京	1	0.000280	0.000489
95	1	0.000280	0.000489
開始	1	0.000280	0.000482
ほか	1	0.000280	0.000482
知ら	1	0.000280	0.000482
19	1	0.000280	0.000476
でき	1	0.000280	0.000476
28	1	0.000280	0.000476
所	1	0.000280	0.000476
2005	1	0.000280	0.000476
可能	1	0.000280	0.000476
PJ	1	0.000280	0.000476
AB	1	0.000280	0.000476
BA	1	0.000280	0.000476
2003	1	0.000280	0.000470
際	1	0.000280	0.000470
参考	1	0.000280	0.000470
81	1	0.000280	0.000464
行う	1	0.000280	0.000464
〜	1	0.000280	0.000464
89	1	0.000280	0.000464
同	1	0.000280	0.000459
部	1	0.000280	0.000454
多く	1	0.000280	0.000454
2001	1	0.000280	0.000454
多い	1	0.000280	0.000454
P	1	0.000280	0.000454
呼ば	1	0.000280	0.000449
本	1	0.000280	0.000449
三	1	0.000280	0.000444
数	1	0.000280	0.000444
および	1	0.000280	0.000444
存在	1	0.000280	0.000439
2004	1	0.000280	0.000439
世界	1	0.000280	0.000439
D	1	0.000280	0.000439
できる	1	0.000280	0.000431
元	1	0.000280	0.000431
家	1	0.000280	0.000422
書き	1	0.000280	0.000422
大	1	0.000280	0.000411
記事	1	0.000280	0.000411
られる	1	0.000280	0.000408
二	1	0.000280	0.000408
20	1	0.000280	0.000408
かけ	1	0.000280	0.000408
ず	1	0.000280	0.000401
なり	1	0.000280	0.000398
歴	1	0.000280	0.000383
による	1	0.000280	0.000383
話	1	0.000280	0.000380
表	1	0.000280	0.000377
編	1	0.000280	0.000372
により	1	0.000280	0.000367
12	1	0.000280	0.000367
後	1	0.000280	0.000351
へ	1	0.000280	0.000348
目次	1	0.000280	0.000320
/%	1	0.000280	0.000289
http	1	0.000280	0.000281
://	1	0.000280	0.000281
ja	1	0.000280	0.000281
wikipedia	1	0.000280	0.000281
org	1	0.000280	0.000281
wiki	1	0.000280	0.000281
作成	1	0.000280	0.000281
カテゴリ	1	0.000280	0.000281
出典	1	0.000280	0.000280
フリー	1	0.000280	0.000280
百科	1	0.000280	0.000280
事典	1	0.000280	0.000280
ウィキペディア	1	0.000280	0.000280
Wikipedia	1	0.000280	0.000280
移動	1	0.000280	0.000280
ナビゲーション	1	0.000280	0.000280
,	1	0.000280	0.000280
検索	1	0.000280	0.000280
