の	76	0.040904	0.040904
島崎	28	0.015070	0.040673
、	73	0.039290	0.039290
。	55	0.029602	0.029602
た	51	0.027449	0.027569
音楽	24	0.012917	0.024811
に	40	0.021529	0.021529
（	37	0.019914	0.019914
）	37	0.019914	0.019914
で	36	0.019376	0.019461
が	35	0.018837	0.019002
明治	18	0.009688	0.018609
オルガン	11	0.005920	0.017760
は	32	0.017223	0.017223
を	30	0.016146	0.016146
て	25	0.013455	0.013633
年	24	0.012917	0.013446
作曲	11	0.005920	0.012757
唱歌	8	0.004306	0.011622
し	20	0.010764	0.010764
と	19	0.010226	0.010271
赤	8	0.004306	0.009908
太郎	8	0.004306	0.009567
「	17	0.009150	0.009150
」	17	0.009150	0.009150
昭和	10	0.005382	0.009030
文部省	6	0.003229	0.008715
編纂	6	0.003229	0.008715
『	16	0.008611	0.008611
』	16	0.008611	0.008611
東京	9	0.004844	0.008451
留学	6	0.003229	0.008146
教育	8	0.004306	0.008121
共益	5	0.002691	0.008073
商社	5	0.002691	0.008073
尋常	5	0.002691	0.008073
田村	5	0.002691	0.008073
ペリ	5	0.002691	0.008073
%	14	0.007535	0.007635
学校	8	0.004306	0.007620
れ	13	0.006997	0.007420
帰国	5	0.002691	0.007263
も	12	0.006459	0.007050
ある	12	0.006459	0.006818
いる	11	0.005920	0.006462
伴奏	4	0.002153	0.006459
小学	5	0.002691	0.006453
さ	11	0.005920	0.006308
伝聞	4	0.002153	0.005811
歌	5	0.002691	0.005799
な	9	0.004844	0.005594
田辺	4	0.002153	0.005432
あっ	8	0.004306	0.005293
い	9	0.004844	0.005287
4	9	0.004844	0.005186
著作	4	0.002153	0.005163
確認	4	0.002153	0.004954
こと	8	0.004306	0.004946
伝記	3	0.001615	0.004845
譜	3	0.001615	0.004845
尚雄	3	0.001615	0.004845
考	3	0.001615	0.004845
として	8	0.004306	0.004700
史	5	0.002691	0.004695
から	8	0.004306	0.004677
|	8	0.004306	0.004545
委員	4	0.002153	0.004515
期	4	0.002153	0.004405
虎	3	0.001615	0.004359
ノエル	3	0.001615	0.004359
月	7	0.003767	0.004260
-	7	0.003767	0.004092
教会	3	0.001615	0.004074
蔵	3	0.001615	0.004074
福井	3	0.001615	0.003873
よれ	3	0.001615	0.003873
日本	6	0.003229	0.003833
E	7	0.003767	0.003817
秋	3	0.001615	0.003716
に関する	4	0.002153	0.003569
支援	3	0.001615	0.003480
なかっ	4	0.002153	0.003413
8	6	0.003229	0.003377
その	5	0.002691	0.003328
記述	3	0.001615	0.003304
編集	6	0.003229	0.003286
協会	3	0.001615	0.003230
叙勲	2	0.001076	0.003228
ルドルフ・ディットリヒ	2	0.001076	0.003228
母校	2	0.001076	0.003228
出国	2	0.001076	0.003228
ライプツィヒ	2	0.001076	0.003228
廉太郎	2	0.001076	0.003228
白井	2	0.001076	0.003228
教則	2	0.001076	0.003228
詳解	2	0.001076	0.003228
吉丸	2	0.001076	0.003228
一昌	2	0.001076	0.003228
校閲	2	0.001076	0.003228
《	2	0.001076	0.003228
励	2	0.001076	0.003228
》	2	0.001076	0.003228
理平	2	0.001076	0.003228
ノエル・ペリ	2	0.001076	0.003228
ストライキ	2	0.001076	0.003228
北村	2	0.001076	0.003228
ら	3	0.001615	0.002946
中	4	0.002153	0.002942
による	4	0.002153	0.002942
瀧	2	0.001076	0.002904
教師	2	0.001076	0.002904
岡野	2	0.001076	0.002904
貞一	2	0.001076	0.002904
中田	2	0.001076	0.002904
楽譜	2	0.001076	0.002904
既に	2	0.001076	0.002904
引用	2	0.001076	0.002904
風評	2	0.001076	0.002904
赤井	2	0.001076	0.002904
カトリック	2	0.001076	0.002904
遠藤	2	0.001076	0.002904
宏	2	0.001076	0.002904
両論	2	0.001076	0.002904
史料	2	0.001076	0.002904
する	5	0.002691	0.002881
編	4	0.002153	0.002859
文化	3	0.001615	0.002858
5	5	0.002691	0.002788
・	5	0.002691	0.002763
文献	3	0.001615	0.002744
[	5	0.002691	0.002727
]	5	0.002691	0.002727
略歴	2	0.001076	0.002715
尽力	2	0.001076	0.002715
キリスト	2	0.001076	0.002715
例えば	2	0.001076	0.002715
後	4	0.002153	0.002695
教授	2	0.001076	0.002580
理論	2	0.001076	0.002580
教科書	2	0.001076	0.002580
人形	2	0.001076	0.002580
直	2	0.001076	0.002580
うえ	2	0.001076	0.002580
中村	2	0.001076	0.002580
者	4	0.002153	0.002556
について	3	0.001615	0.002533
日	4	0.002153	0.002514
ば	3	0.001615	0.002483
父親	2	0.001076	0.002476
教	2	0.001076	0.002476
教え	2	0.001076	0.002476
など	4	0.002153	0.002447
家	3	0.001615	0.002436
人物	3	0.001615	0.002436
この	4	0.002153	0.002397
1933	2	0.001076	0.002391
入学	2	0.001076	0.002391
中期	2	0.001076	0.002391
従来	2	0.001076	0.002391
二	3	0.001615	0.002351
9	4	0.002153	0.002350
注意	2	0.001076	0.002319
発行	2	0.001076	0.002319
資料	2	0.001076	0.002319
　	3	0.001615	0.002312
B	4	0.002153	0.002294
重要	2	0.001076	0.002256
1934	2	0.001076	0.002256
批判	2	0.001076	0.002256
2	4	0.002153	0.002252
3	4	0.002153	0.002231
章	2	0.001076	0.002201
事実	2	0.001076	0.002201
より	4	0.002153	0.002162
点	2	0.001076	0.002152
時期	2	0.001076	0.002152
という	3	0.001615	0.002130
出版	2	0.001076	0.002107
物語	2	0.001076	0.002107
曲	2	0.001076	0.002067
大正	2	0.001076	0.002067
記録	2	0.001076	0.002067
事件	2	0.001076	0.002067
形	2	0.001076	0.002029
国際	2	0.001076	0.002029
担当	2	0.001076	0.001995
ISBN	2	0.001076	0.001963
ない	3	0.001615	0.001928
ほか	2	0.001076	0.001852
版	2	0.001076	0.001852
公式	2	0.001076	0.001852
知ら	2	0.001076	0.001852
社	2	0.001076	0.001852
でも	2	0.001076	0.001828
可能	2	0.001076	0.001828
う	2	0.001076	0.001805
参考	2	0.001076	0.001805
だっ	2	0.001076	0.001805
6	3	0.001615	0.001789
当時	2	0.001076	0.001784
同	2	0.001076	0.001763
必要	2	0.001076	0.001763
会	2	0.001076	0.001743
本	2	0.001076	0.001724
三	2	0.001076	0.001705
しかし	2	0.001076	0.001705
き	2	0.001076	0.001705
歴史	2	0.001076	0.001688
受け	2	0.001076	0.001671
1	3	0.001615	0.001666
元	2	0.001076	0.001654
上	2	0.001076	0.001639
号	2	0.001076	0.001639
:	3	0.001615	0.001615
.	3	0.001615	0.001615
1874	1	0.000538	0.001614
奏者	1	0.000538	0.001614
入船	1	0.000538	0.001614
ごろ	1	0.000538	0.001614
内国	1	0.000538	0.001614
勧業	1	0.000538	0.001614
藝	1	0.000538	0.001614
作之助	1	0.000538	0.001614
昭憲皇太后	1	0.000538	0.001614
御前	1	0.000538	0.001614
1902	1	0.000538	0.001614
給費	1	0.000538	0.001614
王立	1	0.000538	0.001614
アルトゥール・ニキシュ	1	0.000538	0.001614
校長	1	0.000538	0.001614
パウル・ホーマイエル	1	0.000538	0.001614
視学	1	0.000538	0.001614
主任	1	0.000538	0.001614
選曲	1	0.000538	0.001614
年初	1	0.000538	0.001614
146	1	0.000538	0.001614
重鎮	1	0.000538	0.001614
大正天皇	1	0.000538	0.001614
大礼	1	0.000538	0.001614
奉祝	1	0.000538	0.001614
合唱	1	0.000538	0.001614
退職	1	0.000538	0.001614
芝	1	0.000538	0.001614
西南学院大学	1	0.000538	0.001614
立教大学	1	0.000538	0.001614
校歌	1	0.000538	0.001614
摂政	1	0.000538	0.001614
御製	1	0.000538	0.001614
最上川	1	0.000538	0.001614
フーガ	1	0.000538	0.001614
送る	1	0.000538	0.001614
』(	1	0.000538	0.001614
)、『	1	0.000538	0.001614
楽典	1	0.000538	0.001614
ザーロモン・ヤーダスゾーン	1	0.000538	0.001614
音楽家	1	0.000538	0.001614
潔	1	0.000538	0.001614
早春	1	0.000538	0.001614
賦	1	0.000538	0.001614
新作	1	0.000538	0.001614
序文	1	0.000538	0.001614
綿密	1	0.000538	0.001614
評釈	1	0.000538	0.001614
説明	1	0.000538	0.001614
実名	1	0.000538	0.001614
王冠	1	0.000538	0.001614
瑞宝章	1	0.000538	0.001614
派閥	1	0.000538	0.001614
当事者	1	0.000538	0.001614
1904	1	0.000538	0.001614
俗説	1	0.000538	0.001614
功労	1	0.000538	0.001614
乗船	1	0.000538	0.001614
官報	1	0.000538	0.001614
何ら	1	0.000538	0.001614
実家	1	0.000538	0.001614
収入	1	0.000538	0.001614
直弟子	1	0.000538	0.001614
草川	1	0.000538	0.001614
宣雄	1	0.000538	0.001614
書き残し	1	0.000538	0.001614
追悼	1	0.000538	0.001614
鍵	1	0.000538	0.001614
軋轢	1	0.000538	0.001614
整合	1	0.000538	0.001614
未成年	1	0.000538	0.001614
晴	1	0.000538	0.001614
停学	1	0.000538	0.001614
有識者	1	0.000538	0.001614
事前	1	0.000538	0.001614
密告	1	0.000538	0.001614
無視	1	0.000538	0.001614
精密	1	0.000538	0.001614
動乱	1	0.000538	0.001614
書物	1	0.000538	0.001614
安易	1	0.000538	0.001614
慎重	1	0.000538	0.001614
吟味	1	0.000538	0.001614
不確か	1	0.000538	0.001614
普遍	1	0.000538	0.001614
弓	1	0.000538	0.001614
7872	1	0.000538	0.001614
7216	1	0.000538	0.001614
本邦	1	0.000538	0.001614
小松	1	0.000538	0.001614
耕	1	0.000538	0.001614
輔	1	0.000538	0.001614
ひらく	1	0.000538	0.001614
音楽之友社	1	0.000538	0.001614
洋楽	1	0.000538	0.001614
大空	1	0.000538	0.001614
7568	1	0.000538	0.001614
0236	1	0.000538	0.001614
3073	1	0.000538	0.001614
オルガニスト	1	0.000538	0.001614
東京芸術大学	1	0.000538	0.001614
在外	1	0.000538	0.001614
名	2	0.001076	0.001608
等	2	0.001076	0.001594
だ	2	0.001076	0.001553
ず	2	0.001076	0.001541
なり	2	0.001076	0.001528
よう	2	0.001076	0.001481
ざき	1	0.000538	0.001452
たろ	1	0.000538	0.001452
築地	1	0.000538	0.001452
大工	1	0.000538	0.001452
棟梁	1	0.000538	0.001452
クリスチャン	1	0.000538	0.001452
博覧	1	0.000538	0.001452
術	1	0.000538	0.001452
専修	1	0.000538	0.001452
小山	1	0.000538	0.001452
留学生	1	0.000538	0.001452
1906	1	0.000538	0.001452
1899	1	0.000538	0.001452
愛宕	1	0.000538	0.001452
皇太子	1	0.000538	0.001452
天皇	1	0.000538	0.001452
歌わ	1	0.000538	0.001452
楽	1	0.000538	0.001452
辞典	1	0.000538	0.001452
とっ	1	0.000538	0.001452
永井	1	0.000538	0.001452
幸次	1	0.000538	0.001452
推薦	1	0.000538	0.001452
ルーマニア	1	0.000538	0.001452
勲	1	0.000538	0.001452
誤っ	1	0.000538	0.001452
ばかり	1	0.000538	0.001452
排除	1	0.000538	0.001452
広まっ	1	0.000538	0.001452
検証	1	0.000538	0.001452
出来事	1	0.000538	0.001452
合わ	1	0.000538	0.001452
間違っ	1	0.000538	0.001452
同僚	1	0.000538	0.001452
；	1	0.000538	0.001452
先生	1	0.000538	0.001452
辞職	1	0.000538	0.001452
具体	1	0.000538	0.001452
群	1	0.000538	0.001452
告発	1	0.000538	0.001452
季	1	0.000538	0.001452
ぜ	1	0.000538	0.001452
再考	1	0.000538	0.001452
確立	1	0.000538	0.001452
望ましい	1	0.000538	0.001452
併記	1	0.000538	0.001452
立場	1	0.000538	0.001452
本文	1	0.000538	0.001452
追記	1	0.000538	0.001452
現在	2	0.001076	0.001449
的	2	0.001076	0.001391
あか	1	0.000538	0.001357
熊	1	0.000538	0.001357
あげ	1	0.000538	0.001357
出品	1	0.000538	0.001357
1893	1	0.000538	0.001357
1901	1	0.000538	0.001357
普及	1	0.000538	0.001357
数多く	1	0.000538	0.001357
葬儀	1	0.000538	0.001357
山形	1	0.000538	0.001357
県民	1	0.000538	0.001357
書い	1	0.000538	0.001357
浄土真宗	1	0.000538	0.001357
真宗	1	0.000538	0.001357
訳書	1	0.000538	0.001357
遺族	1	0.000538	0.001357
珍しい	1	0.000538	0.001357
武士	1	0.000538	0.001357
しかも	1	0.000538	0.001357
史家	1	0.000538	0.001357
全く	1	0.000538	0.001357
名簿	1	0.000538	0.001357
邪魔	1	0.000538	0.001357
友	1	0.000538	0.001357
故人	1	0.000538	0.001357
あろ	1	0.000538	0.001357
業績	1	0.000538	0.001357
発掘	1	0.000538	0.001357
徹底	1	0.000538	0.001357
青	1	0.000538	0.001357
人	2	0.001076	0.001355
なっ	2	0.001076	0.001292
れる	2	0.001076	0.001292
しま	1	0.000538	0.001290
郎	1	0.000538	0.001290
一家	1	0.000538	0.001290
学び	1	0.000538	0.001290
助	1	0.000538	0.001290
病気	1	0.000538	0.001290
中学	1	0.000538	0.001290
御	1	0.000538	0.001290
貢献	1	0.000538	0.001290
著書	1	0.000538	0.001290
信	1	0.000538	0.001290
民間	1	0.000538	0.001290
明記	1	0.000538	0.001290
歌詞	1	0.000538	0.001290
1917	1	0.000538	0.001290
勲章	1	0.000538	0.001290
正確	1	0.000538	0.001290
基づく	1	0.000538	0.001290
離れ	1	0.000538	0.001290
処分	1	0.000538	0.001290
つい	1	0.000538	0.001290
強く	1	0.000538	0.001290
すでに	1	0.000538	0.001290
勤務	1	0.000538	0.001290
相互	1	0.000538	0.001290
教員	1	0.000538	0.001290
あり	2	0.001076	0.001256
演奏	1	0.000538	0.001238
指揮	1	0.000538	0.001238
学ぶ	1	0.000538	0.001238
連絡	1	0.000538	0.001238
何らかの	1	0.000538	0.001238
元年	1	0.000538	0.001238
明確	1	0.000538	0.001238
記載	1	0.000538	0.001238
にとって	1	0.000538	0.001238
源	1	0.000538	0.001238
授業	1	0.000538	0.001238
永	1	0.000538	0.001238
信濃	1	0.000538	0.001238
伝	1	0.000538	0.001238
前述	1	0.000538	0.001238
傾向	1	0.000538	0.001238
整理	1	0.000538	0.001238
都	1	0.000538	0.001238
そのまま	1	0.000538	0.001195
39	1	0.000538	0.001195
結婚	1	0.000538	0.001195
達成	1	0.000538	0.001195
声	1	0.000538	0.001195
交換	1	0.000538	0.001195
宗	1	0.000538	0.001195
翻訳	1	0.000538	0.001195
に関して	1	0.000538	0.001195
意識	1	0.000538	0.001195
もっ	1	0.000538	0.001195
夫人	1	0.000538	0.001195
なぜ	1	0.000538	0.001195
使っ	1	0.000538	0.001195
被害	1	0.000538	0.001195
新た	1	0.000538	0.001195
像	1	0.000538	0.001195
日本人	1	0.000538	0.001195
7	2	0.001076	0.001174
A	2	0.001076	0.001163
1930	1	0.000538	0.001159
1927	1	0.000538	0.001159
巻	1	0.000538	0.001159
残っ	1	0.000538	0.001159
掲載	1	0.000538	0.001159
1928	1	0.000538	0.001159
反対	1	0.000538	0.001159
37	1	0.000538	0.001159
外国	1	0.000538	0.001159
自体	1	0.000538	0.001159
起こっ	1	0.000538	0.001159
博士	1	0.000538	0.001159
主要	1	0.000538	0.001159
1952	1	0.000538	0.001159
交流	1	0.000538	0.001159
ドイツ	1	0.000538	0.001128
院	1	0.000538	0.001128
務め	1	0.000538	0.001128
井上	1	0.000538	0.001128
彼ら	1	0.000538	0.001128
集	1	0.000538	0.001128
対立	1	0.000538	0.001128
著	1	0.000538	0.001128
卒業	1	0.000538	0.001101
34	1	0.000538	0.001101
もと	1	0.000538	0.001101
つけ	1	0.000538	0.001101
米	1	0.000538	0.001101
にかけて	1	0.000538	0.001101
四	1	0.000538	0.001101
多かっ	1	0.000538	0.001101
就任	1	0.000538	0.001101
ほど	1	0.000538	0.001101
1941	1	0.000538	0.001101
32	1	0.000538	0.001076
語	1	0.000538	0.001076
上記	1	0.000538	0.001076
示す	1	0.000538	0.001076
一つ	1	0.000538	0.001076
計画	1	0.000538	0.001076
現代	1	0.000538	0.001076
近年	1	0.000538	0.001076
新しい	1	0.000538	0.001076
35	1	0.000538	0.001054
年間	1	0.000538	0.001054
1936	1	0.000538	0.001054
初めて	1	0.000538	0.001054
影響	1	0.000538	0.001054
当初	1	0.000538	0.001054
没	1	0.000538	0.001054
つつ	1	0.000538	0.001054
生まれ	1	0.000538	0.001033
23	1	0.000538	0.001033
専門	1	0.000538	0.001033
金	1	0.000538	0.001033
書	1	0.000538	0.001033
花	1	0.000538	0.001033
夏	1	0.000538	0.001015
同年	1	0.000538	0.001015
権	1	0.000538	0.001015
初期	1	0.000538	0.001015
なら	1	0.000538	0.001015
以上	1	0.000538	0.001015
側	1	0.000538	0.001015
1995	1	0.000538	0.001015
1996	1	0.000538	0.001015
大学	1	0.000538	0.000997
種	1	0.000538	0.000997
以下	1	0.000538	0.000997
現	1	0.000538	0.000981
特に	1	0.000538	0.000981
法	1	0.000538	0.000981
内容	1	0.000538	0.000981
頃	1	0.000538	0.000981
町	1	0.000538	0.000966
参照	1	0.000538	0.000966
に対する	1	0.000538	0.000966
学	1	0.000538	0.000966
結果	1	0.000538	0.000966
約	1	0.000538	0.000952
全	1	0.000538	0.000952
26	1	0.000538	0.000939
行っ	1	0.000538	0.000939
一般	1	0.000538	0.000926
AA	1	0.000538	0.000926
19	1	0.000538	0.000914
でき	1	0.000538	0.000914
年代	1	0.000538	0.000892
〜	1	0.000538	0.000892
出身	1	0.000538	0.000892
部	1	0.000538	0.000871
多い	1	0.000538	0.000871
行わ	1	0.000538	0.000862
数	1	0.000538	0.000853
関係	1	0.000538	0.000853
13	1	0.000538	0.000844
において	1	0.000538	0.000844
間	1	0.000538	0.000844
国	1	0.000538	0.000835
それ	1	0.000538	0.000819
性	1	0.000538	0.000819
時	1	0.000538	0.000812
15	1	0.000538	0.000804
せ	1	0.000538	0.000804
C	1	0.000538	0.000797
前	1	0.000538	0.000790
使用	1	0.000538	0.000790
20	1	0.000538	0.000783
時代	1	0.000538	0.000758
これ	1	0.000538	0.000758
11	1	0.000538	0.000752
0	1	0.000538	0.000741
まで	1	0.000538	0.000725
第	1	0.000538	0.000725
なる	1	0.000538	0.000714
83	1	0.000538	0.000678
へ	1	0.000538	0.000669
ため	1	0.000538	0.000661
また	1	0.000538	0.000646
や	1	0.000538	0.000635
目次	1	0.000538	0.000615
表示	1	0.000538	0.000615
非	1	0.000538	0.000605
/%	1	0.000538	0.000555
http	1	0.000538	0.000540
://	1	0.000538	0.000540
ja	1	0.000538	0.000540
wikipedia	1	0.000538	0.000540
org	1	0.000538	0.000540
/	1	0.000538	0.000540
wiki	1	0.000538	0.000540
作成	1	0.000538	0.000540
カテゴリ	1	0.000538	0.000540
出典	1	0.000538	0.000538
フリー	1	0.000538	0.000538
百科	1	0.000538	0.000538
事典	1	0.000538	0.000538
ウィキペディア	1	0.000538	0.000538
Wikipedia	1	0.000538	0.000538
移動	1	0.000538	0.000538
ナビゲーション	1	0.000538	0.000538
,	1	0.000538	0.000538
検索	1	0.000538	0.000538
