科学	19	0.033628	0.065864
,	34	0.060177	0.060177
の	26	0.046018	0.046018
みすず書房	7	0.012389	0.033438
物理	6	0.010619	0.028660
史	8	0.014159	0.024704
共	6	0.010619	0.024435
訳	6	0.010619	0.023594
論	4	0.007080	0.019109
徹	4	0.007080	0.017862
出版	5	0.008850	0.017334
日本	8	0.014159	0.016808
広重	3	0.005310	0.015930
原子	3	0.005310	0.015930
学	5	0.008850	0.015894
近代	4	0.007080	0.014484
%	8	0.014159	0.014346
。	8	0.014159	0.014159
文庫	3	0.005310	0.013396
商工	3	0.005310	0.013396
学者	3	0.005310	0.012733
、	7	0.012389	0.012389
社	4	0.007080	0.012186
1975	3	0.005310	0.011443
|	6	0.010619	0.011209
歴史	4	0.007080	0.011106
1960	3	0.005310	0.010863
のち	3	0.005310	0.010863
−	3	0.005310	0.010863
と	6	0.010619	0.010665
自然	3	0.005310	0.010620
選書	2	0.003540	0.010620
量子力学	2	0.003540	0.010620
恒藤	2	0.003540	0.010620
敏彦	2	0.003540	0.010620
ダウ	2	0.003540	0.010620
リフシッツ	2	0.003540	0.010620
鳥居	2	0.003540	0.010620
一雄	2	0.003540	0.010620
図書	2	0.003540	0.010620
1973	3	0.005310	0.010400
研究	3	0.005310	0.010015
中央公論社	2	0.003540	0.009554
共著	2	0.003540	0.009554
ラン	2	0.003540	0.009554
史家	2	0.003540	0.008931
神戸	2	0.003540	0.008931
:	5	0.008850	0.008850
を	5	0.008850	0.008850
.	5	0.008850	0.008850
者	4	0.007080	0.008405
1965	2	0.003540	0.008146
書房	2	0.003540	0.008146
1971	2	0.003540	0.008146
1957	2	0.003540	0.007865
1963	2	0.003540	0.007865
1928	2	0.003540	0.007628
運動	2	0.003540	0.007628
1	4	0.007080	0.007303
・	4	0.007080	0.007270
現代	2	0.003540	0.007080
1968	2	0.003540	0.007080
技術	2	0.003540	0.006800
社会	2	0.003540	0.006264
東京	2	0.003540	0.006176
出身	2	0.003540	0.005868
会	2	0.003540	0.005734
2	3	0.005310	0.005553
年	3	0.005310	0.005527
編集	3	0.005310	0.005404
市	2	0.003540	0.005391
[	3	0.005310	0.005380
]	3	0.005310	0.005380
E	3	0.005310	0.005380
人物	2	0.003540	0.005341
た	3	0.005310	0.005333
（	3	0.005310	0.005310
）	3	0.005310	0.005310
は	3	0.005310	0.005310
に	3	0.005310	0.005310
てつ	1	0.001770	0.005310
京都大	1	0.001770	0.005310
学理	1	0.001770	0.005310
卒	1	0.001770	0.005310
理工学部	1	0.001770	0.005310
若くして	1	0.001770	0.005310
没し	1	0.001770	0.005310
壽子	1	0.001770	0.005310
原子力	1	0.001770	0.005310
培風館	1	0.001770	0.005310
史論	1	0.001770	0.005310
文集	1	0.001770	0.005310
西尾	1	0.001770	0.005310
成子	1	0.001770	0.005310
信之	1	0.001770	0.005310
共立	1	0.001770	0.005310
すすめ	1	0.001770	0.005310
成り立ち	1	0.001770	0.005310
ゆくえ	1	0.001770	0.005310
竹内	1	0.001770	0.005310
俊太郎	1	0.001770	0.005310
陽一郎	1	0.001770	0.005310
木鐸	1	0.001770	0.005310
ノイ	1	0.001770	0.005310
アインシュタイン	1	0.001770	0.005310
ゼーリッヒ	1	0.001770	0.005310
力学	1	0.001770	0.005310
巌	1	0.001770	0.005310
相対性理論	1	0.001770	0.005310
入門	1	0.001770	0.005310
エリ・ランダウ	1	0.001770	0.005310
ユ・ルーメル	1	0.001770	0.005310
ア・ジューコフ	1	0.001770	0.005310
フォーブス	1	0.001770	0.005310
デイクステルホイス	1	0.001770	0.005310
エリ・デ・ランダウ	1	0.001770	0.005310
ア・イ・キタイゴローツキ	1	0.001770	0.005310
スミス	1	0.001770	0.005310
みすず	1	0.001770	0.005310
スコーンランド	1	0.001770	0.005310
常石	1	0.001770	0.005310
サジ	1	0.001770	0.005310
カルノー	1	0.001770	0.005310
東海大学	1	0.001770	0.005310
WP	1	0.001770	0.005310
　	2	0.003540	0.005069
廣	1	0.001770	0.004777
ひろし	1	0.001770	0.004777
げ	1	0.001770	0.004777
兵庫	1	0.001770	0.004777
再考	1	0.001770	0.004777
朝日	1	0.001770	0.004777
ちく	1	0.001770	0.004777
学芸	1	0.001770	0.004777
編著	1	0.001770	0.004777
資本	1	0.001770	0.004777
筑摩書房	1	0.001770	0.004777
転機	1	0.001770	0.004777
たつ	1	0.001770	0.004777
中公新書	1	0.001770	0.004777
伊東	1	0.001770	0.004777
ライブラリー	1	0.001770	0.004777
数学	1	0.001770	0.004777
フォン	1	0.001770	0.004777
健	1	0.001770	0.004777
水戸	1	0.001770	0.004777
ドルトン	1	0.001770	0.004777
敬一	1	0.001770	0.004777
レンツ	1	0.001770	0.004777
哲学	1	0.001770	0.004777
第	2	0.003540	0.004768
的	2	0.003540	0.004575
業績	1	0.001770	0.004465
植物	1	0.001770	0.004465
三木	1	0.001770	0.004465
岩波	1	0.001770	0.004465
相対	1	0.001770	0.004465
福田	1	0.001770	0.004465
啓	1	0.001770	0.004465
平凡社	1	0.001770	0.004465
危険	1	0.001770	0.004465
ロー	1	0.001770	0.004465
人	2	0.003540	0.004459
教授	1	0.001770	0.004244
著書	1	0.001770	0.004244
刊行	1	0.001770	0.004244
過程	1	0.001770	0.004244
基礎	1	0.001770	0.004244
ジョン	1	0.001770	0.004244
古典	1	0.001770	0.004244
希望	1	0.001770	0.004244
熱	1	0.001770	0.004244
電子	1	0.001770	0.004244
日	2	0.003540	0.004133
重	1	0.001770	0.004073
学科	1	0.001770	0.004073
児童	1	0.001770	0.004073
思想	1	0.001770	0.004073
村上	1	0.001770	0.004073
生涯	1	0.001770	0.004073
64	1	0.001770	0.004073
伝	1	0.001770	0.004073
項目	2	0.003540	0.004045
月	2	0.003540	0.004003
戦後	1	0.001770	0.003933
翻訳	1	0.001770	0.003933
1947	1	0.001770	0.003933
9	2	0.003540	0.003864
-	2	0.003540	0.003845
1979	1	0.001770	0.003814
1961	1	0.001770	0.003814
1962	1	0.001770	0.003814
なか	1	0.001770	0.003814
マン	1	0.001770	0.003814
1959	1	0.001770	0.003814
務め	1	0.001770	0.003712
挙げ	1	0.001770	0.003712
妻	1	0.001770	0.003712
1958	1	0.001770	0.003712
体制	1	0.001770	0.003712
1981	1	0.001770	0.003712
井上	1	0.001770	0.003712
8	2	0.003540	0.003702
5	2	0.003540	0.003668
主義	1	0.001770	0.003621
／	1	0.001770	0.003621
87	1	0.001770	0.003621
て	2	0.003540	0.003587
「	2	0.003540	0.003540
」	2	0.003540	0.003540
以後	1	0.001770	0.003540
構造	1	0.001770	0.003540
新しい	1	0.001770	0.003540
1945	1	0.001770	0.003540
K	1	0.001770	0.003540
発展	1	0.001770	0.003467
ま	1	0.001770	0.003467
形成	1	0.001770	0.003467
没	1	0.001770	0.003467
生まれ	1	0.001770	0.003400
明治	1	0.001770	0.003400
書	1	0.001770	0.003400
1970	1	0.001770	0.003338
BE	1	0.001770	0.003338
大学	1	0.001770	0.003281
館	1	0.001770	0.003179
機関	1	0.001770	0.003179
中心	1	0.001770	0.003132
万	1	0.001770	0.003132
1980	1	0.001770	0.003047
アメリカ	1	0.001770	0.003047
28	1	0.001770	0.003007
BA	1	0.001770	0.003007
年生	1	0.001770	0.003007
場	1	0.001770	0.002970
P	1	0.001770	0.002867
および	1	0.001770	0.002805
三	1	0.001770	0.002805
D	1	0.001770	0.002776
地	1	0.001770	0.002722
書き	1	0.001770	0.002670
加筆	1	0.001770	0.002670
訂正	1	0.001770	0.002670
下さる	1	0.001770	0.002670
C	1	0.001770	0.002622
かけ	1	0.001770	0.002577
です	1	0.001770	0.002577
協力	1	0.001770	0.002555
県	1	0.001770	0.002534
求め	1	0.001770	0.002534
一	1	0.001770	0.002419
話	1	0.001770	0.002401
まで	1	0.001770	0.002384
編	1	0.001770	0.002350
ます	1	0.001770	0.002303
)	1	0.001770	0.002230
83	1	0.001770	0.002230
(	1	0.001770	0.002176
など	1	0.001770	0.002012
関連	1	0.001770	0.001981
この	1	0.001770	0.001971
7	1	0.001770	0.001932
い	1	0.001770	0.001932
から	1	0.001770	0.001923
A	1	0.001770	0.001913
B	1	0.001770	0.001886
/%	1	0.001770	0.001826
が	1	0.001770	0.001786
http	1	0.001770	0.001778
://	1	0.001770	0.001778
ja	1	0.001770	0.001778
wikipedia	1	0.001770	0.001778
org	1	0.001770	0.001778
/	1	0.001770	0.001778
wiki	1	0.001770	0.001778
より	1	0.001770	0.001778
作成	1	0.001770	0.001778
カテゴリ	1	0.001770	0.001778
出典	1	0.001770	0.001770
フリー	1	0.001770	0.001770
百科	1	0.001770	0.001770
事典	1	0.001770	0.001770
『	1	0.001770	0.001770
ウィキペディア	1	0.001770	0.001770
Wikipedia	1	0.001770	0.001770
』	1	0.001770	0.001770
移動	1	0.001770	0.001770
ナビゲーション	1	0.001770	0.001770
検索	1	0.001770	0.001770
し	1	0.001770	0.001770
