の	47	0.050701	0.050701
徳島	19	0.020496	0.047162
バス	19	0.020496	0.037997
駅	19	0.020496	0.035760
%	32	0.034520	0.034977
便	12	0.012945	0.031041
鳴門	9	0.009709	0.029127
、	26	0.028047	0.028047
が	21	0.022654	0.022853
。	21	0.022654	0.022654
高速	10	0.010787	0.022619
は	19	0.020496	0.020496
当	8	0.008630	0.018597
県	12	0.012945	0.018535
3	14	0.015102	0.015649
に	14	0.015102	0.015102
施設	8	0.008630	0.014854
駐車	5	0.005394	0.014558
を	13	0.014024	0.014024
ターミナル	5	0.005394	0.013608
で	12	0.012945	0.013002
とくとく	4	0.004315	0.012945
松茂	4	0.004315	0.012945
停車	5	0.005394	0.012934
経由	5	0.005394	0.012934
方面	6	0.006472	0.012432
発着	5	0.005394	0.012412
E	11	0.011866	0.012023
も	10	0.010787	0.011774
・	10	0.010787	0.011077
[	10	0.010787	0.010930
（	10	0.010787	0.010787
する	9	0.009709	0.010394
）	9	0.009709	0.009709
「	9	0.009709	0.009709
」	9	0.009709	0.009709
吉野川	3	0.003236	0.009708
交通	5	0.005394	0.009284
ある	8	0.008630	0.009109
場	5	0.005394	0.009050
]	8	0.008630	0.008744
設置	4	0.004315	0.007749
81	4	0.004315	0.007152
道路	3	0.003236	0.006973
1	6	0.006472	0.006676
編集	6	0.006472	0.006587
て	6	0.006472	0.006558
た	6	0.006472	0.006500
し	6	0.006472	0.006472
阿南	2	0.002157	0.006471
淡路島	2	0.002157	0.006471
等	4	0.004315	0.006393
.^	4	0.004315	0.006393
道	3	0.003236	0.006103
バスターミナル	2	0.002157	0.005822
狙い	2	0.002157	0.005822
注	2	0.002157	0.005822
さ	5	0.005394	0.005747
れ	5	0.005394	0.005720
及び	3	0.003236	0.005646
8	5	0.005394	0.005641
事例	2	0.002157	0.005442
香川	2	0.002157	0.005442
都合	2	0.002157	0.005442
83	4	0.004315	0.005435
と	5	0.005394	0.005418
のみ	3	0.003236	0.005242
民営	2	0.002157	0.005172
F	3	0.003236	0.005076
日	4	0.004315	0.005038
岡山	2	0.002157	0.004963
表示	4	0.004315	0.004931
それ	3	0.003236	0.004928
開設	2	0.002157	0.004793
通過	2	0.002157	0.004793
：	3	0.003236	0.004711
として	4	0.004315	0.004710
比較	2	0.002157	0.004648
最も	2	0.002157	0.004648
広島	2	0.002157	0.004648
グループ	2	0.002157	0.004648
4	4	0.004315	0.004620
|	4	0.004315	0.004555
量	2	0.002157	0.004413
小	2	0.002157	0.004413
:	4	0.004315	0.004315
全て	2	0.002157	0.004225
路線	2	0.002157	0.004143
また	3	0.003236	0.003885
町	2	0.002157	0.003874
ない	3	0.003236	0.003863
者	3	0.003236	0.003841
や	3	0.003236	0.003820
一般	2	0.002157	0.003713
PJ	2	0.002157	0.003665
6	3	0.003236	0.003585
〜	2	0.002157	0.003575
]。	2	0.002157	0.003534
いる	3	0.003236	0.003532
A	3	0.003236	0.003498
多い	2	0.002157	0.003494
利用	2	0.002157	0.003456
B	3	0.003236	0.003448
2	3	0.003236	0.003384
5	3	0.003236	0.003353
ば	2	0.002157	0.003317
上	2	0.002157	0.003285
/	3	0.003236	0.003250
称	1	0.001079	0.003237
Tokushima	1	0.001079	0.003237
Tokutoku	1	0.001079	0.003237
Terminal	1	0.001079	0.003237
仮称	1	0.001079	0.003237
板野	1	0.001079	0.003237
一大	1	0.001079	0.003237
幾つ	1	0.001079	0.003237
草津	1	0.001079	0.003237
十和田湖	1	0.001079	0.003237
山鹿	1	0.001079	0.003237
有す	1	0.001079	0.003237
千代田	1	0.001079	0.003237
荘川	1	0.001079	0.003237
色濃い	1	0.001079	0.003237
渋滞	1	0.001079	0.003237
混雑	1	0.001079	0.003237
パークアンドライド	1	0.001079	0.003237
除い	1	0.001079	0.003237
立地	1	0.001079	0.003237
便数	1	0.001079	0.003237
LED	1	0.001079	0.003237
発車	1	0.001079	0.003237
数値	1	0.001079	0.003237
橋間	1	0.001079	0.003237
中喜来	1	0.001079	0.003237
大橋南	1	0.001079	0.003237
詰め	1	0.001079	0.003237
816	1	0.001079	0.003237
サンセス	1	0.001079	0.003237
歩行	1	0.001079	0.003237
原付	1	0.001079	0.003237
不可	1	0.001079	0.003237
公営	1	0.001079	0.003237
リアルタイム	1	0.001079	0.003237
アイポスネット	1	0.001079	0.003237
サーチ	1	0.001079	0.003237
全便	1	0.001079	0.003237
前	2	0.002157	0.003168
ず	2	0.002157	0.003088
バイパス	1	0.001079	0.002912
280	1	0.001079	0.002912
交通省	1	0.001079	0.002912
謂	1	0.001079	0.002912
舞	1	0.001079	0.002912
ロード	1	0.001079	0.002912
IC	1	0.001079	0.002912
郷	1	0.001079	0.002912
要素	1	0.001079	0.002912
交差点	1	0.001079	0.002912
大橋	1	0.001079	0.002912
慢性	1	0.001079	0.002912
近隣	1	0.001079	0.002912
愛媛	1	0.001079	0.002912
）[	1	0.001079	0.002912
外部	2	0.002157	0.002825
リンク	2	0.002157	0.002770
本町	1	0.001079	0.002722
極めて	1	0.001079	0.002722
そこで	1	0.001079	0.002722
有料	1	0.001079	0.002722
高知	1	0.001079	0.002722
昼間	1	0.001079	0.002722
通行	1	0.001079	0.002722
スポット	1	0.001079	0.002722
四国	1	0.001079	0.002722
拠点	1	0.001079	0.002587
国土	1	0.001079	0.002587
性質	1	0.001079	0.002587
桜	1	0.001079	0.002587
]、	1	0.001079	0.002587
改善	1	0.001079	0.002587
利便	1	0.001079	0.002587
敷地	1	0.001079	0.002587
条件	1	0.001079	0.002587
豊富	1	0.001079	0.002587
空港	1	0.001079	0.002587
休日	1	0.001079	0.002587
53	1	0.001079	0.002587
車種	1	0.001079	0.002587
機能	1	0.001079	0.002483
図る	1	0.001079	0.002483
すれ	1	0.001079	0.002483
橋	1	0.001079	0.002483
のり	1	0.001079	0.002483
除く	1	0.001079	0.002483
満	1	0.001079	0.002483
空	1	0.001079	0.002483
選択	1	0.001079	0.002483
バス停	1	0.001079	0.002483
月	2	0.002157	0.002439
この	2	0.002157	0.002402
沿い	1	0.001079	0.002397
温泉	1	0.001079	0.002397
国鉄	1	0.001079	0.002397
それら	1	0.001079	0.002397
種類	1	0.001079	0.002397
案内	1	0.001079	0.002397
運行	1	0.001079	0.002397
西日本	1	0.001079	0.002397
人気	1	0.001079	0.002397
交流	1	0.001079	0.002325
似	1	0.001079	0.002325
逆	1	0.001079	0.002325
起こっ	1	0.001079	0.002325
向上	1	0.001079	0.002325
スペース	1	0.001079	0.002325
すなわち	1	0.001079	0.002325
国道	1	0.001079	0.002263
異なる	1	0.001079	0.002263
近い	1	0.001079	0.002263
挙げ	1	0.001079	0.002263
よく	1	0.001079	0.002263
整備	1	0.001079	0.002263
加え	1	0.001079	0.002263
建築	1	0.001079	0.002263
年	2	0.002157	0.002245
郡	1	0.001079	0.002207
といった	1	0.001079	0.002207
より	2	0.002157	0.002166
英	1	0.001079	0.002158
自動車	1	0.001079	0.002158
物	1	0.001079	0.002158
,	2	0.002157	0.002157
.	2	0.002157	0.002157
通称	1	0.001079	0.002113
BF	1	0.001079	0.002113
うち	1	0.001079	0.002073
に対し	1	0.001079	0.002073
JR	1	0.001079	0.002073
目的	1	0.001079	0.002035
台	1	0.001079	0.002035
各	1	0.001079	0.002035
BE	1	0.001079	0.002035
位置	1	0.001079	0.002000
平成	1	0.001079	0.002000
年度	1	0.001079	0.001968
に対する	1	0.001079	0.001938
参照	1	0.001079	0.001938
中心	1	0.001079	0.001909
地方	1	0.001079	0.001909
新	1	0.001079	0.001883
2006	1	0.001079	0.001857
ほか	1	0.001079	0.001857
所	1	0.001079	0.001833
可能	1	0.001079	0.001833
でき	1	0.001079	0.001833
17	1	0.001079	0.001833
AB	1	0.001079	0.001833
2003	1	0.001079	0.001810
式	1	0.001079	0.001810
他	1	0.001079	0.001768
情報	1	0.001079	0.001768
BC	1	0.001079	0.001768
部	1	0.001079	0.001748
多く	1	0.001079	0.001748
内	1	0.001079	0.001748
P	1	0.001079	0.001748
時間	1	0.001079	0.001710
存在	1	0.001079	0.001693
間	1	0.001079	0.001693
について	1	0.001079	0.001693
なお	1	0.001079	0.001659
号	1	0.001079	0.001643
市	1	0.001079	0.001643
性	1	0.001079	0.001643
書き	1	0.001079	0.001628
加筆	1	0.001079	0.001628
訂正	1	0.001079	0.001628
下さる	1	0.001079	0.001628
15	1	0.001079	0.001613
せ	1	0.001079	0.001613
によって	1	0.001079	0.001585
記事	1	0.001079	0.001585
られる	1	0.001079	0.001571
おり	1	0.001079	0.001571
かけ	1	0.001079	0.001571
です	1	0.001079	0.001571
協力	1	0.001079	0.001558
求め	1	0.001079	0.001545
これ	1	0.001079	0.001520
11	1	0.001079	0.001508
中	1	0.001079	0.001474
現在	1	0.001079	0.001453
もの	1	0.001079	0.001433
12	1	0.001079	0.001413
ます	1	0.001079	0.001404
的	1	0.001079	0.001395
82	1	0.001079	0.001395
その	1	0.001079	0.001334
日本	1	0.001079	0.001281
あり	1	0.001079	0.001260
こと	1	0.001079	0.001239
目次	1	0.001079	0.001233
項目	1	0.001079	0.001233
など	1	0.001079	0.001226
非	1	0.001079	0.001214
関連	1	0.001079	0.001208
7	1	0.001079	0.001178
い	1	0.001079	0.001178
9	1	0.001079	0.001178
/%	1	0.001079	0.001113
http	1	0.001079	0.001084
://	1	0.001079	0.001084
ja	1	0.001079	0.001084
wikipedia	1	0.001079	0.001084
org	1	0.001079	0.001084
wiki	1	0.001079	0.001084
作成	1	0.001079	0.001084
カテゴリ	1	0.001079	0.001084
出典	1	0.001079	0.001079
フリー	1	0.001079	0.001079
百科	1	0.001079	0.001079
事典	1	0.001079	0.001079
『	1	0.001079	0.001079
ウィキペディア	1	0.001079	0.001079
Wikipedia	1	0.001079	0.001079
』	1	0.001079	0.001079
移動	1	0.001079	0.001079
ナビゲーション	1	0.001079	0.001079
検索	1	0.001079	0.001079
