流	19	0.018943	0.047791
音楽	23	0.022931	0.044046
琉球	13	0.012961	0.038883
の	33	0.032901	0.032901
古典	12	0.011964	0.028689
。	27	0.026919	0.026919
冨	9	0.008973	0.026919
安	10	0.009970	0.023907
祖	9	0.008973	0.022638
野村	9	0.008973	0.022638
、	22	0.021934	0.021934
節	10	0.009970	0.020396
工	8	0.007976	0.020122
湛	7	0.006979	0.018836
%	17	0.016949	0.017173
は	17	0.016949	0.016949
設立	8	0.007976	0.015952
沖縄	7	0.006979	0.015506
と	15	0.014955	0.015020
水流	5	0.004985	0.014955
が	14	0.013958	0.014080
・	13	0.012961	0.013309
た	13	0.012961	0.013018
年	12	0.011964	0.012454
流派	4	0.003988	0.011964
聞覚	4	0.003988	0.011964
絃聲	4	0.003988	0.011964
れ	11	0.010967	0.011630
曲	6	0.005982	0.011490
文化財	5	0.004985	0.011471
て	11	0.010967	0.011112
[	11	0.010967	0.011112
]	11	0.010967	0.011112
に	11	0.010967	0.010967
無形	4	0.003988	0.010763
さ	10	0.009970	0.010623
編集	10	0.009970	0.010147
を	10	0.009970	0.009970
会	6	0.005982	0.009690
認定	4	0.003988	0.009563
や	8	0.007976	0.009415
で	9	0.008973	0.009012
「	9	0.008973	0.008973
」	9	0.008973	0.008973
喜名	3	0.002991	0.008973
作田	3	0.002991	0.008973
楽曲	4	0.003988	0.008861
朝	4	0.003988	0.008594
指定	4	0.003988	0.008362
よう	6	0.005982	0.008236
四	4	0.003988	0.008158
国宝	3	0.002991	0.008073
称さ	3	0.002991	0.008073
楽譜	3	0.002991	0.008073
特徴	4	0.003988	0.007976
として	7	0.006979	0.007618
によって	5	0.004985	0.007321
2	7	0.006979	0.007298
照	3	0.002991	0.007172
県	5	0.004985	0.007138
な	6	0.005982	0.006909
伝統	3	0.002991	0.006882
47	3	0.002991	0.006646
保存	3	0.002991	0.006445
人間	3	0.002991	0.006272
主	4	0.003988	0.006132
1960	3	0.002991	0.006119
E	6	0.005982	0.006061
れる	5	0.004985	0.005985
作法	2	0.001994	0.005982
親方	2	0.001994	0.005982
知念	2	0.001994	0.005982
弟子	2	0.001994	0.005982
深山	2	0.001994	0.005982
幽谷	2	0.001994	0.005982
.	6	0.005982	0.005982
協会	3	0.002991	0.005982
だ	4	0.003988	0.005757
い	5	0.004985	0.005441
5	5	0.004985	0.005166
28	3	0.002991	0.005082
線	3	0.002991	0.005082
来歴	2	0.001994	0.005031
昭和	3	0.002991	0.005018
（	5	0.004985	0.004985
）	5	0.004985	0.004985
その	4	0.003988	0.004931
三	3	0.002991	0.004741
声	2	0.001994	0.004430
られる	3	0.002991	0.004355
も	4	0.003988	0.004353
歌	2	0.001994	0.004297
4	4	0.003988	0.004269
ある	4	0.003988	0.004209
世	2	0.001994	0.004181
し	4	0.003988	0.003988
広く	2	0.001994	0.003988
12	3	0.002991	0.003918
水	2	0.001994	0.003637
ない	3	0.002991	0.003571
者	3	0.002991	0.003551
日	3	0.002991	0.003492
項目	3	0.002991	0.003418
文献	2	0.001994	0.003388
月	3	0.002991	0.003382
関連	3	0.002991	0.003347
参考	2	0.001994	0.003345
概要	2	0.001994	0.003267
90	2	0.001994	0.003267
9	3	0.002991	0.003265
いる	3	0.002991	0.003265
呼ば	2	0.001994	0.003195
F	2	0.001994	0.003128
3	3	0.002991	0.003099
ゅうきゅうこてんおんがく	1	0.000997	0.002991
宮廷	1	0.000997	0.002991
士族	1	0.000997	0.002991
封	1	0.000997	0.002991
使	1	0.000997	0.002991
接	1	0.000997	0.002991
遇	1	0.000997	0.002991
舞踊	1	0.000997	0.002991
組踊	1	0.000997	0.002991
幸地	1	0.000997	0.002991
屋嘉	1	0.000997	0.002991
謡曲	1	0.000997	0.002991
当流	1	0.000997	0.002991
打ち立てる	1	0.000997	0.002991
平民	1	0.000997	0.002991
姓	1	0.000997	0.002991
績	1	0.000997	0.002991
績高	1	0.000997	0.002991
趙	1	0.000997	0.002991
1867	1	0.000997	0.002991
親しみ	1	0.000997	0.002991
欽定	1	0.000997	0.002991
親しま	1	0.000997	0.002991
安室	1	0.000997	0.002991
対称	1	0.000997	0.002991
兄弟子	1	0.000997	0.002991
会派	1	0.000997	0.002991
技巧	1	0.000997	0.002991
奏法	1	0.000997	0.002991
首	1	0.000997	0.002991
ぢ	1	0.000997	0.002991
やん	1	0.000997	0.002991
諸鈍	1	0.000997	0.002991
暁	1	0.000997	0.002991
早	1	0.000997	0.002991
揚	1	0.000997	0.002991
新里	1	0.000997	0.002991
抑揚	1	0.000997	0.002991
節回し	1	0.000997	0.002991
師匠	1	0.000997	0.002991
歌唱	1	0.000997	0.002991
仕草	1	0.000997	0.002991
模	1	0.000997	0.002991
歌い	1	0.000997	0.002991
口承	1	0.000997	0.002991
厦高	1	0.000997	0.002991
楼	1	0.000997	0.002991
伊差川	1	0.000997	0.002991
瑞	1	0.000997	0.002991
国男	1	0.000997	0.002991
発刊	1	0.000997	0.002991
松村	1	0.000997	0.002991
統	1	0.000997	0.002991
絃会	1	0.000997	0.002991
保持	1	0.000997	0.002991
島袋	1	0.000997	0.002991
正雄	1	0.000997	0.002991
朝一	1	0.000997	0.002991
城間	1	0.000997	0.002991
德太	1	0.000997	0.002991
おもろ	1	0.000997	0.002991
御座	1	0.000997	0.002991
おき	1	0.000997	0.002991
悠久	1	0.000997	0.002991
誘い	1	0.000997	0.002991
読み方	1	0.000997	0.002991
安富祖	1	0.000997	0.002991
:	3	0.002991	0.002991
王朝	1	0.000997	0.002691
羽	1	0.000997	0.002691
秀	1	0.000997	0.002691
教養	1	0.000997	0.002691
奨励	1	0.000997	0.002691
冊	1	0.000997	0.002691
披露	1	0.000997	0.002691
曲目	1	0.000997	0.002691
余	1	0.000997	0.002691
学ん	1	0.000997	0.002691
技法	1	0.000997	0.002691
実績	1	0.000997	0.002691
築い	1	0.000997	0.002691
晩年	1	0.000997	0.002691
泰	1	0.000997	0.002691
簡素	1	0.000997	0.002691
編纂	1	0.000997	0.002691
取り組む	1	0.000997	0.002691
持	1	0.000997	0.002691
伝える	1	0.000997	0.002691
昔	1	0.000997	0.002691
端	1	0.000997	0.002691
住	1	0.000997	0.002691
伝わっ	1	0.000997	0.002691
礼	1	0.000997	0.002691
学べる	1	0.000997	0.002691
楽	1	0.000997	0.002691
劇場	1	0.000997	0.002691
考察	1	0.000997	0.002691
現在	2	0.001994	0.002685
もの	2	0.001994	0.002648
外部	2	0.001994	0.002612
的	2	0.001994	0.002577
リンク	2	0.001994	0.002560
り	1	0.000997	0.002515
総称	1	0.000997	0.002515
薩摩	1	0.000997	0.002515
複数	1	0.000997	0.002515
賢	1	0.000997	0.002515
忠	1	0.000997	0.002515
寄	1	0.000997	0.002515
尚	1	0.000997	0.002515
やすく	1	0.000997	0.002515
創始	1	0.000997	0.002515
独特	1	0.000997	0.002515
こなす	1	0.000997	0.002515
附	1	0.000997	0.002515
誰	1	0.000997	0.002515
1924	1	0.000997	0.002515
伝承	1	0.000997	0.002515
あっ	2	0.001994	0.002451
なっ	2	0.001994	0.002394
幕府	1	0.000997	0.002391
継承	1	0.000997	0.002391
王	1	0.000997	0.002391
歌詞	1	0.000997	0.002391
大衆	1	0.000997	0.002391
1931	1	0.000997	0.002391
郎	1	0.000997	0.002391
演奏	1	0.000997	0.002294
始まり	1	0.000997	0.002294
見る	1	0.000997	0.002294
里	1	0.000997	0.002294
不明	1	0.000997	0.002294
記載	1	0.000997	0.002294
創立	1	0.000997	0.002294
この	2	0.001994	0.002220
一種	1	0.000997	0.002215
藩	1	0.000997	0.002215
命	1	0.000997	0.002215
今日	1	0.000997	0.002215
わ	1	0.000997	0.002215
6	2	0.001994	0.002209
7	2	0.001994	0.002176
から	2	0.001994	0.002166
A	2	0.001994	0.002155
政策	1	0.000997	0.002148
組み合わせ	1	0.000997	0.002148
比	1	0.000997	0.002148
独自	1	0.000997	0.002148
残っ	1	0.000997	0.002148
1983	1	0.000997	0.002148
様	1	0.000997	0.002148
今	1	0.000997	0.002148
続い	1	0.000997	0.002148
八	1	0.000997	0.002148
周年	1	0.000997	0.002148
B	2	0.001994	0.002125
加え	1	0.000997	0.002091
正	1	0.000997	0.002091
異なる	1	0.000997	0.002091
挙げ	1	0.000997	0.002091
1955	1	0.000997	0.002091
1982	1	0.000997	0.002091
重要	1	0.000997	0.002091
国立	1	0.000997	0.002091
方法	1	0.000997	0.002091
8	2	0.001994	0.002085
1	2	0.001994	0.002057
しか	1	0.000997	0.002040
詳細	1	0.000997	0.002040
BD	1	0.000997	0.002040
より	2	0.001994	0.002003
/	2	0.001994	0.002003
200	1	0.000997	0.001994
以後	1	0.000997	0.001994
与え	1	0.000997	0.001994
少なく	1	0.000997	0.001994
江戸	1	0.000997	0.001953
ながら	1	0.000997	0.001953
考え	1	0.000997	0.001953
手	1	0.000997	0.001953
記念	1	0.000997	0.001953
ポータル	1	0.000997	0.001953
技術	1	0.000997	0.001915
完成	1	0.000997	0.001915
十	1	0.000997	0.001915
形	1	0.000997	0.001880
ウィキプロジェクト	1	0.000997	0.001880
用い	1	0.000997	0.001848
種	1	0.000997	0.001848
以下	1	0.000997	0.001848
に対する	1	0.000997	0.001790
結果	1	0.000997	0.001790
における	1	0.000997	0.001790
文化	1	0.000997	0.001764
高	1	0.000997	0.001739
以降	1	0.000997	0.001739
85	1	0.000997	0.001739
出身	1	0.000997	0.001653
一覧	1	0.000997	0.001653
89	1	0.000997	0.001653
について	1	0.000997	0.001564
受け	1	0.000997	0.001548
場合	1	0.000997	0.001548
国	1	0.000997	0.001548
地	1	0.000997	0.001533
化	1	0.000997	0.001533
元	1	0.000997	0.001533
なお	1	0.000997	0.001533
上	1	0.000997	0.001518
性	1	0.000997	0.001518
書き	1	0.000997	0.001504
加筆	1	0.000997	0.001504
訂正	1	0.000997	0.001504
下さる	1	0.000997	0.001504
大	1	0.000997	0.001464
かけ	1	0.000997	0.001452
です	1	0.000997	0.001452
協力	1	0.000997	0.001439
求め	1	0.000997	0.001428
時代	1	0.000997	0.001405
による	1	0.000997	0.001362
一	1	0.000997	0.001362
まで	1	0.000997	0.001343
という	1	0.000997	0.001315
ます	1	0.000997	0.001297
83	1	0.000997	0.001256
後	1	0.000997	0.001248
へ	1	0.000997	0.001240
日本	1	0.000997	0.001184
あり	1	0.000997	0.001164
こと	1	0.000997	0.001145
目次	1	0.000997	0.001139
表示	1	0.000997	0.001139
など	1	0.000997	0.001133
非	1	0.000997	0.001122
|	1	0.000997	0.001052
/%	1	0.000997	0.001028
http	1	0.000997	0.001001
://	1	0.000997	0.001001
ja	1	0.000997	0.001001
wikipedia	1	0.000997	0.001001
org	1	0.000997	0.001001
wiki	1	0.000997	0.001001
作成	1	0.000997	0.001001
カテゴリ	1	0.000997	0.001001
出典	1	0.000997	0.000997
フリー	1	0.000997	0.000997
百科	1	0.000997	0.000997
事典	1	0.000997	0.000997
『	1	0.000997	0.000997
ウィキペディア	1	0.000997	0.000997
Wikipedia	1	0.000997	0.000997
』	1	0.000997	0.000997
移動	1	0.000997	0.000997
ナビゲーション	1	0.000997	0.000997
,	1	0.000997	0.000997
検索	1	0.000997	0.000997
