堆肥	14	0.018592	0.055776
バーク	13	0.017264	0.051792
の	33	0.043825	0.043825
、	29	0.038513	0.038513
土壌	9	0.011952	0.035856
は	20	0.026560	0.026560
%	19	0.025232	0.025566
が	18	0.023904	0.024114
発酵	6	0.007968	0.023904
改良	6	0.007968	0.023904
もの	13	0.017264	0.022925
を	16	0.021248	0.021248
で	15	0.019920	0.020007
。	15	0.019920	0.019920
樹木	5	0.006640	0.019920
肥料	5	0.006640	0.019920
乾物	5	0.006640	0.019920
に	14	0.018592	0.018592
［	5	0.006640	0.017921
］	5	0.006640	0.017921
材	5	0.006640	0.016752
樹皮	4	0.005312	0.015936
ある	11	0.014608	0.015419
以上	6	0.007968	0.015028
て	11	0.014608	0.014801
）	10	0.013280	0.013280
として	9	0.011952	0.013046
と	9	0.011952	0.012004
（	9	0.011952	0.011952
窒素	3	0.003984	0.011952
も	8	0.010624	0.011596
いる	8	0.010624	0.011596
さ	8	0.010624	0.011320
5	8	0.010624	0.011009
成分	3	0.003984	0.010753
品質	3	0.003984	0.010753
植物	3	0.003984	0.010051
ない	6	0.007968	0.009512
.	7	0.009296	0.009296
効果	3	0.003984	0.009167
する	6	0.007968	0.008530
れ	6	0.007968	0.008450
性	4	0.005312	0.008090
農産物	2	0.002656	0.007968
土中	2	0.002656	0.007968
未熟	2	0.002656	0.007968
粉砕	2	0.002656	0.007968
木質	2	0.002656	0.007968
廃材	2	0.002656	0.007968
生育	2	0.002656	0.007968
NPO	2	0.002656	0.007968
等	4	0.005312	0.007870
な	5	0.006640	0.007669
良い	2	0.002656	0.007168
全	3	0.003984	0.007050
3	5	0.006640	0.006880
E	5	0.006640	0.006728
リン	2	0.002656	0.006701
酸	2	0.002656	0.006701
原料	2	0.002656	0.006701
主体	2	0.002656	0.006701
剤	2	0.002656	0.006369
N	2	0.002656	0.006369
や	4	0.005312	0.006271
あり	4	0.005312	0.006202
基準	2	0.002656	0.006112
など	4	0.005312	0.006038
性能	2	0.002656	0.005901
70	2	0.002656	0.005901
O	2	0.002656	0.005901
販売	2	0.002656	0.005569
認め	2	0.002656	0.005569
建築	2	0.002656	0.005569
ので	2	0.002656	0.005569
率	2	0.002656	0.005569
0	3	0.003984	0.005485
法人	2	0.002656	0.005434
上記	2	0.002656	0.005312
協会	2	0.002656	0.005312
的	3	0.003984	0.005149
部分	2	0.002656	0.004770
こと	3	0.003984	0.004577
必要	2	0.002656	0.004351
2	3	0.003984	0.004166
場合	2	0.002656	0.004124
1	3	0.003984	0.004110
た	3	0.003984	0.004001
/	3	0.003984	0.004001
:	3	0.003984	0.003984
し	3	0.003984	0.003984
（-	1	0.001328	0.003984
たいひ	1	0.001328	0.003984
植え込み	1	0.001328	0.003984
肥	1	0.001328	0.003984
保水	1	0.001328	0.003984
通気	1	0.001328	0.003984
バランス	1	0.001328	0.003984
抑制	1	0.001328	0.003984
カリウム	1	0.001328	0.003984
含ん	1	0.001328	0.003984
適宜	1	0.001328	0.003984
追肥	1	0.001328	0.003984
してやる	1	0.001328	0.003984
細心	1	0.001328	0.003984
育苗	1	0.001328	0.003984
培土	1	0.001328	0.003984
リサイクル	1	0.001328	0.003984
一翼	1	0.001328	0.003984
担っ	1	0.001328	0.003984
米ぬか	1	0.001328	0.003984
鶏ふん	1	0.001328	0.003984
混ぜる	1	0.001328	0.003984
望ましく	1	0.001328	0.003984
未満	1	0.001328	0.003984
饑餓	1	0.001328	0.003984
ふん	1	0.001328	0.003984
残	1	0.001328	0.003984
渣	1	0.001328	0.003984
汚泥	1	0.001328	0.003984
似つか	1	0.001328	0.003984
剪定	1	0.001328	0.003984
くず	1	0.001328	0.003984
家屋	1	0.001328	0.003984
腐ら	1	0.001328	0.003984
防腐	1	0.001328	0.003984
クレオソート	1	0.001328	0.003984
まがい物	1	0.001328	0.003984
有機物	1	0.001328	0.003984
含有	1	0.001328	0.003984
炭素	1	0.001328	0.003984
CEC	1	0.001328	0.003984
pH	1	0.001328	0.003984
マイナス	1	0.001328	0.003984
幼	1	0.001328	0.003984
阻害	1	0.001328	0.003984
カリ	1	0.001328	0.003984
必ずしも	1	0.001328	0.003984
最適	1	0.001328	0.003984
せ	2	0.002656	0.003970
使用	2	0.002656	0.003900
られる	2	0.002656	0.003867
よう	2	0.002656	0.003657
皮	1	0.001328	0.003584
植	1	0.001328	0.003584
栽	1	0.001328	0.003584
混合	1	0.001328	0.003584
保	1	0.001328	0.003584
微生物	1	0.001328	0.003584
連作	1	0.001328	0.003584
微量	1	0.001328	0.003584
あくまで	1	0.001328	0.003584
起こす	1	0.001328	0.003584
家畜	1	0.001328	0.003584
添加	1	0.001328	0.003584
間違い	1	0.001328	0.003584
虫	1	0.001328	0.003584
油	1	0.001328	0.003584
塗布	1	0.001328	0.003584
少なから	1	0.001328	0.003584
陽	1	0.001328	0.003584
me	1	0.001328	0.003584
g	1	0.001328	0.003584
水分	1	0.001328	0.003584
プラス	1	0.001328	0.003584
＊	1	0.001328	0.003584
82	2	0.002656	0.003433
作っ	1	0.001328	0.003350
割	1	0.001328	0.003350
高まり	1	0.001328	0.003350
繋がり	1	0.001328	0.003350
障害	1	0.001328	0.003350
補助	1	0.001328	0.003350
幹	1	0.001328	0.003350
昨今	1	0.001328	0.003350
柱	1	0.001328	0.003350
進ん	1	0.001328	0.003350
限ら	1	0.001328	0.003350
83	2	0.002656	0.003346
ため	2	0.002656	0.003265
改善	1	0.001328	0.003184
応じ	1	0.001328	0.003184
求める	1	0.001328	0.003184
むしろ	1	0.001328	0.003184
食品	1	0.001328	0.003184
類似	1	0.001328	0.003184
差	1	0.001328	0.003184
十分	1	0.001328	0.003184
製造	1	0.001328	0.003184
イオン	1	0.001328	0.003184
容量	1	0.001328	0.003184
日本	2	0.002656	0.003153
育成	1	0.001328	0.003056
土	1	0.001328	0.003056
明確	1	0.001328	0.003056
選択	1	0.001328	0.003056
異常	1	0.001328	0.003056
にとって	1	0.001328	0.003056
品	1	0.001328	0.002951
雨	1	0.001328	0.002951
安全	1	0.001328	0.002951
交換	1	0.001328	0.002951
試験	1	0.001328	0.002951
範囲	1	0.001328	0.002951
A	2	0.002656	0.002871
注意	1	0.001328	0.002862
作ら	1	0.001328	0.002862
似	1	0.001328	0.002862
比	1	0.001328	0.002862
独自	1	0.001328	0.002862
農業	1	0.001328	0.002862
採用	1	0.001328	0.002785
年	2	0.002656	0.002765
・	2	0.002656	0.002727
程度	1	0.001328	0.002717
編集	2	0.002656	0.002703
[	2	0.002656	0.002691
]	2	0.002656	0.002691
近年	1	0.001328	0.002656
類	1	0.001328	0.002656
物	1	0.001328	0.002656
K	1	0.001328	0.002656
35	1	0.001328	0.002601
含ま	1	0.001328	0.002551
花	1	0.001328	0.002551
技術	1	0.001328	0.002551
に対して	1	0.001328	0.002505
発生	1	0.001328	0.002505
自身	1	0.001328	0.002505
事業	1	0.001328	0.002505
基本	1	0.001328	0.002505
さらに	1	0.001328	0.002505
全国	1	0.001328	0.002505
60	1	0.001328	0.002505
AF	1	0.001328	0.002505
86	1	0.001328	0.002505
せる	1	0.001328	0.002462
以下	1	0.001328	0.002462
100	1	0.001328	0.002422
結果	1	0.001328	0.002385
または	1	0.001328	0.002350
その他	1	0.001328	0.002350
可能	1	0.001328	0.002256
90	1	0.001328	0.002176
BC	1	0.001328	0.002176
多く	1	0.001328	0.002151
多い	1	0.001328	0.002151
P	1	0.001328	0.002151
見	1	0.001328	0.002105
および	1	0.001328	0.002105
主	1	0.001328	0.002042
それ	1	0.001328	0.002022
時	1	0.001328	0.002003
C	1	0.001328	0.001967
によって	1	0.001328	0.001950
おり	1	0.001328	0.001933
ず	1	0.001328	0.001901
なり	1	0.001328	0.001886
これ	1	0.001328	0.001871
現在	1	0.001328	0.001789
外部	1	0.001328	0.001739
リンク	1	0.001328	0.001705
また	1	0.001328	0.001594
れる	1	0.001328	0.001594
この	1	0.001328	0.001479
い	1	0.001328	0.001450
7	1	0.001328	0.001450
-	1	0.001328	0.001442
|	1	0.001328	0.001402
8	1	0.001328	0.001389
/%	1	0.001328	0.001370
http	1	0.001328	0.001334
://	1	0.001328	0.001334
ja	1	0.001328	0.001334
wikipedia	1	0.001328	0.001334
org	1	0.001328	0.001334
wiki	1	0.001328	0.001334
より	1	0.001328	0.001334
作成	1	0.001328	0.001334
カテゴリ	1	0.001328	0.001334
出典	1	0.001328	0.001328
フリー	1	0.001328	0.001328
百科	1	0.001328	0.001328
事典	1	0.001328	0.001328
『	1	0.001328	0.001328
ウィキペディア	1	0.001328	0.001328
Wikipedia	1	0.001328	0.001328
』	1	0.001328	0.001328
移動	1	0.001328	0.001328
ナビゲーション	1	0.001328	0.001328
,	1	0.001328	0.001328
検索	1	0.001328	0.001328
「	1	0.001328	0.001328
」	1	0.001328	0.001328
