年	27	0.049908	0.051952
、	24	0.044362	0.044362
の	24	0.044362	0.044362
建築	11	0.020333	0.042636
（	21	0.038817	0.038817
）	21	0.038817	0.038817
。	13	0.024030	0.024030
に	13	0.024030	0.024030
周	5	0.009242	0.023316
忠	5	0.009242	0.023316
浜岡	4	0.007394	0.022182
%	11	0.020333	0.020602
事務所	5	0.009242	0.020534
工芸	3	0.005545	0.016635
新制	3	0.005545	0.016635
聖蹟	3	0.005545	0.016635
グロピウス	3	0.005545	0.016635
東京	5	0.009242	0.016125
た	8	0.014787	0.014852
記念	4	0.007394	0.014482
1922	3	0.005545	0.013989
前身	3	0.005545	0.013297
　	5	0.009242	0.013233
学校	4	0.007394	0.013084
1926	3	0.005545	0.012759
会	4	0.007394	0.011977
1927	3	0.005545	0.011949
|	6	0.011091	0.011707
都市	3	0.005545	0.011627
し	6	0.011091	0.011091
蔵田	2	0.003697	0.011091
武蔵工業大学	2	0.003697	0.011091
入所	2	0.003697	0.011091
曽	2	0.003697	0.011091
千葉大学	2	0.003697	0.011091
森口	2	0.003697	0.011091
高等	3	0.005545	0.010458
1895	2	0.003697	0.009978
関根	2	0.003697	0.009978
多摩	2	0.003697	0.009978
館	3	0.005545	0.009958
文化	3	0.005545	0.009812
1924	2	0.003697	0.009327
著作	2	0.003697	0.008865
教員	2	0.003697	0.008865
分離	2	0.003697	0.008507
山口	2	0.003697	0.008507
里	2	0.003697	0.008507
家	3	0.005545	0.008365
1966	2	0.003697	0.008214
派	2	0.003697	0.007967
1930	2	0.003697	0.007967
設計	2	0.003697	0.007752
著	2	0.003697	0.007752
近代	2	0.003697	0.007563
E	4	0.007394	0.007492
と	4	0.007394	0.007426
を	4	0.007394	0.007394
計画	2	0.003697	0.007394
多	2	0.003697	0.007101
参加	2	0.003697	0.006854
大学	2	0.003697	0.006854
ら	2	0.003697	0.006743
94	2	0.003697	0.006542
史	2	0.003697	0.006450
出身	2	0.003697	0.006128
作品	2	0.003697	0.006057
5	3	0.005545	0.005746
・	3	0.005545	0.005694
編集	3	0.005545	0.005643
[	3	0.005545	0.005618
]	3	0.005545	0.005618
で	3	0.005545	0.005569
:	3	0.005545	0.005545
「	3	0.005545	0.005545
」	3	0.005545	0.005545
ちかただ	1	0.001848	0.005544
後進	1	0.001848	0.005544
旧姓	1	0.001848	0.005544
工手	1	0.001848	0.005544
工学院大学	1	0.001848	0.005544
三橋	1	0.001848	0.005544
四郎	1	0.001848	0.005544
禰達	1	0.001848	0.005544
禰	1	0.001848	0.005544
移っ	1	0.001848	0.005544
早稲田大学	1	0.001848	0.005544
選科	1	0.001848	0.005544
上野公園	1	0.001848	0.005544
堀口	1	0.001848	0.005544
捨己	1	0.001848	0.005544
要太郎	1	0.001848	0.005544
京王	1	0.001848	0.005544
閣	1	0.001848	0.005544
ワイマール	1	0.001848	0.005544
バウハウス	1	0.001848	0.005544
モダニズム	1	0.001848	0.005544
工科	1	0.001848	0.005544
会堂	1	0.001848	0.005544
等々力	1	0.001848	0.005544
ジードルンク	1	0.001848	0.005544
印度	1	0.001848	0.005544
思潮	1	0.001848	0.005544
ロダン	1	0.001848	0.005544
ルネッサンス	1	0.001848	0.005544
ブルー	1	0.001848	0.005544
タウト	1	0.001848	0.005544
創造	1	0.001848	0.005544
戸川	1	0.001848	0.005544
講義	1	0.001848	0.005544
県	2	0.003697	0.005293
0	2	0.003697	0.005090
くら	1	0.001848	0.004988
萩	1	0.001848	0.004988
1913	1	0.001848	0.004988
中條	1	0.001848	0.004988
1921	1	0.001848	0.004988
博覧	1	0.001848	0.004988
知り合い	1	0.001848	0.004988
先輩	1	0.001848	0.004988
講師	1	0.001848	0.004988
接し	1	0.001848	0.004988
工学	1	0.001848	0.004988
シオン	1	0.001848	0.004988
エジプト	1	0.001848	0.004988
帖	1	0.001848	0.004988
敬一	1	0.001848	0.004988
編	2	0.003697	0.004909
蔵	1	0.001848	0.004662
関わっ	1	0.001848	0.004662
共和	1	0.001848	0.004662
政	1	0.001848	0.004662
渡り	1	0.001848	0.004662
訳書	1	0.001848	0.004662
ノ	1	0.001848	0.004662
民家	1	0.001848	0.004662
空間	1	0.001848	0.004662
彰	1	0.001848	0.004662
録	1	0.001848	0.004662
1914	1	0.001848	0.004431
学部	1	0.001848	0.004431
武蔵	1	0.001848	0.004431
教授	1	0.001848	0.004431
聖	1	0.001848	0.004431
日本	2	0.003697	0.004389
や	2	0.003697	0.004364
指導	1	0.001848	0.004252
平和	1	0.001848	0.004252
橋	1	0.001848	0.004252
1943	1	0.001848	0.004252
農家	1	0.001848	0.004252
現存	1	0.001848	0.004252
1965	1	0.001848	0.004252
共	1	0.001848	0.004252
など	2	0.003697	0.004202
入学	1	0.001848	0.004106
居住	1	0.001848	0.004106
訳	1	0.001848	0.004106
移住	1	0.001848	0.004106
-	2	0.003697	0.004016
A	2	0.003697	0.003996
1920	1	0.001848	0.003982
1932	1	0.001848	0.003982
1962	1	0.001848	0.003982
博士	1	0.001848	0.003982
取得	1	0.001848	0.003982
1942	1	0.001848	0.003982
1953	1	0.001848	0.003982
B	2	0.003697	0.003939
ドイツ	1	0.001848	0.003875
1955	1	0.001848	0.003875
1958	1	0.001848	0.003875
8	2	0.003697	0.003866
卒業	1	0.001848	0.003781
生	1	0.001848	0.003781
建設	1	0.001848	0.003781
就任	1	0.001848	0.003781
−	1	0.001848	0.003781
は	2	0.003697	0.003697
.	2	0.003697	0.003697
経歴	1	0.001848	0.003696
以後	1	0.001848	0.003696
91	1	0.001848	0.003696
員	1	0.001848	0.003620
BF	1	0.001848	0.003620
没	1	0.001848	0.003620
技術	1	0.001848	0.003550
研究	1	0.001848	0.003485
担当	1	0.001848	0.003426
生活	1	0.001848	0.003426
現	1	0.001848	0.003371
ここ	1	0.001848	0.003319
施設	1	0.001848	0.003181
社	1	0.001848	0.003181
アメリカ	1	0.001848	0.003181
年生	1	0.001848	0.003140
だっ	1	0.001848	0.003101
に関する	1	0.001848	0.003063
同	1	0.001848	0.003028
多い	1	0.001848	0.002993
関係	1	0.001848	0.002929
三	1	0.001848	0.002929
国	1	0.001848	0.002870
その後	1	0.001848	0.002841
元	1	0.001848	0.002841
性	1	0.001848	0.002814
号	1	0.001848	0.002814
人物	1	0.001848	0.002788
なり	1	0.001848	0.002625
時代	1	0.001848	0.002604
まで	1	0.001848	0.002489
により	1	0.001848	0.002421
後	1	0.001848	0.002313
また	1	0.001848	0.002219
ない	1	0.001848	0.002206
として	1	0.001848	0.002017
7	1	0.001848	0.002017
/%	1	0.001848	0.001906
が	1	0.001848	0.001864
http	1	0.001848	0.001856
://	1	0.001848	0.001856
ja	1	0.001848	0.001856
wikipedia	1	0.001848	0.001856
org	1	0.001848	0.001856
/	1	0.001848	0.001856
wiki	1	0.001848	0.001856
より	1	0.001848	0.001856
作成	1	0.001848	0.001856
カテゴリ	1	0.001848	0.001856
出典	1	0.001848	0.001848
フリー	1	0.001848	0.001848
百科	1	0.001848	0.001848
事典	1	0.001848	0.001848
『	1	0.001848	0.001848
ウィキペディア	1	0.001848	0.001848
Wikipedia	1	0.001848	0.001848
』	1	0.001848	0.001848
移動	1	0.001848	0.001848
ナビゲーション	1	0.001848	0.001848
,	1	0.001848	0.001848
検索	1	0.001848	0.001848
