弁当	18	0.027231	0.073496
松花堂	16	0.024206	0.072618
の	33	0.049924	0.049924
、	31	0.046899	0.046899
を	18	0.027231	0.027231
。	16	0.024206	0.024206
た	15	0.022693	0.022792
貴志	5	0.007564	0.022692
て	14	0.021180	0.021460
%	14	0.021180	0.021460
が	14	0.021180	0.021366
で	14	0.021180	0.021272
は	13	0.019667	0.019667
に	13	0.019667	0.019667
仕切り	4	0.006051	0.018153
と	11	0.016641	0.016714
（	11	0.016641	0.016641
）	11	0.016641	0.016641
箱	4	0.006051	0.016331
ある	10	0.015129	0.015969
料理	4	0.006051	0.014510
器	4	0.006051	0.013924
湯木	3	0.004539	0.013617
昭	3	0.004539	0.011451
乗	3	0.004539	0.011451
し	7	0.010590	0.010590
「	7	0.010590	0.010590
」	7	0.010590	0.010590
この	6	0.009077	0.010107
もの	5	0.007564	0.010044
吉兆	2	0.003026	0.009078
十字形	2	0.003026	0.009078
幕の内	2	0.003026	0.009078
流れ	2	0.003026	0.009078
懐石	2	0.003026	0.009078
ThinkPad	2	0.003026	0.009078
様式	2	0.003026	0.008167
茶	2	0.003026	0.008167
文化	3	0.004539	0.008032
れ	5	0.007564	0.008021
年	5	0.007564	0.007874
E	5	0.007564	0.007664
昭和	3	0.004539	0.007615
食	2	0.003026	0.007256
日本	4	0.006051	0.007183
八幡	2	0.003026	0.006963
項目	4	0.006051	0.006914
名	3	0.004539	0.006785
として	4	0.006051	0.006605
いる	4	0.006051	0.006605
い	4	0.006051	0.006605
から	4	0.006051	0.006573
:	4	0.006051	0.006051
江戸	2	0.003026	0.005927
大阪	2	0.003026	0.005927
その	3	0.004539	0.005613
者	3	0.004539	0.005388
あり	3	0.004539	0.005299
など	3	0.004539	0.005159
に関する	2	0.003026	0.005016
も	3	0.004539	0.004954
さ	3	0.004539	0.004836
8	3	0.004539	0.004747
5	3	0.004539	0.004703
市	2	0.003026	0.004608
家	2	0.003026	0.004565
書き	2	0.003026	0.004565
加筆	2	0.003026	0.004565
訂正	2	0.003026	0.004565
下さる	2	0.003026	0.004565
ょうかどうべんとう	1	0.001513	0.004539
かぶせ蓋	1	0.001513	0.004539
刺身	1	0.001513	0.004539
焼き物	1	0.001513	0.004539
煮物	1	0.001513	0.004539
見栄え	1	0.001513	0.004539
良く	1	0.001513	0.004539
盛り	1	0.001513	0.004539
ごはん	1	0.001513	0.004539
数種類	1	0.001513	0.004539
源流	1	0.001513	0.004539
本膳	1	0.001513	0.004539
汲む	1	0.001513	0.004539
遡る	1	0.001513	0.004539
汲み	1	0.001513	0.004539
石清水八幡宮	1	0.001513	0.004539
1584	1	0.001513	0.004539
1639	1	0.001513	0.004539
因む	1	0.001513	0.004539
絵具	1	0.001513	0.004539
煙草	1	0.001513	0.004539
盆	1	0.001513	0.004539
入れ物	1	0.001513	0.004539
たっ	1	0.001513	0.004539
式部	1	0.001513	0.004539
宮家	1	0.001513	0.004539
桜宮	1	0.001513	0.004539
茶事	1	0.001513	0.004539
屈指	1	0.001513	0.004539
料亭	1	0.001513	0.004539
当主	1	0.001513	0.004539
松庵	1	0.001513	0.004539
つくる	1	0.001513	0.004539
味	1	0.001513	0.004539
匂い	1	0.001513	0.004539
移ら	1	0.001513	0.004539
他家	1	0.001513	0.004539
都度	1	0.001513	0.004539
怠ら	1	0.001513	0.004539
異説	1	0.001513	0.004539
十字	1	0.001513	0.004539
はいっ	1	0.001513	0.004539
盛っ	1	0.001513	0.004539
来客	1	0.001513	0.004539
もてなし	1	0.001513	0.004539
創作	1	0.001513	0.004539
PC	1	0.001513	0.004539
コンセプト	1	0.001513	0.004539
かけ	2	0.003026	0.004406
です	2	0.003026	0.004406
協力	2	0.003026	0.004369
求め	2	0.003026	0.004333
時代	2	0.003026	0.004263
飯	1	0.001513	0.004084
おかず	1	0.001513	0.004084
混同	1	0.001513	0.004084
ヒント	1	0.001513	0.004084
代々	1	0.001513	0.004084
卿	1	0.001513	0.004084
茶室	1	0.001513	0.004084
催さ	1	0.001513	0.004084
折	1	0.001513	0.004084
貞一	1	0.001513	0.004084
広まっ	1	0.001513	0.004084
見た目	1	0.001513	0.004084
挨拶	1	0.001513	0.004084
後世	1	0.001513	0.004084
誤解	1	0.001513	0.004084
美術館	1	0.001513	0.004084
さらなる	1	0.001513	0.004084
Portal	1	0.001513	0.004084
ます	2	0.003026	0.003937
縁	1	0.001513	0.003817
配置	1	0.001513	0.003817
言え	1	0.001513	0.003817
僧	1	0.001513	0.003817
作り	1	0.001513	0.003817
創始	1	0.001513	0.003817
二郎	1	0.001513	0.003817
命じ	1	0.001513	0.003817
後に	1	0.001513	0.003817
美しい	1	0.001513	0.003817
互いに	1	0.001513	0.003817
おそらく	1	0.001513	0.003817
邸	1	0.001513	0.003628
基づく	1	0.001513	0.003628
食品	1	0.001513	0.003628
や	2	0.003026	0.003572
農家	1	0.001513	0.003481
入れ	1	0.001513	0.003481
泉	1	0.001513	0.003481
あるいは	1	0.001513	0.003481
それぞれ	1	0.001513	0.003362
使っ	1	0.001513	0.003362
1933	1	0.001513	0.003362
奈良	1	0.001513	0.003362
話題	1	0.001513	0.003362
A	2	0.003026	0.003271
組み合わせ	1	0.001513	0.003260
似	1	0.001513	0.003260
しばしば	1	0.001513	0.003260
大きく	1	0.001513	0.003260
ノート	1	0.001513	0.003260
言わ	1	0.001513	0.003260
する	2	0.003026	0.003240
み	1	0.001513	0.003173
異なる	1	0.001513	0.003173
府	1	0.001513	0.003173
百	1	0.001513	0.003173
務め	1	0.001513	0.003173
受ける	1	0.001513	0.003173
デザイン	1	0.001513	0.003173
・	2	0.003026	0.003107
始め	1	0.001513	0.003095
BD	1	0.001513	0.003095
より	2	0.003026	0.003039
/	2	0.003026	0.003039
.	2	0.003026	0.003026
上記	1	0.001513	0.003026
高い	1	0.001513	0.002963
発展	1	0.001513	0.002963
考え	1	0.001513	0.002963
依頼	1	0.001513	0.002963
ポータル	1	0.001513	0.002963
93	1	0.001513	0.002963
に対し	1	0.001513	0.002906
京都	1	0.001513	0.002906
誕生	1	0.001513	0.002854
初期	1	0.001513	0.002854
形	1	0.001513	0.002854
代	1	0.001513	0.002854
ウィキプロジェクト	1	0.001513	0.002854
BE	1	0.001513	0.002854
用い	1	0.001513	0.002805
種	1	0.001513	0.002805
いう	1	0.001513	0.002805
頃	1	0.001513	0.002760
事	1	0.001513	0.002760
社	1	0.001513	0.002604
だけ	1	0.001513	0.002538
当時	1	0.001513	0.002508
81	1	0.001513	0.002508
分	1	0.001513	0.002479
BC	1	0.001513	0.002479
内	1	0.001513	0.002451
しかし	1	0.001513	0.002398
数	1	0.001513	0.002398
なかっ	1	0.001513	0.002398
歴史	1	0.001513	0.002373
D	1	0.001513	0.002373
それ	1	0.001513	0.002304
なく	1	0.001513	0.002304
使用	1	0.001513	0.002222
記事	1	0.001513	0.002222
られる	1	0.001513	0.002203
二	1	0.001513	0.002203
なり	1	0.001513	0.002149
これ	1	0.001513	0.002132
よう	1	0.001513	0.002083
られ	1	0.001513	0.002083
0	1	0.001513	0.002083
中	1	0.001513	0.002068
82	1	0.001513	0.001955
へ	1	0.001513	0.001882
あっ	1	0.001513	0.001860
ため	1	0.001513	0.001860
なっ	1	0.001513	0.001817
ない	1	0.001513	0.001806
こと	1	0.001513	0.001738
関連	1	0.001513	0.001693
6	1	0.001513	0.001676
9	1	0.001513	0.001651
-	1	0.001513	0.001643
B	1	0.001513	0.001612
|	1	0.001513	0.001597
/%	1	0.001513	0.001561
1	1	0.001513	0.001561
編集	1	0.001513	0.001540
[	1	0.001513	0.001533
]	1	0.001513	0.001533
http	1	0.001513	0.001520
://	1	0.001513	0.001520
ja	1	0.001513	0.001520
wikipedia	1	0.001513	0.001520
org	1	0.001513	0.001520
wiki	1	0.001513	0.001520
作成	1	0.001513	0.001520
カテゴリ	1	0.001513	0.001520
出典	1	0.001513	0.001513
フリー	1	0.001513	0.001513
百科	1	0.001513	0.001513
事典	1	0.001513	0.001513
『	1	0.001513	0.001513
ウィキペディア	1	0.001513	0.001513
Wikipedia	1	0.001513	0.001513
』	1	0.001513	0.001513
移動	1	0.001513	0.001513
ナビゲーション	1	0.001513	0.001513
,	1	0.001513	0.001513
検索	1	0.001513	0.001513
