：	29	0.037859	0.055120
漫画	19	0.024804	0.055111
/	25	0.032637	0.032779
−	12	0.015666	0.032049
（	20	0.026110	0.026110
）	20	0.026110	0.026110
.	20	0.026110	0.026110
巻	8	0.010444	0.022506
、	17	0.022193	0.022193
文書	6	0.007833	0.021141
ISBN	8	0.010444	0.019049
獣	6	0.007833	0.018783
月	12	0.015666	0.017715
原	6	0.007833	0.016024
まき	4	0.005222	0.015666
ドラマ	5	0.006527	0.015651
日	10	0.013055	0.015242
年	11	0.014360	0.014948
%	11	0.014360	0.014550
第	8	0.010444	0.014066
CD	5	0.006527	0.013054
作品	6	0.007833	0.012833
ゼーン	3	0.003916	0.011748
健一	3	0.003916	0.011748
1	8	0.010444	0.010773
。	8	0.010444	0.010444
を	8	0.010444	0.010444
新書	3	0.003916	0.009390
・	7	0.009138	0.009384
原作	3	0.003916	0.008701
6	6	0.007833	0.008678
8	6	0.007833	0.008191
5	6	0.007833	0.008117
3	6	0.007833	0.008117
[	6	0.007833	0.007937
]	6	0.007833	0.007937
家	4	0.005222	0.007878
『	6	0.007833	0.007833
』	6	0.007833	0.007833
の	6	0.007833	0.007833
サウス	2	0.002611	0.007833
ウィングス	2	0.002611	0.007833
レイ・ジーンセイバーヘーゲン	2	0.002611	0.007833
静馬	2	0.002611	0.007833
アルビレオ	2	0.002611	0.007833
チェリー	2	0.002611	0.007833
WIN	2	0.002611	0.007833
アニメイトフィルム	2	0.002611	0.007833
Vo	2	0.002611	0.007833
山寺	2	0.002611	0.007833
宏一	2	0.002611	0.007833
プロローグ	2	0.002611	0.007833
エピローグ	2	0.002611	0.007833
夏未	2	0.002611	0.007833
南央	2	0.002611	0.007833
ヴァージニア	2	0.002611	0.007833
春生	2	0.002611	0.007833
透	2	0.002611	0.007833
杉田	2	0.002611	0.007833
智和	2	0.002611	0.007833
雑誌	3	0.003916	0.007832
7	5	0.006527	0.007124
能	2	0.002611	0.007047
チェック	2	0.002611	0.007047
浅丘	2	0.002611	0.007047
張	2	0.002611	0.007047
大川	2	0.002611	0.007047
部下	2	0.002611	0.007047
望月	2	0.002611	0.007047
館	3	0.003916	0.007033
登場	3	0.003916	0.007033
4	5	0.006527	0.006988
2	5	0.006527	0.006826
E	5	0.006527	0.006613
友	2	0.002611	0.006587
中原	2	0.002611	0.006587
は	5	0.006527	0.006527
月刊	2	0.002611	0.006261
キャスト	2	0.002611	0.006261
茂	2	0.002611	0.006261
美	2	0.002611	0.006261
医師	2	0.002611	0.006261
30	3	0.003916	0.006207
書籍	2	0.002611	0.006008
村上	2	0.002611	0.006008
連載	2	0.002611	0.005801
9	4	0.005222	0.005700
-	4	0.005222	0.005672
テーマ	2	0.002611	0.005475
編集	4	0.005222	0.005315
て	4	0.005222	0.005291
:	4	0.005222	0.005222
1997	2	0.002611	0.005222
にて	2	0.002611	0.004924
!	2	0.002611	0.004924
日本	3	0.003916	0.004649
者	3	0.003916	0.004649
項目	3	0.003916	0.004475
PJ	2	0.002611	0.004436
2001	2	0.002611	0.004229
B	3	0.003916	0.004173
|	3	0.003916	0.004133
人物	2	0.002611	0.003939
た	3	0.003916	0.003933
」	3	0.003916	0.003916
ゲンジユウブンシヨ	1	0.001305	0.003915
ゆり	1	0.001305	0.003915
休刊	1	0.001305	0.003915
ハックルベリー	1	0.001305	0.003915
のう	1	0.001305	0.003915
4403614361	1	0.001305	0.003915
4403614639	1	0.001305	0.003915
4403615082	1	0.001305	0.003915
4403615376	1	0.001305	0.003915
4403615961	1	0.001305	0.003915
4403616585	1	0.001305	0.003915
4403617301	1	0.001305	0.003915
4403618006	1	0.001305	0.003915
0001	1	0.001305	0.003915
告白	1	0.001305	0.003915
魔神	1	0.001305	0.003915
ゆれる	1	0.001305	0.003915
婚	1	0.001305	0.003915
0010	1	0.001305	0.003915
話そ	1	0.001305	0.003915
.「	1	0.001305	0.003915
巫	1	0.001305	0.003915
サバイバル	1	0.001305	0.003915
ジーン	1	0.001305	0.003915
眞一郎	1	0.001305	0.003915
森川	1	0.001305	0.003915
智之	1	0.001305	0.003915
浅川	1	0.001305	0.003915
由香	1	0.001305	0.003915
魔	1	0.001305	0.003915
緑川	1	0.001305	0.003915
森久保	1	0.001305	0.003915
祥	1	0.001305	0.003915
折笠	1	0.001305	0.003915
康嗣	1	0.001305	0.003915
イワン	1	0.001305	0.003915
ロストフ	1	0.001305	0.003915
室園	1	0.001305	0.003915
丈	1	0.001305	0.003915
カレッセオ	1	0.001305	0.003915
津野田	1	0.001305	0.003915
なるみ	1	0.001305	0.003915
ティトオ	1	0.001305	0.003915
美智子	1	0.001305	0.003915
園部	1	0.001305	0.003915
啓一	1	0.001305	0.003915
飛田	1	0.001305	0.003915
ジョーンズ	1	0.001305	0.003915
隊長	1	0.001305	0.003915
うすい	1	0.001305	0.003915
ハインツ	1	0.001305	0.003915
細井	1	0.001305	0.003915
正道	1	0.001305	0.003915
由美子	1	0.001305	0.003915
カナーン	1	0.001305	0.003915
光央	1	0.001305	0.003915
ディーツ	1	0.001305	0.003915
鈴村	1	0.001305	0.003915
ガレス	1	0.001305	0.003915
嶝高	1	0.001305	0.003915
トス	1	0.001305	0.003915
飯田	1	0.001305	0.003915
利信	1	0.001305	0.003915
サヴァルク	1	0.001305	0.003915
真一	1	0.001305	0.003915
11	2	0.002611	0.003650
10	2	0.002611	0.003568
むら	1	0.001305	0.003522
かみ	1	0.001305	0.003522
OP	1	0.001305	0.003522
想い	1	0.001305	0.003522
ED	1	0.001305	0.003522
レイ	1	0.001305	0.003522
基地	1	0.001305	0.003522
緒方	1	0.001305	0.003522
恵美	1	0.001305	0.003522
悠	1	0.001305	0.003522
今井	1	0.001305	0.003522
根	1	0.001305	0.003522
レス	1	0.001305	0.003522
たか	1	0.001305	0.003522
やす	1	0.001305	0.003522
治	1	0.001305	0.003522
大陸	1	0.001305	0.003522
岩田	1	0.001305	0.003522
クリストファー	1	0.001305	0.003522
キュー	1	0.001305	0.003522
ケイ	1	0.001305	0.003522
{{	1	0.001305	0.003522
Manga	1	0.001305	0.003522
artist	1	0.001305	0.003522
stub	1	0.001305	0.003522
}}	1	0.001305	0.003522
け	1	0.001305	0.003522
ファンタジー	1	0.001305	0.003522
遭遇	1	0.001305	0.003292
破壊	1	0.001305	0.003292
三木	1	0.001305	0.003292
裕	1	0.001305	0.003292
海賊	1	0.001305	0.003292
人	2	0.002611	0.003289
しま	1	0.001305	0.003129
増刊	1	0.001305	0.003129
石井	1	0.001305	0.003129
展	1	0.001305	0.003129
ガ	1	0.001305	0.003129
G	1	0.001305	0.003129
士	1	0.001305	0.003129
貼り	1	0.001305	0.003129
冒険	1	0.001305	0.003003
始まり	1	0.001305	0.003003
II	1	0.001305	0.003003
順	1	0.001305	0.003003
太田	1	0.001305	0.003003
山田	1	0.001305	0.003003
表示	2	0.002611	0.002984
太郎	1	0.001305	0.002900
愛	1	0.001305	0.002900
A	2	0.002611	0.002822
ウィキポータル	1	0.001305	0.002812
始まっ	1	0.001305	0.002812
石	1	0.001305	0.002812
歌	1	0.001305	0.002812
博士	1	0.001305	0.002812
光	1	0.001305	0.002812
谷	1	0.001305	0.002812
付け	1	0.001305	0.002812
さ	2	0.002611	0.002782
れ	2	0.002611	0.002769
よ	1	0.001305	0.002736
小林	1	0.001305	0.002736
96	1	0.001305	0.002736
プロジェクト	1	0.001305	0.002670
87	1	0.001305	0.002670
カテゴリ	2	0.002611	0.002622
と	2	0.002611	0.002622
に	2	0.002611	0.002611
し	2	0.002611	0.002611
「	2	0.002611	0.002611
子供	1	0.001305	0.002610
ま	1	0.001305	0.002556
男	1	0.001305	0.002556
1995	1	0.001305	0.002461
1996	1	0.001305	0.002461
1999	1	0.001305	0.002461
ください	1	0.001305	0.002461
そして	1	0.001305	0.002419
1998	1	0.001305	0.002380
子	1	0.001305	0.002380
31	1	0.001305	0.002344
25	1	0.001305	0.002277
開始	1	0.001305	0.002246
29	1	0.001305	0.002246
2005	1	0.001305	0.002217
長	1	0.001305	0.002217
2003	1	0.001305	0.002190
う	1	0.001305	0.002190
2000	1	0.001305	0.002163
に関する	1	0.001305	0.002163
P	1	0.001305	0.002114
本	1	0.001305	0.002091
14	1	0.001305	0.002047
F	1	0.001305	0.002047
D	1	0.001305	0.002047
場合	1	0.001305	0.002026
化	1	0.001305	0.002007
書き	1	0.001305	0.001969
加筆	1	0.001305	0.001969
訂正	1	0.001305	0.001969
下さる	1	0.001305	0.001969
20	1	0.001305	0.001900
かけ	1	0.001305	0.001900
です	1	0.001305	0.001900
協力	1	0.001305	0.001884
ず	1	0.001305	0.001868
　	1	0.001305	0.001868
求め	1	0.001305	0.001868
時代	1	0.001305	0.001839
歴	1	0.001305	0.001783
による	1	0.001305	0.001783
話	1	0.001305	0.001770
表	1	0.001305	0.001758
編	1	0.001305	0.001733
なる	1	0.001305	0.001733
12	1	0.001305	0.001709
ます	1	0.001305	0.001698
リンク	1	0.001305	0.001676
後	1	0.001305	0.001634
あっ	1	0.001305	0.001604
目次	1	0.001305	0.001491
など	1	0.001305	0.001483
非	1	0.001305	0.001468
関連	1	0.001305	0.001461
この	1	0.001305	0.001453
いる	1	0.001305	0.001424
も	1	0.001305	0.001424
い	1	0.001305	0.001424
から	1	0.001305	0.001417
/%	1	0.001305	0.001346
が	1	0.001305	0.001316
で	1	0.001305	0.001311
http	1	0.001305	0.001311
://	1	0.001305	0.001311
ja	1	0.001305	0.001311
wikipedia	1	0.001305	0.001311
org	1	0.001305	0.001311
wiki	1	0.001305	0.001311
より	1	0.001305	0.001311
作成	1	0.001305	0.001311
出典	1	0.001305	0.001305
フリー	1	0.001305	0.001305
百科	1	0.001305	0.001305
事典	1	0.001305	0.001305
ウィキペディア	1	0.001305	0.001305
Wikipedia	1	0.001305	0.001305
移動	1	0.001305	0.001305
ナビゲーション	1	0.001305	0.001305
,	1	0.001305	0.001305
検索	1	0.001305	0.001305
