川中島	11	0.014398	0.038860
の	26	0.034031	0.034031
リーグ	11	0.014398	0.031990
甲府	9	0.011780	0.031794
新潟	9	0.011780	0.031794
アルウィン	8	0.010471	0.031413
が	23	0.030105	0.030369
は	21	0.027487	0.027487
に	21	0.027487	0.027487
J	10	0.013089	0.027446
%	20	0.026178	0.026524
試合	9	0.011780	0.025385
、	19	0.024869	0.024869
で	17	0.022251	0.022348
松本	7	0.009162	0.021082
た	15	0.019634	0.019720
を	14	0.018325	0.018325
対戦	5	0.006545	0.017665
年	12	0.015707	0.016350
ダービー	4	0.005236	0.015708
。	12	0.015707	0.015707
スタジアム	4	0.005236	0.014132
長野	5	0.006545	0.013389
合戦	4	0.005236	0.013210
と	10	0.013089	0.013146
（	10	0.013089	0.013089
）	10	0.013089	0.013089
行なわ	4	0.005236	0.012556
側	5	0.006545	0.012344
て	9	0.011780	0.011936
参入	3	0.003927	0.011781
ホームタウン	3	0.003927	0.011781
する	8	0.010471	0.011210
こと	7	0.009162	0.010525
し	8	0.010471	0.010471
市	5	0.006545	0.009967
雅	3	0.003927	0.009907
ため	6	0.007853	0.009653
E	7	0.009162	0.009283
3	6	0.007853	0.008137
開催	3	0.003927	0.008034
節	3	0.003927	0.008034
チーム	3	0.003927	0.007854
ヴァンフォーレ	2	0.002618	0.007854
アルビレックス	2	0.002618	0.007854
タービー	2	0.002618	0.007854
JFL	2	0.002618	0.007854
ディビジョン	2	0.002618	0.007854
いる	5	0.006545	0.007144
越後	2	0.002618	0.007066
戦績	2	0.002618	0.007066
今後	2	0.002618	0.007066
行なう	2	0.002618	0.007066
PR	2	0.002618	0.007066
れ	5	0.006545	0.006941
ある	5	0.006545	0.006908
[	5	0.006545	0.006632
]	5	0.006545	0.006632
甲斐	2	0.002618	0.006605
上杉	2	0.002618	0.006605
将来	2	0.002618	0.006605
83	4	0.005236	0.006595
2003	3	0.003927	0.006589
また	4	0.005236	0.006287
武田	2	0.002618	0.006278
目指し	2	0.002618	0.006278
日本	4	0.005236	0.006216
国	3	0.003927	0.006098
信濃	2	0.002618	0.006024
ー	2	0.002618	0.005817
意識	2	0.002618	0.005817
規格	2	0.002618	0.005642
4	4	0.005236	0.005606
B	4	0.005236	0.005579
山	2	0.002618	0.005490
困難	2	0.002618	0.005490
方	2	0.002618	0.005356
編集	4	0.005236	0.005329
なる	3	0.003927	0.005215
人	3	0.003927	0.004947
地域	2	0.002618	0.004938
平成	2	0.002618	0.004853
参加	2	0.002618	0.004853
あっ	3	0.003927	0.004827
所属	2	0.002618	0.004775
ない	3	0.003927	0.004688
日	3	0.003927	0.004585
な	3	0.003927	0.004535
2006	2	0.002618	0.004506
でき	2	0.002618	0.004448
月	3	0.003927	0.004441
場	2	0.002618	0.004392
概要	2	0.002618	0.004289
同	2	0.002618	0.004289
BC	2	0.002618	0.004289
も	3	0.003927	0.004286
から	3	0.003927	0.004265
のみ	2	0.002618	0.004241
30	2	0.002618	0.004150
2	3	0.003927	0.004107
8	3	0.003927	0.004107
場合	2	0.002618	0.004065
1	3	0.003927	0.004051
・	3	0.003927	0.004033
なく	2	0.002618	0.003987
/	3	0.003927	0.003944
:	3	0.003927	0.003927
,	3	0.003927	0.003927
「	3	0.003927	0.003927
」	3	0.003927	0.003927
かじ	1	0.001309	0.003927
なぞらえ	1	0.001309	0.003927
プロサッカーリーグ	1	0.001309	0.003927
互い	1	0.001309	0.003927
ホームグラウンド	1	0.001309	0.003927
サポーター	1	0.001309	0.003927
広域	1	0.001309	0.003927
整っ	1	0.001309	0.003927
銘打っ	1	0.001309	0.003927
大々的	1	0.001309	0.003927
甲冑	1	0.001309	0.003927
武将	1	0.001309	0.003927
スコア	1	0.001309	0.003927
アウェイ	1	0.001309	0.003927
043	1	0.001309	0.003927
599	1	0.001309	0.003927
フットボール	1	0.001309	0.003927
松	1	0.001309	0.003927
本山	1	0.001309	0.003927
北信越	1	0.001309	0.003927
パルセイロ	1	0.001309	0.003927
：	2	0.002618	0.003812
おり	2	0.002618	0.003812
よう	2	0.002618	0.003604
わな	1	0.001309	0.003533
び	1	0.001309	0.003533
信玄	1	0.001309	0.003533
謙信	1	0.001309	0.003533
皆無	1	0.001309	0.003533
球技	1	0.001309	0.003533
分かれ	1	0.001309	0.003533
東北電力	1	0.001309	0.003533
定める	1	0.001309	0.003533
同市	1	0.001309	0.003533
マッチ	1	0.001309	0.003533
第	2	0.002618	0.003526
違う	1	0.001309	0.003302
観客	1	0.001309	0.003302
FC	1	0.001309	0.003302
会員	1	0.001309	0.003302
申請	1	0.001309	0.003302
ライバル	1	0.001309	0.003302
対決	1	0.001309	0.003302
へ	2	0.002618	0.003257
れる	2	0.002618	0.003143
別名	1	0.001309	0.003139
指す	1	0.001309	0.003139
中島	1	0.001309	0.003139
着	1	0.001309	0.003139
戦う	1	0.001309	0.003139
競技	1	0.001309	0.003139
まだ	1	0.001309	0.003012
戦い	1	0.001309	0.003012
川	1	0.001309	0.003012
会場	1	0.001309	0.003012
行なっ	1	0.001309	0.003012
準	1	0.001309	0.003012
事情	1	0.001309	0.003012
サッカー	1	0.001309	0.003012
項目	2	0.002618	0.002992
など	2	0.002618	0.002976
関連	2	0.002618	0.002930
この	2	0.002618	0.002915
戦国	1	0.001309	0.002908
実施	1	0.001309	0.002908
しよ	1	0.001309	0.002908
平	1	0.001309	0.002908
総合	1	0.001309	0.002908
イベント	1	0.001309	0.002908
主催	1	0.001309	0.002908
7	2	0.002618	0.002858
-	2	0.002618	0.002844
公園	1	0.001309	0.002821
掲載	1	0.001309	0.002821
ホーム	1	0.001309	0.002821
特殊	1	0.001309	0.002821
限り	1	0.001309	0.002821
さ	2	0.002618	0.002789
|	2	0.002618	0.002763
獲得	1	0.001309	0.002745
5	2	0.002618	0.002713
ほぼ	1	0.001309	0.002678
環境	1	0.001309	0.002678
.	2	0.002618	0.002618
様々	1	0.001309	0.002618
一つ	1	0.001309	0.002618
通称	1	0.001309	0.002564
使わ	1	0.001309	0.002564
同様	1	0.001309	0.002564
93	1	0.001309	0.002564
同じ	1	0.001309	0.002469
基本	1	0.001309	0.002469
発生	1	0.001309	0.002469
かつて	1	0.001309	0.002427
旧	1	0.001309	0.002387
1998	1	0.001309	0.002387
名前	1	0.001309	0.002387
現	1	0.001309	0.002387
問題	1	0.001309	0.002387
ここ	1	0.001309	0.002351
社会	1	0.001309	0.002316
2005	1	0.001309	0.002224
AC	1	0.001309	0.002224
う	1	0.001309	0.002196
AD	1	0.001309	0.002196
80	1	0.001309	0.002196
行う	1	0.001309	0.002170
2008	1	0.001309	0.002144
しかし	1	0.001309	0.002075
および	1	0.001309	0.002075
なかっ	1	0.001309	0.002075
数	1	0.001309	0.002075
において	1	0.001309	0.002053
2004	1	0.001309	0.002053
2007	1	0.001309	0.002053
13	1	0.001309	0.002053
14	1	0.001309	0.002053
存在	1	0.001309	0.002053
D	1	0.001309	0.002053
なお	1	0.001309	0.002013
か	1	0.001309	0.001957
前	1	0.001309	0.001922
県	1	0.001309	0.001874
なり	1	0.001309	0.001859
時代	1	0.001309	0.001844
0	1	0.001309	0.001802
一	1	0.001309	0.001789
という	1	0.001309	0.001726
的	1	0.001309	0.001692
その	1	0.001309	0.001619
なっ	1	0.001309	0.001572
目次	1	0.001309	0.001496
表示	1	0.001309	0.001496
非	1	0.001309	0.001473
6	1	0.001309	0.001450
として	1	0.001309	0.001429
9	1	0.001309	0.001429
/%	1	0.001309	0.001350
http	1	0.001309	0.001315
://	1	0.001309	0.001315
ja	1	0.001309	0.001315
wikipedia	1	0.001309	0.001315
org	1	0.001309	0.001315
wiki	1	0.001309	0.001315
より	1	0.001309	0.001315
作成	1	0.001309	0.001315
カテゴリ	1	0.001309	0.001315
出典	1	0.001309	0.001309
フリー	1	0.001309	0.001309
百科	1	0.001309	0.001309
事典	1	0.001309	0.001309
『	1	0.001309	0.001309
ウィキペディア	1	0.001309	0.001309
Wikipedia	1	0.001309	0.001309
』	1	0.001309	0.001309
移動	1	0.001309	0.001309
ナビゲーション	1	0.001309	0.001309
検索	1	0.001309	0.001309
