タッグ	45	0.054945	0.164835
チーム	28	0.034188	0.068376
王座	16	0.019536	0.052727
の	40	0.048840	0.048840
プロレス	12	0.014652	0.039545
、	28	0.034188	0.034188
を	23	0.028083	0.028083
で	21	0.025641	0.025753
。	20	0.024420	0.024420
%	17	0.020757	0.021032
マッチ	6	0.007326	0.019773
に	16	0.019536	0.019536
場合	10	0.012210	0.018960
人	12	0.014652	0.018456
は	15	0.018315	0.018315
こと	13	0.015873	0.018234
が	14	0.017094	0.017244
と	14	0.017094	0.017169
ある	13	0.015873	0.016754
3	13	0.015873	0.016448
も	12	0.014652	0.015993
試合	6	0.007326	0.015787
WWE	4	0.004884	0.014652
ユニット	4	0.004884	0.011712
て	9	0.010989	0.011134
プロレスラー	3	0.003663	0.010989
コンビ	3	0.003663	0.009886
的	6	0.007326	0.009468
する	7	0.008547	0.009150
○	3	0.003663	0.008784
多い	4	0.004884	0.007911
呼ば	4	0.004884	0.007824
83	5	0.006105	0.007690
世界	4	0.004884	0.007661
名称	3	0.003663	0.007494
[	6	0.007326	0.007423
]	6	0.007326	0.007423
E	6	0.007326	0.007423
れる	5	0.006105	0.007330
（	6	0.007326	0.007326
）	6	0.007326	0.007326
呼ぶ	3	0.003663	0.007326
tag	2	0.002442	0.007326
これから	2	0.002442	0.007326
人組	2	0.002442	0.007326
技	2	0.002442	0.007326
パターン	2	0.002442	0.007326
組ま	2	0.002442	0.007326
メリット	2	0.002442	0.007326
NWA	2	0.002442	0.007326
IWGP	2	0.002442	0.007326
全日本	2	0.002442	0.007326
GHC	2	0.002442	0.007326
構成	3	0.003663	0.006791
意義	2	0.002442	0.006591
転じ	2	0.002442	0.006591
固定	2	0.002442	0.006591
ジュニア	2	0.002442	0.006591
2	5	0.006105	0.006384
編集	5	0.006105	0.006213
複数	2	0.002442	0.006161
勝	2	0.002442	0.006161
「	5	0.006105	0.006105
」	5	0.006105	0.006105
し	5	0.006105	0.006105
行う	3	0.003663	0.006072
人数	2	0.002442	0.005856
対	2	0.002442	0.005856
結成	2	0.002442	0.005856
本来	2	0.002442	0.005426
メンバー	2	0.002442	0.005426
4	4	0.004884	0.005229
さ	4	0.004884	0.005204
れ	4	0.004884	0.005179
デビュー	2	0.002442	0.005121
・	4	0.004884	0.005015
選手	2	0.002442	0.004996
代表	2	0.002442	0.004884
大阪	2	0.002442	0.004783
以上	2	0.002442	0.004606
せる	2	0.002442	0.004527
戦	2	0.002442	0.004527
また	3	0.003663	0.004398
における	2	0.002442	0.004386
日本	3	0.003663	0.004348
な	3	0.003663	0.004230
一般	2	0.002442	0.004203
概要	2	0.002442	0.004001
1	3	0.003663	0.003778
た	3	0.003663	0.003679
:	3	0.003663	0.003663
team	1	0.001221	0.003663
鬼ごっこ	1	0.001221	0.003663
動詞	1	0.001221	0.003663
触れる	1	0.001221	0.003663
多人数	1	0.001221	0.003663
組む	1	0.001221	0.003663
付ける	1	0.001221	0.003663
結び付き	1	0.001221	0.003663
繰り出す	1	0.001221	0.003663
コンビネーション・プレイ	1	0.001221	0.003663
合体	1	0.001221	0.003663
反則	1	0.001221	0.003663
仲間割れ	1	0.001221	0.003663
属さ	1	0.001221	0.003663
レスラー	1	0.001221	0.003663
組み	1	0.001221	0.003663
臨む	1	0.001221	0.003663
OVW	1	0.001221	0.003663
ギミック	1	0.001221	0.003663
SmackDown	1	0.001221	0.003663
王者	1	0.001221	0.003663
一軍	1	0.001221	0.003663
残留	1	0.001221	0.003663
ベテラン	1	0.001221	0.003663
体得	1	0.001221	0.003663
興行	1	0.001221	0.003663
観戦	1	0.001221	0.003663
バリエーション	1	0.001221	0.003663
TNA	1	0.001221	0.003663
レスリング	1	0.001221	0.003663
KAIENTAI	1	0.001221	0.003663
DOJO	1	0.001221	0.003663
STRONGEST	1	0.001221	0.003663
TAG	1	0.001221	0.003663
BJW	1	0.001221	0.003663
WWWA	1	0.001221	0.003663
等	2	0.002442	0.003618
0	2	0.002442	0.003362
タッチ	1	0.001221	0.003295
呼び	1	0.001221	0.003295
解消	1	0.001221	0.003295
戦線	1	0.001221	0.003295
アピール	1	0.001221	0.003295
ノン	1	0.001221	0.003295
ないし	1	0.001221	0.003295
意向	1	0.001221	0.003295
若手	1	0.001221	0.003295
おこなわ	1	0.001221	0.003295
により	2	0.002442	0.003199
82	2	0.002442	0.003156
鬼	1	0.001221	0.003080
交代	1	0.001221	0.003080
組ん	1	0.001221	0.003080
略し	1	0.001221	0.003080
トリオ	1	0.001221	0.003080
日常	1	0.001221	0.003080
見せる	1	0.001221	0.003080
RAW	1	0.001221	0.003080
ストーリー	1	0.001221	0.003080
同士	1	0.001221	0.003080
観客	1	0.001221	0.003080
やすく	1	0.001221	0.003080
ノア	1	0.001221	0.003080
ため	2	0.002442	0.003002
相手	1	0.001221	0.002928
呼ん	1	0.001221	0.002928
命名	1	0.001221	0.002928
普段	1	0.001221	0.002928
挑戦	1	0.001221	0.002928
大幅	1	0.001221	0.002928
増加	1	0.001221	0.002928
認定	1	0.001221	0.002928
ない	2	0.002442	0.002915
形式	1	0.001221	0.002810
強い	1	0.001221	0.002810
新人	1	0.001221	0.002810
何らかの	1	0.001221	0.002810
育成	1	0.001221	0.002810
カード	1	0.001221	0.002810
用語	1	0.001221	0.002810
項目	2	0.002442	0.002790
関連	2	0.002442	0.002733
そこ	1	0.001221	0.002713
精神	1	0.001221	0.002713
同時に	1	0.001221	0.002713
得る	1	0.001221	0.002713
分裂	1	0.001221	0.002713
編成	1	0.001221	0.002713
アジア	1	0.001221	0.002713
として	2	0.002442	0.002665
-	2	0.002442	0.002652
様	1	0.001221	0.002631
独自	1	0.001221	0.002631
組み合わせ	1	0.001221	0.002631
女子	1	0.001221	0.002631
通常	1	0.001221	0.002560
よく	1	0.001221	0.002560
対立	1	0.001221	0.002560
プロ	1	0.001221	0.002560
5	2	0.002442	0.002530
タイトル	1	0.001221	0.002498
団体	1	0.001221	0.002498
米	1	0.001221	0.002498
方	1	0.001221	0.002498
.	2	0.002442	0.002442
意味	1	0.001221	0.002442
少なく	1	0.001221	0.002442
与え	1	0.001221	0.002442
構造	1	0.001221	0.002442
K	1	0.001221	0.002442
通称	1	0.001221	0.002391
総	1	0.001221	0.002391
いわ	1	0.001221	0.002391
BF	1	0.001221	0.002391
一方	1	0.001221	0.002303
同じ	1	0.001221	0.002303
!	1	0.001221	0.002303
権	1	0.001221	0.002303
とも	1	0.001221	0.002303
→	1	0.001221	0.002264
とき	1	0.001221	0.002227
以外	1	0.001221	0.002227
面	1	0.001221	0.002227
軍	1	0.001221	0.002161
別	1	0.001221	0.002161
新	1	0.001221	0.002130
活動	1	0.001221	0.002102
でも	1	0.001221	0.002074
際	1	0.001221	0.002049
出身	1	0.001221	0.002024
81	1	0.001221	0.002024
他	1	0.001221	0.002000
BC	1	0.001221	0.002000
のみ	1	0.001221	0.001978
および	1	0.001221	0.001935
存在	1	0.001221	0.001915
なお	1	0.001221	0.001877
せ	1	0.001221	0.001825
によって	1	0.001221	0.001793
前	1	0.001221	0.001793
大	1	0.001221	0.001793
二	1	0.001221	0.001778
なる	1	0.001221	0.001621
という	1	0.001221	0.001610
)	1	0.001221	0.001538
後	1	0.001221	0.001528
へ	1	0.001221	0.001519
その	1	0.001221	0.001510
(	1	0.001221	0.001501
なっ	1	0.001221	0.001466
や	1	0.001221	0.001441
日	1	0.001221	0.001426
目次	1	0.001221	0.001395
表示	1	0.001221	0.001395
など	1	0.001221	0.001388
非	1	0.001221	0.001374
6	1	0.001221	0.001353
い	1	0.001221	0.001333
いる	1	0.001221	0.001333
から	1	0.001221	0.001326
A	1	0.001221	0.001320
B	1	0.001221	0.001301
|	1	0.001221	0.001289
8	1	0.001221	0.001277
/%	1	0.001221	0.001259
http	1	0.001221	0.001226
://	1	0.001221	0.001226
ja	1	0.001221	0.001226
wikipedia	1	0.001221	0.001226
org	1	0.001221	0.001226
/	1	0.001221	0.001226
wiki	1	0.001221	0.001226
より	1	0.001221	0.001226
作成	1	0.001221	0.001226
カテゴリ	1	0.001221	0.001226
出典	1	0.001221	0.001221
フリー	1	0.001221	0.001221
百科	1	0.001221	0.001221
事典	1	0.001221	0.001221
『	1	0.001221	0.001221
ウィキペディア	1	0.001221	0.001221
Wikipedia	1	0.001221	0.001221
』	1	0.001221	0.001221
移動	1	0.001221	0.001221
ナビゲーション	1	0.001221	0.001221
,	1	0.001221	0.001221
検索	1	0.001221	0.001221
