年	27	0.087662
建築	11	0.035714
周	5	0.016234
忠	5	0.016234
東京	5	0.016234
事務所	5	0.016234
会	4	0.012987
学校	4	0.012987
浜岡	4	0.012987
記念	4	0.012987
家	3	0.009740
高等	3	0.009740
工芸	3	0.009740
編集	3	0.009740
新制	3	0.009740
前身	3	0.009740
1922	3	0.009740
聖蹟	3	0.009740
館	3	0.009740
1927	3	0.009740
グロピウス	3	0.009740
都市	3	0.009740
1926	3	0.009740
文化	3	0.009740
蔵田	2	0.006494
1895	2	0.006494
1966	2	0.006494
日本	2	0.006494
分離	2	0.006494
派	2	0.006494
参加	2	0.006494
史	2	0.006494
著作	2	0.006494
武蔵工業大学	2	0.006494
山口	2	0.006494
県	2	0.006494
出身	2	0.006494
設計	2	0.006494
入所	2	0.006494
曽	2	0.006494
ら	2	0.006494
関根	2	0.006494
千葉大学	2	0.006494
1930	2	0.006494
作品	2	0.006494
大学	2	0.006494
多摩	2	0.006494
計画	2	0.006494
著	2	0.006494
森口	2	0.006494
里	2	0.006494
編	2	0.006494
1924	2	0.006494
近代	2	0.006494
94	2	0.006494
教員	2	0.006494
出典	1	0.003247
フリー	1	0.003247
百科	1	0.003247
事典	1	0.003247
ウィキペディア	1	0.003247
Wikipedia	1	0.003247
移動	1	0.003247
ナビゲーション	1	0.003247
検索	1	0.003247
くら	1	0.003247
ちかただ	1	0.003247
関係	1	0.003247
後進	1	0.003247
指導	1	0.003247
経歴	1	0.003247
萩	1	0.003247
旧姓	1	0.003247
1913	1	0.003247
工手	1	0.003247
工学院大学	1	0.003247
卒業	1	0.003247
1914	1	0.003247
三橋	1	0.003247
四郎	1	0.003247
その後	1	0.003247
禰達	1	0.003247
蔵	1	0.003247
禰	1	0.003247
中條	1	0.003247
1920	1	0.003247
早稲田大学	1	0.003247
選科	1	0.003247
生	1	0.003247
入学	1	0.003247
1921	1	0.003247
平和	1	0.003247
博覧	1	0.003247
上野公園	1	0.003247
施設	1	0.003247
建設	1	0.003247
技術	1	0.003247
員	1	0.003247
ここ	1	0.003247
堀口	1	0.003247
捨己	1	0.003247
三	1	0.003247
橋	1	0.003247
先輩	1	0.003247
要太郎	1	0.003247
京王	1	0.003247
閣	1	0.003247
学部	1	0.003247
講師	1	0.003247
1943	1	0.003247
ワイマール	1	0.003247
共和	1	0.003247
政	1	0.003247
時代	1	0.003247
ドイツ	1	0.003247
バウハウス	1	0.003247
モダニズム	1	0.003247
1932	1	0.003247
武蔵	1	0.003247
工科	1	0.003247
教授	1	0.003247
就任	1	0.003247
1962	1	0.003247
農家	1	0.003247
居住	1	0.003247
性	1	0.003247
研究	1	0.003247
工学	1	0.003247
博士	1	0.003247
号	1	0.003247
取得	1	0.003247
聖	1	0.003247
シオン	1	0.003247
会堂	1	0.003247
現存	1	0.003247
担当	1	0.003247
等々力	1	0.003247
ジードルンク	1	0.003247
訳書	1	0.003247
エジプト	1	0.003247
印度	1	0.003247
思潮	1	0.003247
ロダン	1	0.003247
以後	1	0.003247
ルネッサンス	1	0.003247
ブルー	1	0.003247
タウト	1	0.003247
1942	1	0.003247
1953	1	0.003247
民家	1	0.003247
帖	1	0.003247
1955	1	0.003247
1965	1	0.003247
生活	1	0.003247
空間	1	0.003247
創造	1	0.003247
戸川	1	0.003247
敬一	1	0.003247
共	1	0.003247
訳	1	0.003247
彰	1	0.003247
国	1	0.003247
社	1	0.003247
1958	1	0.003247
アメリカ	1	0.003247
移住	1	0.003247
後	1	0.003247
講義	1	0.003247
録	1	0.003247
元	1	0.003247
http	1	0.003247
://	1	0.003247
ja	1	0.003247
wikipedia	1	0.003247
org	1	0.003247
wiki	1	0.003247
/%	1	0.003247
91	1	0.003247
BF	1	0.003247
作成	1	0.003247
カテゴリ	1	0.003247
人物	1	0.003247
年生	1	0.003247
没	1	0.003247
