科学	19	0.052342
日本	8	0.022039
史	8	0.022039
みすず書房	7	0.019284
物理	6	0.016529
共	6	0.016529
訳	6	0.016529
学	5	0.013774
出版	5	0.013774
徹	4	0.011019
近代	4	0.011019
歴史	4	0.011019
論	4	0.011019
社	4	0.011019
者	4	0.011019
広重	3	0.008264
年	3	0.008264
1975	3	0.008264
研究	3	0.008264
自然	3	0.008264
学者	3	0.008264
編集	3	0.008264
原子	3	0.008264
文庫	3	0.008264
1960	3	0.008264
1973	3	0.008264
のち	3	0.008264
商工	3	0.008264
1928	2	0.005510
月	2	0.005510
日	2	0.005510
史家	2	0.005510
出身	2	0.005510
神戸	2	0.005510
市	2	0.005510
現代	2	0.005510
社会	2	0.005510
的	2	0.005510
会	2	0.005510
人	2	0.005510
運動	2	0.005510
中央公論社	2	0.005510
1965	2	0.005510
1968	2	0.005510
選書	2	0.005510
共著	2	0.005510
技術	2	0.005510
書房	2	0.005510
1971	2	0.005510
量子力学	2	0.005510
恒藤	2	0.005510
敏彦	2	0.005510
1957	2	0.005510
ラン	2	0.005510
ダウ	2	0.005510
リフシッツ	2	0.005510
鳥居	2	0.005510
一雄	2	0.005510
東京	2	0.005510
図書	2	0.005510
1963	2	0.005510
項目	2	0.005510
人物	2	0.005510
出典	1	0.002755
フリー	1	0.002755
百科	1	0.002755
事典	1	0.002755
ウィキペディア	1	0.002755
Wikipedia	1	0.002755
移動	1	0.002755
ナビゲーション	1	0.002755
検索	1	0.002755
廣	1	0.002755
ひろし	1	0.002755
げ	1	0.002755
てつ	1	0.002755
28	1	0.002755
兵庫	1	0.002755
県	1	0.002755
生まれ	1	0.002755
京都大	1	0.002755
学理	1	0.002755
学科	1	0.002755
卒	1	0.002755
大学	1	0.002755
理工学部	1	0.002755
教授	1	0.002755
明治	1	0.002755
以後	1	0.002755
業績	1	0.002755
妻	1	0.002755
植物	1	0.002755
三木	1	0.002755
壽子	1	0.002755
著書	1	0.002755
原子力	1	0.002755
話	1	0.002755
児童	1	0.002755
刊行	1	0.002755
1958	1	0.002755
発展	1	0.002755
過程	1	0.002755
中心	1	0.002755
地	1	0.002755
書	1	0.002755
館	1	0.002755
戦後	1	0.002755
培風館	1	0.002755
体制	1	0.002755
岩波	1	0.002755
再考	1	0.002755
朝日	1	0.002755
1979	1	0.002755
ちく	1	0.002755
学芸	1	0.002755
史論	1	0.002755
文集	1	0.002755
西尾	1	0.002755
成子	1	0.002755
編	1	0.002755
相対	1	0.002755
形成	1	0.002755
1980	1	0.002755
構造	1	0.002755
1981	1	0.002755
編著	1	0.002755
福田	1	0.002755
信之	1	0.002755
共立	1	0.002755
1961	1	0.002755
資本	1	0.002755
主義	1	0.002755
三	1	0.002755
一	1	0.002755
1962	1	0.002755
すすめ	1	0.002755
筑摩書房	1	0.002755
1970	1	0.002755
転機	1	0.002755
成り立ち	1	0.002755
ゆくえ	1	0.002755
竹内	1	0.002755
啓	1	0.002755
中公新書	1	0.002755
思想	1	0.002755
なか	1	0.002755
伊東	1	0.002755
俊太郎	1	0.002755
村上	1	0.002755
陽一郎	1	0.002755
木鐸	1	0.002755
平凡社	1	0.002755
ライブラリー	1	0.002755
翻訳	1	0.002755
数学	1	0.002755
基礎	1	0.002755
ジョン	1	0.002755
フォン	1	0.002755
ノイ	1	0.002755
マン	1	0.002755
井上	1	0.002755
健	1	0.002755
アインシュタイン	1	0.002755
生涯	1	0.002755
ゼーリッヒ	1	0.002755
場	1	0.002755
古典	1	0.002755
1959	1	0.002755
力学	1	0.002755
水戸	1	0.002755
巌	1	0.002755
相対性理論	1	0.002755
入門	1	0.002755
エリ・ランダウ	1	0.002755
ユ・ルーメル	1	0.002755
ア・ジューコフ	1	0.002755
フォーブス	1	0.002755
デイクステルホイス	1	0.002755
64	1	0.002755
万	1	0.002755
エリ・デ・ランダウ	1	0.002755
ア・イ・キタイゴローツキ	1	0.002755
危険	1	0.002755
希望	1	0.002755
アメリカ	1	0.002755
1945	1	0.002755
1947	1	0.002755
スミス	1	0.002755
みすず	1	0.002755
ドルトン	1	0.002755
スコーンランド	1	0.002755
常石	1	0.002755
敬一	1	0.002755
熱	1	0.002755
機関	1	0.002755
サジ	1	0.002755
カルノー	1	0.002755
電子	1	0.002755
ロー	1	0.002755
レンツ	1	0.002755
東海大学	1	0.002755
関連	1	0.002755
加筆	1	0.002755
訂正	1	0.002755
協力	1	0.002755
WP	1	0.002755
伝	1	0.002755
http	1	0.002755
://	1	0.002755
ja	1	0.002755
wikipedia	1	0.002755
org	1	0.002755
wiki	1	0.002755
/%	1	0.002755
BA	1	0.002755
83	1	0.002755
87	1	0.002755
BE	1	0.002755
作成	1	0.002755
カテゴリ	1	0.002755
哲学	1	0.002755
年生	1	0.002755
没	1	0.002755
