年	91	0.073269
月	55	0.044283
日	38	0.030596
ひな	20	0.016103
2010	19	0.015298
1998	16	0.012882
編集	15	0.012077
日本テレビ	15	0.012077
賞	13	0.010467
吉川	11	0.008857
12	11	0.008857
フジテレビ	11	0.008857
2009	11	0.008857
日本	8	0.006441
映画	8	0.006441
1997	8	0.006441
TBS	8	0.006441
2001	7	0.005636
ゲスト	7	0.005636
年代	7	0.005636
出演	6	0.004831
!（	6	0.004831
回	6	0.004831
人物	5	0.004026
アルバム	5	0.004026
1999	5	0.004026
10	5	0.004026
の	5	0.004026
1979	4	0.003221
21	4	0.003221
系	4	0.003221
受賞	4	0.003221
こと	4	0.003221
テレビ	4	0.003221
27	4	0.003221
81	4	0.003221
項目	4	0.003221
節	3	0.002415
出身	3	0.002415
東京	3	0.002415
都	3	0.002415
型	3	0.002415
サイズ	3	0.002415
表示	3	0.002415
ファッションモデル	3	0.002415
女優	3	0.002415
タレント	3	0.002415
レプロエンタテインメント	3	0.002415
作品	3	0.002415
バラエティ	3	0.002415
新人	3	0.002415
Spica	3	0.002415
キャラクター	3	0.002415
私	3	0.002415
兄	3	0.002415
犬	3	0.002415
人	3	0.002415
1995	3	0.002415
読売	3	0.002415
団	3	0.002415
ゴールデン	3	0.002415
2006	3	0.002415
!!（	3	0.002415
11	3	0.002415
レギュラー	3	0.002415
20	3	0.002415
13	3	0.002415
毎日放送	3	0.002415
ちゃん	3	0.002415
俳優	3	0.002415
者	3	0.002415
記事	2	0.001610
雑多	2	0.001610
内容	2	0.001610
箇条	2	0.001610
書き	2	0.001610
プロフィール	2	0.001610
30	2	0.001610
東久留米	2	0.001610
市	2	0.001610
2007	2	0.001610
身長	2	0.001610
体重	2	0.001610
cm	2	0.001610
—	2	0.001610
スリー	2	0.001610
80	2	0.001610
82	2	0.001610
22	2	0.001610
活動	2	0.001610
デビュー	2	0.001610
1993	2	0.001610
モデル	2	0.001610
カテゴリ	2	0.001610
来歴	2	0.001610
主	2	0.001610
TV	2	0.001610
ドラマ	2	0.001610
番組	2	0.001610
CM	2	0.001610
CD	2	0.001610
シングル	2	0.001610
その他	2	0.001610
書籍	2	0.001610
歴	2	0.001610
脚注	2	0.001610
外部	2	0.001610
リンク	2	0.001610
瀬戸内	2	0.001610
ムーンライト	2	0.001610
セレナーデ	2	0.001610
アカデミー	2	0.001610
ビジュアル	2	0.001610
バンド	2	0.001610
下着	2	0.001610
2003	2	0.001610
挑戦	2	0.001610
2004	2	0.001610
高田	2	0.001610
一也	2	0.001610
好き	2	0.001610
本名	2	0.001610
後	2	0.001610
原田	2	0.001610
君	2	0.001610
関西テレビ	2	0.001610
物語	2	0.001610
1996	2	0.001610
2002	2	0.001610
15	2	0.001610
話	2	0.001610
BS	2	0.001610
2005	2	0.001610
TOKYO	2	0.001610
2000	2	0.001610
テレビ朝日	2	0.001610
ろ	2	0.001610
ゃべくり	2	0.001610
007	2	0.001610
2008	2	0.001610
19	2	0.001610
さんま	2	0.001610
77	2	0.001610
1990	2	0.001610
One	2	0.001610
篠山	2	0.001610
紀	2	0.001610
信	2	0.001610
写真	2	0.001610
集	2	0.001610
Hinano	2	0.001610
Yoshikawa	2	0.001610
アロー	2	0.001610
グラフ	2	0.001610
ベスト	2	0.001610
ー	2	0.001610
由美	2	0.001610
89	2	0.001610
90	2	0.001610
キャンペーン	2	0.001610
関連	2	0.001610
加筆	2	0.001610
訂正	2	0.001610
協力	2	0.001610
ファッション	2	0.001610
出典	1	0.000805
フリー	1	0.000805
百科	1	0.000805
事典	1	0.000805
ウィキペディア	1	0.000805
Wikipedia	1	0.000805
移動	1	0.000805
ナビゲーション	1	0.000805
検索	1	0.000805
羅列	1	0.000805
事項	1	0.000805
列挙	1	0.000805
本文	1	0.000805
整理	1	0.000805
除去	1	0.000805
必要	1	0.000805
生年月日	1	0.000805
年齢	1	0.000805
歳	1	0.000805
地	1	0.000805
血液	1	0.000805
公称	1	0.000805
時点	1	0.000805
168	1	0.000805
kg	1	0.000805
57	1	0.000805
単位	1	0.000805
換算	1	0.000805
″	1	0.000805
lb	1	0.000805
31	1	0.000805
32	1	0.000805
in	1	0.000805
ジャンル	1	0.000805
他	1	0.000805
テンプレート	1	0.000805
よし	1	0.000805
所属	1	0.000805
愛称	1	0.000805
嬢	1	0.000805
いち	1	0.000805
ゅう	1	0.000805
目次	1	0.000805
銀座	1	0.000805
ウィンドウ	1	0.000805
ショッピング	1	0.000805
中	1	0.000805
スカウト	1	0.000805
その後	1	0.000805
伊勢丹	1	0.000805
広告	1	0.000805
起用	1	0.000805
SHAZNA	1	0.000805
ボーカル	1	0.000805
IZAM	1	0.000805
結婚	1	0.000805
同年	1	0.000805
離婚	1	0.000805
櫻田	1	0.000805
宗久	1	0.000805
ユニット	1	0.000805
結成	1	0.000805
リリース	1	0.000805
時期	1	0.000805
通販	1	0.000805
カタログピーチジョン	1	0.000805
イメージ	1	0.000805
わたし	1	0.000805
あなた	1	0.000805
舞台	1	0.000805
パリ	1	0.000805
コレクション	1	0.000805
ピーチ	1	0.000805
ジョン	1	0.000805
表紙	1	0.000805
家族	1	0.000805
構成	1	0.000805
父	1	0.000805
母	1	0.000805
姉	1	0.000805
妹	1	0.000805
マン	1	0.000805
現在	1	0.000805
ボディビルダー	1	0.000805
動物	1	0.000805
大型	1	0.000805
小型	1	0.000805
十	1	0.000805
数	1	0.000805
匹	1	0.000805
猫	1	0.000805
爬虫類	1	0.000805
芸名	1	0.000805
以前	1	0.000805
自身	1	0.000805
著書	1	0.000805
公表	1	0.000805
ハワイ	1	0.000805
花	1	0.000805
名前	1	0.000805
父親	1	0.000805
命名	1	0.000805
インタビュー	1	0.000805
容姿	1	0.000805
ハーフ	1	0.000805
本人	1	0.000805
否定	1	0.000805
ブログ	1	0.000805
自分	1	0.000805
フランス	1	0.000805
アメリカ	1	0.000805
クウォーター	1	0.000805
記載	1	0.000805
荒木	1	0.000805
元太郎	1	0.000805
手	1	0.000805
立体	1	0.000805
模型	1	0.000805
お笑い	1	0.000805
芸人	1	0.000805
ネプチューン	1	0.000805
泰造	1	0.000805
堀内	1	0.000805
健	1	0.000805
]。	1	0.000805
炎	1	0.000805
料理	1	0.000805
周	1	0.000805
富	1	0.000805
徳	1	0.000805
オンリー・ユー	1	0.000805
?（	1	0.000805
三	1	0.000805
姉妹	1	0.000805
探偵	1	0.000805
鈴木蘭々	1	0.000805
野村	1	0.000805
佑香	1	0.000805
主演	1	0.000805
世紀	1	0.000805
末	1	0.000805
詩	1	0.000805
SPEED	1	0.000805
STAR	1	0.000805
14	1	0.000805
ボウル	1	0.000805
日曜日	1	0.000805
ファースト	1	0.000805
シリーズ	1	0.000805
恋愛	1	0.000805
内科	1	0.000805
25	1	0.000805
時	1	0.000805
ボラ	1	0.000805
ライバル	1	0.000805
EYES	1	0.000805
仏	1	0.000805
合作	1	0.000805
いぬ	1	0.000805
えい	1	0.000805
カミュ	1	0.000805
ホーン	1	0.000805
テッド	1	0.000805
ハイウェイ	1	0.000805
原題	1	0.000805
DEATH	1	0.000805
RIDE	1	0.000805
米	1	0.000805
ホラー	1	0.000805
学校	1	0.000805
1994	1	0.000805
力	1	0.000805
限り	1	0.000805
ゴーゴゴー	1	0.000805
徹子	1	0.000805
部屋	1	0.000805
ハニカミ	1	0.000805
吉沢	1	0.000805
悠	1	0.000805
デート	1	0.000805
サルヂエ	1	0.000805
中京	1	0.000805
ワン	1	0.000805
ナイ	1	0.000805
学園	1	0.000805
未来	1	0.000805
予報	1	0.000805
2011	1	0.000805
中井	1	0.000805
正広	1	0.000805
ブラックバラエティ	1	0.000805
恋	1	0.000805
ザ・イロモネア	1	0.000805
痛快	1	0.000805
明石	1	0.000805
家電	1	0.000805
視	1	0.000805
台	1	0.000805
浜	1	0.000805
ぷっ	1	0.000805
すま	1	0.000805
奇跡	1	0.000805
体験	1	0.000805
アンビリバボー	1	0.000805
ダウン	1	0.000805
タウン	1	0.000805
DX	1	0.000805
オレ	1	0.000805
たち	1	0.000805
クイズ	1	0.000805
MAN	1	0.000805
月光	1	0.000805
音楽	1	0.000805
時短	1	0.000805
生活	1	0.000805
ガイド	1	0.000805
SHOW	1	0.000805
ホンネ	1	0.000805
殿堂	1	0.000805
!!	1	0.000805
紳助	1	0.000805
THE	1	0.000805
億	1	0.000805
分の	1	0.000805
17	1	0.000805
スジ	1	0.000805
ナシ	1	0.000805
中部日本放送	1	0.000805
ッ	1	0.000805
きり	1	0.000805
DON	1	0.000805
ウチ	1	0.000805
!?（	1	0.000805
28	1	0.000805
REAL	1	0.000805
FASHION	1	0.000805
春	1	0.000805
夏	1	0.000805
NHK	1	0.000805
スペシャル	1	0.000805
ギフト	1	0.000805
18	1	0.000805
アナザースカイ	1	0.000805
御殿	1	0.000805
23	1	0.000805
まんま	1	0.000805
韓	1	0.000805
流	1	0.000805
スター	1	0.000805
握手	1	0.000805
弾丸	1	0.000805
ツアー	1	0.000805
テレビ東京	1	0.000805
うわさ	1	0.000805
体感	1	0.000805
ジャック	1	0.000805
嵐	1	0.000805
29	1	0.000805
おし	1	0.000805
ツアーズ	1	0.000805
絶対	1	0.000805
名城	1	0.000805
旅	1	0.000805
16	1	0.000805
三菱自動車工業	1	0.000805
パジェロ	1	0.000805
ミニ	1	0.000805
江崎グリコ	1	0.000805
ポッキー	1	0.000805
小絹	1	0.000805
キリンビバレッジ	1	0.000805
サプリ	1	0.000805
キヤノン	1	0.000805
BJ	1	0.000805
プリンタ	1	0.000805
資生堂	1	0.000805
MA	1	0.000805
CHERIE	1	0.000805
商品	1	0.000805
花王	1	0.000805
ソフィーナ	1	0.000805
レイシャス	1	0.000805
オーラチェンジファンデーション	1	0.000805
東京テレメッセージ	1	0.000805
後半	1	0.000805
トヨタ自動車	1	0.000805
ターセル	1	0.000805
ハート	1	0.000805
涙	1	0.000805
ウサギ	1	0.000805
SAY	1	0.000805
GOOD	1	0.000805
BYE	1	0.000805
ホット	1	0.000805
ミルク	1	0.000805
ドラえもん	1	0.000805
のび太	1	0.000805
南海	1	0.000805
冒険	1	0.000805
主題歌	1	0.000805
More	1	0.000805
Kiss	1	0.000805
メロウプリティー	1	0.000805
am	1	0.000805
pink	1	0.000805
名義	1	0.000805
We	1	0.000805
Love	1	0.000805
イルージョン	1	0.000805
ナチュラル	1	0.000805
Accidents	1	0.000805
series	1	0.000805
arpm	1	0.000805
チュッ	1	0.000805
Blue	1	0.000805
Diamond	1	0.000805
藤代	1	0.000805
冥	1	0.000805
砂	1	0.000805
52	1	0.000805
毎日	1	0.000805
コンクール	1	0.000805
スポニチ	1	0.000805
グランプリ	1	0.000805
35	1	0.000805
ベストジーニスト	1	0.000805
大賞	1	0.000805
高崎	1	0.000805
祭	1	0.000805
アイドル	1	0.000805
ドレッサー	1	0.000805
ビデオ	1	0.000805
DVD	1	0.000805
ネイルクイーン	1	0.000805
.^	1	0.000805
放送	1	0.000805
公式	1	0.000805
ペット	1	0.000805
感覚	1	0.000805
マガジン	1	0.000805
puppine	1	0.000805
巻頭	1	0.000805
特集	1	0.000805
表	1	0.000805
・	1	0.000805
編	1	0.000805
1960	1	0.000805
67	1	0.000805
西野	1	0.000805
バレエ	1	0.000805
金井	1	0.000805
克子	1	0.000805
糸子	1	0.000805
奈美	1	0.000805
悦子	1	0.000805
68	1	0.000805
丸山	1	0.000805
明宏	1	0.000805
69	1	0.000805
浅丘	1	0.000805
ルリ子	1	0.000805
1970	1	0.000805
70	1	0.000805
辺見	1	0.000805
マリ	1	0.000805
71	1	0.000805
池	1	0.000805
玲子	1	0.000805
72	1	0.000805
山本	1	0.000805
リンダ	1	0.000805
73	1	0.000805
74	1	0.000805
西城	1	0.000805
秀樹	1	0.000805
75	1	0.000805
岡田	1	0.000805
奈々	1	0.000805
76	1	0.000805
松本	1	0.000805
ちえこ	1	0.000805
夏目	1	0.000805
雅子	1	0.000805
78	1	0.000805
ピンク	1	0.000805
レディー	1	0.000805
79	1	0.000805
榊原	1	0.000805
郁恵	1	0.000805
1980	1	0.000805
河合	1	0.000805
奈保子	1	0.000805
柏原	1	0.000805
よしえ	1	0.000805
美保	1	0.000805
純	1	0.000805
83	1	0.000805
田原	1	0.000805
俊彦	1	0.000805
84	1	0.000805
小泉	1	0.000805
今日子	1	0.000805
85	1	0.000805
沢口	1	0.000805
靖子	1	0.000805
86	1	0.000805
本田	1	0.000805
美奈子	1	0.000805
87	1	0.000805
南野	1	0.000805
陽子	1	0.000805
88	1	0.000805
浅香	1	0.000805
唯	1	0.000805
井森	1	0.000805
美幸	1	0.000805
西田	1	0.000805
ひかる	1	0.000805
91	1	0.000805
観月	1	0.000805
さ	1	0.000805
92	1	0.000805
ガールズ	1	0.000805
93	1	0.000805
鈴木	1	0.000805
杏樹	1	0.000805
94	1	0.000805
瀬戸	1	0.000805
朝香	1	0.000805
95	1	0.000805
雛形	1	0.000805
あきこ	1	0.000805
96	1	0.000805
広末	1	0.000805
涼子	1	0.000805
97	1	0.000805
98	1	0.000805
優香	1	0.000805
99	1	0.000805
本上	1	0.000805
まなみ	1	0.000805
00	1	0.000805
釈由美子	1	0.000805
01	1	0.000805
井川	1	0.000805
遥	1	0.000805
02	1	0.000805
吉岡	1	0.000805
美穂	1	0.000805
03	1	0.000805
井上	1	0.000805
和香	1	0.000805
04	1	0.000805
岩佐	1	0.000805
真悠子	1	0.000805
05	1	0.000805
安田	1	0.000805
美沙子	1	0.000805
06	1	0.000805
07	1	0.000805
南	1	0.000805
明奈	1	0.000805
開催	1	0.000805
終了	1	0.000805
雑誌	1	0.000805
協会	1	0.000805
選出	1	0.000805
継続	1	0.000805
以後	1	0.000805
西暦	1	0.000805
担当	1	0.000805
年度	1	0.000805
09	1	0.000805
佐々木	1	0.000805
希	1	0.000805
桜	1	0.000805
庭	1	0.000805
なみ	1	0.000805
PJ	1	0.000805
芸能人	1	0.000805
ポータル	1	0.000805
http	1	0.000805
://	1	0.000805
ja	1	0.000805
wikipedia	1	0.000805
org	1	0.000805
wiki	1	0.000805
/%	1	0.000805
AA	1	0.000805
AE	1	0.000805
作成	1	0.000805
女性	1	0.000805
年生	1	0.000805
存命	1	0.000805
