年	38	0.062603
月	30	0.049423
日	28	0.046129
艦	19	0.031301
少佐	14	0.023064
12	11	0.018122
駆逐	10	0.016474
15	9	0.014827
11	9	0.014827
II	8	0.013180
日本	7	0.011532
編集	7	0.011532
菊月	6	0.009885
海軍	6	0.009885
1926	5	0.008237
艦長	5	0.008237
作戦	5	0.008237
睦月	4	0.006590
型	4	0.006590
20	4	0.006590
三	4	0.006590
25	4	0.006590
名	4	0.006590
1937	4	0.006590
攻略	4	0.006590
10	4	0.006590
歴	3	0.004942
部	3	0.004942
号	3	0.004942
1942	3	0.004942
トン	3	0.004942
基	3	0.004942
式	3	0.004942
昭和	3	0.004942
中佐	3	0.004942
-[	3	0.004942
.^	3	0.004942
史	3	0.004942
巻	3	0.004942
建造	2	0.003295
舞鶴	2	0.003295
工作	2	0.003295
竣工	2	0.003295
十	2	0.003295
一	2	0.003295
除籍	2	0.003295
計画	2	0.003295
16	2	0.003295
本式	2	0.003295
500	2	0.003295
ノット	2	0.003295
14	2	0.003295
装	2	0.003295
cm	2	0.003295
門	2	0.003295
魚雷	2	0.003295
爆雷	2	0.003295
歴代	2	0.003295
艤装	2	0.003295
員	2	0.003295
長	2	0.003295
脚注	2	0.003295
参考	2	0.003295
文献	2	0.003295
大正	2	0.003295
所属	2	0.003295
1928	2	0.003295
中	2	0.003295
支	2	0.003295
方面	2	0.003295
参加	2	0.003295
航空	2	0.003295
23	2	0.003295
ツラギ	2	0.003295
斎藤	2	0.003295
二	2	0.003295
朗	2	0.003295
森	2	0.003295
1936	2	0.003295
人事	2	0.003295
手帳	2	0.003295
同上	2	0.003295
軍艦	2	0.003295
光人	2	0.003295
社	2	0.003295
ISBN	2	0.003295
造船	2	0.003295
88	2	0.003295
出典	1	0.001647
フリー	1	0.001647
百科	1	0.001647
事典	1	0.001647
ウィキペディア	1	0.001647
Wikipedia	1	0.001647
移動	1	0.001647
ナビゲーション	1	0.001647
検索	1	0.001647
所	1	0.001647
起工	1	0.001647
1925	1	0.001647
進水	1	0.001647
喪失	1	0.001647
要目	1	0.001647
排水	1	0.001647
量	1	0.001647
基準	1	0.001647
315	1	0.001647
常備	1	0.001647
445	1	0.001647
全長	1	0.001647
102	1	0.001647
72	1	0.001647
吃水	1	0.001647
92	1	0.001647
機関	1	0.001647
ロ	1	0.001647
缶	1	0.001647
タービン	1	0.001647
軸	1	0.001647
38	1	0.001647
馬力	1	0.001647
速力	1	0.001647
37	1	0.001647
航続	1	0.001647
距離	1	0.001647
海里	1	0.001647
燃料	1	0.001647
重油	1	0.001647
450	1	0.001647
乗員	1	0.001647
154	1	0.001647
兵	1	0.001647
45	1	0.001647
口径	1	0.001647
砲	1	0.001647
留	1	0.001647
mm	1	0.001647
機銃	1	0.001647
挺	1	0.001647
61	1	0.001647
連装	1	0.001647
発射	1	0.001647
管	1	0.001647
八	1	0.001647
本	1	0.001647
投射	1	0.001647
器	1	0.001647
個	1	0.001647
きく	1	0.001647
番	1	0.001647
旧暦	1	0.001647
こと	1	0.001647
初代	1	0.001647
神風	1	0.001647
代目	1	0.001647
目次	1	0.001647
表示	1	0.001647
1923	1	0.001647
度	1	0.001647
佐世保	1	0.001647
鎮守	1	0.001647
府	1	0.001647
当初	1	0.001647
一等	1	0.001647
類別	1	0.001647
改名	1	0.001647
戦争	1	0.001647
南	1	0.001647
進出	1	0.001647
仏	1	0.001647
印	1	0.001647
進駐	1	0.001647
太平洋戦争	1	0.001647
開戦	1	0.001647
時	1	0.001647
艦隊	1	0.001647
戦隊	1	0.001647
隊	1	0.001647
緒戦	1	0.001647
グアム	1	0.001647
島	1	0.001647
船団	1	0.001647
護衛	1	0.001647
従事	1	0.001647
その後	1	0.001647
ラバウル	1	0.001647
ラエ	1	0.001647
サラモア	1	0.001647
アドミラルティ	1	0.001647
支援	1	0.001647
アメリカ	1	0.001647
空母	1	0.001647
機	1	0.001647
攻撃	1	0.001647
損傷	1	0.001647
海岸	1	0.001647
擱座	1	0.001647
爆撃	1	0.001647
沈没	1	0.001647
同年	1	0.001647
小林	1	0.001647
徹	1	0.001647
理	1	0.001647
江口	1	0.001647
松郎	1	0.001647
1929	1	0.001647
30	1	0.001647
佐藤	1	0.001647
俊美	1	0.001647
1930	1	0.001647
島崎	1	0.001647
利雄	1	0.001647
1933	1	0.001647
.（	1	0.001647
兼	1	0.001647
小西	1	0.001647
要人	1	0.001647
1934	1	0.001647
寛	1	0.001647
1935	1	0.001647
七	1	0.001647
字	1	0.001647
恒雄	1	0.001647
勢	1	0.001647
経雄	1	0.001647
大前	1	0.001647
敏一	1	0.001647
山田	1	0.001647
鉄夫	1	0.001647
有馬	1	0.001647
時吉	1	0.001647
29	1	0.001647
13	1	0.001647
金田	1	0.001647
清之	1	0.001647
1938	1	0.001647
浜中	1	0.001647
脩一	1	0.001647
1939	1	0.001647
作間	1	0.001647
英	1	0.001647
邇	1	0.001647
1940	1	0.001647
幸吉	1	0.001647
1941	1	0.001647
大破	1	0.001647
放棄	1	0.001647
1943	1	0.001647
米	1	0.001647
軍	1	0.001647
撮影	1	0.001647
歴史	1	0.001647
保存	1	0.001647
会	1	0.001647
第一法規出版	1	0.001647
1995	1	0.001647
雑誌	1	0.001647
丸	1	0.001647
写真	1	0.001647
1990	1	0.001647
7698	1	0.001647
0460	1	0.001647
学会	1	0.001647
原	1	0.001647
書房	1	0.001647
1981	1	0.001647
刷	1	0.001647
562	1	0.001647
00302	1	0.001647
外山	1	0.001647
操	1	0.001647
たち	1	0.001647
2005	1	0.001647
表	1	0.001647
話	1	0.001647
・	1	0.001647
編	1	0.001647
如月	1	0.001647
弥生	1	0.001647
卯月	1	0.001647
皐月	1	0.001647
水無月	1	0.001647
文月	1	0.001647
長月	1	0.001647
日月	1	0.001647
望月	1	0.001647
夕	1	0.001647
大日本帝国	1	0.001647
艦艇	1	0.001647
一覧	1	0.001647
http	1	0.001647
://	1	0.001647
ja	1	0.001647
wikipedia	1	0.001647
org	1	0.001647
wiki	1	0.001647
/%	1	0.001647
_(%	1	0.001647
86	1	0.001647
80	1	0.001647
90	1	0.001647
89	1	0.001647
)」	1	0.001647
作成	1	0.001647
カテゴリ	1	0.001647
