駅	33	0.059353
年	13	0.023381
九州	11	0.019784
戸畑	9	0.016187
日	9	0.016187
北九州	8	0.014388
編集	8	0.014388
大前	7	0.012590
鹿児島本線	7	0.012590
方面	7	0.012590
鉄道	7	0.012590
工	6	0.010791
月	6	0.010791
九州旅客鉄道	5	0.008993
門司	5	0.008993
地上	5	0.008993
線	5	0.008993
貨	5	0.008993
場	5	0.008993
市	4	0.007194
港	4	0.007194
駅舎	4	0.007194
設置	4	0.007194
日本	4	0.007194
（>>	4	0.007194
西小倉	3	0.005396
km	3	0.005396
区	3	0.005396
中原西	3	0.005396
JR	3	0.005396
構造	3	0.005396
乗車	3	0.005396
人員	3	0.005396
年度	3	0.005396
073	3	0.005396
人	3	0.005396
2006	3	0.005396
昭和	3	0.005396
業務	3	0.005396
表示	3	0.005396
利用	3	0.005396
のり	3	0.005396
博多	3	0.005396
エレベーター	3	0.005396
貨物	3	0.005396
信号	3	0.005396
千早	3	0.005396
一	2	0.003597
丁目	2	0.003597
所属	2	0.003597
橋上	2	0.003597
ホーム	2	0.003597
面	2	0.003597
1970	2	0.003597
45	2	0.003597
委託	2	0.003597
みどり	2	0.003597
窓口	2	0.003597
1990	2	0.003597
新中原	2	0.003597
改称	2	0.003597
表	2	0.003597
駅前	2	0.003597
広場	2	0.003597
状況	2	0.003597
周辺	2	0.003597
歴史	2	0.003597
隣	2	0.003597
関連	2	0.003597
項目	2	0.003597
外部	2	0.003597
リンク	2	0.003597
番	2	0.003597
ば	2	0.003597
列車	2	0.003597
折尾	2	0.003597
大牟田	2	0.003597
福	2	0.003597
小倉	2	0.003597
下関	2	0.003597
2009	2	0.003597
平均	2	0.003597
センター	2	0.003597
店	2	0.003597
南	2	0.003597
国有	2	0.003597
平成	2	0.003597
快速	2	0.003597
荒尾	2	0.003597
ターミナル	2	0.003597
工大	2	0.003597
香椎	2	0.003597
操車	2	0.003597
鳥栖	2	0.003597
出典	1	0.001799
フリー	1	0.001799
百科	1	0.001799
事典	1	0.001799
ウィキペディア	1	0.001799
Wikipedia	1	0.001799
移動	1	0.001799
ナビゲーション	1	0.001799
検索	1	0.001799
入口	1	0.001799
ゅうしゅうこうだいまえ	1	0.001799
Ky	1	0.001799
sh	1	0.001799
daimae	1	0.001799
)(	1	0.001799
12	1	0.001799
18	1	0.001799
事業	1	0.001799
者	1	0.001799
路線	1	0.001799
キロ	1	0.001799
15	1	0.001799
起点	1	0.001799
電報	1	0.001799
略号	1	0.001799
コマ	1	0.001799
統計	1	0.001799
降車	1	0.001799
客	1	0.001799
開業	1	0.001799
年月日	1	0.001799
備考	1	0.001799
市内	1	0.001799
テンプレート	1	0.001799
仕方	1	0.001799
Template	1	0.001799
情報	1	0.001799
ごらん	1	0.001799
きゅう	1	0.001799
ゅうこうだいまええき	1	0.001799
福岡	1	0.001799
県	1	0.001799
目次	1	0.001799
島	1	0.001799
式	1	0.001799
上り	1	0.001799
発着	1	0.001799
北	1	0.001799
ゆたか	1	0.001799
直通	1	0.001799
直方	1	0.001799
交通	1	0.001799
企画	1	0.001799
構内	1	0.001799
高架	1	0.001799
矛盾	1	0.001799
設備	1	0.001799
その後	1	0.001799
10	1	0.001799
ため	1	0.001799
前年度	1	0.001799
比	1	0.001799
61	1	0.001799
推移	1	0.001799
人数	1	0.001799
2000	1	0.001799
350	1	0.001799
2001	1	0.001799
316	1	0.001799
2002	1	0.001799
080	1	0.001799
2003	1	0.001799
030	1	0.001799
2004	1	0.001799
924	1	0.001799
2005	1	0.001799
012	1	0.001799
北側	1	0.001799
ゼンリン	1	0.001799
テクノ	1	0.001799
高速	1	0.001799
号線	1	0.001799
出入口	1	0.001799
生活	1	0.001799
科学	1	0.001799
新日本製鐵	1	0.001799
八幡製鐵所	1	0.001799
南側	1	0.001799
国道	1	0.001799
199	1	0.001799
号	1	0.001799
ローソン	1	0.001799
西	1	0.001799
100	1	0.001799
スーパーマーケット	1	0.001799
スピナ	1	0.001799
200	1	0.001799
国立	1	0.001799
大学	1	0.001799
法人	1	0.001799
九州工業大学	1	0.001799
工学部	1	0.001799
500	1	0.001799
市立	1	0.001799
中原	1	0.001799
小学校	1	0.001799
専門	1	0.001799
学校	1	0.001799
麻生	1	0.001799
医療	1	0.001799
福祉	1	0.001799
観光	1	0.001799
カレッジ	1	0.001799
しん	1	0.001799
なかば	1	0.001799
開設	1	0.001799
1987	1	0.001799
62	1	0.001799
-　	1	0.001799
国鉄	1	0.001799
分割	1	0.001799
民営	1	0.001799
化	1	0.001799
継承	1	0.001799
11	1	0.001799
駅名	1	0.001799
21	1	0.001799
IC	1	0.001799
カード	1	0.001799
SUGOCA	1	0.001799
開始	1	0.001799
鹿児島	1	0.001799
本線	1	0.001799
通過	1	0.001799
普通	1	0.001799
一覧	1	0.001799
小森江	1	0.001799
<<）	1	0.001799
東小倉	1	0.001799
紫川	1	0.001799
大分	1	0.001799
浜小倉	1	0.001799
枝光	1	0.001799
スペース	1	0.001799
ワールド	1	0.001799
八幡	1	0.001799
黒崎	1	0.001799
東折尾	1	0.001799
陣原	1	0.001799
飯塚	1	0.001799
水巻	1	0.001799
遠賀川	1	0.001799
海老津	1	0.001799
教育	1	0.001799
赤間	1	0.001799
東郷	1	0.001799
東福間	1	0.001799
福間	1	0.001799
千鳥	1	0.001799
古賀	1	0.001799
新宮	1	0.001799
中央	1	0.001799
九	1	0.001799
産	1	0.001799
箱崎	1	0.001799
吉塚	1	0.001799
竹下	1	0.001799
笹原	1	0.001799
南福岡	1	0.001799
春日	1	0.001799
大野城	1	0.001799
水城	1	0.001799
太宰府	1	0.001799
都府楼南	1	0.001799
二	1	0.001799
天拝山	1	0.001799
原田	1	0.001799
けやき台	1	0.001799
基山	1	0.001799
弥生	1	0.001799
丘	1	0.001799
田代	1	0.001799
佐賀	1	0.001799
肥前旭	1	0.001799
久留米	1	0.001799
荒木	1	0.001799
西牟田	1	0.001799
羽犬塚	1	0.001799
船	1	0.001799
小屋	1	0.001799
瀬高	1	0.001799
南瀬	1	0.001799
高	1	0.001799
渡瀬	1	0.001799
吉野	1	0.001799
銀	1	0.001799
水	1	0.001799
熊本	1	0.001799
臨港	1	0.001799
福岡貨物ターミナル	1	0.001799
http	1	0.001799
://	1	0.001799
ja	1	0.001799
wikipedia	1	0.001799
org	1	0.001799
wiki	1	0.001799
/%	1	0.001799
89	1	0.001799
85	1	0.001799
作成	1	0.001799
カテゴリ	1	0.001799
