250	24	0.046422
ST	23	0.044487
mm	12	0.023211
Etype	9	0.017408
スズキ	8	0.015474
年	8	0.015474
エンジン	5	0.009671
化	5	0.009671
始動	5	0.009671
販売	4	0.007737
オートバイ	4	0.007737
発売	4	0.007737
ボルティー	4	0.007737
モデル	4	0.007737
カスタマイズ	4	0.007737
編集	4	0.007737
装備	4	0.007737
kg	4	0.007737
キック	4	0.007737
月	3	0.005803
バルブ	3	0.005803
前後	3	0.005803
フェンダー	3	0.005803
価格	3	0.005803
2004	3	0.005803
)/	3	0.005803
km	3	0.005803
高	3	0.005803
18	3	0.005803
90	3	0.005803
ため	3	0.005803
セル	3	0.005803
式	3	0.005803
台	3	0.005803
後	3	0.005803
限定	3	0.005803
82	3	0.005803
こと	2	0.003868
2008	2	0.003868
上	2	0.003868
後継	2	0.003868
車種	2	0.003868
2003	2	0.003868
37	2	0.003868
回	2	0.003868
東京モーターショー	2	0.003868
出品	2	0.003868
系	2	0.003868
スタンダード	2	0.003868
シンプル	2	0.003868
的	2	0.003868
バイク	2	0.003868
共通	2	0.003868
外部	2	0.003868
リンク	2	0.003868
12	2	0.003868
日	2	0.003868
全国	2	0.003868
気筒	2	0.003868
搭載	2	0.003868
シリンダー	2	0.003868
メッキ	2	0.003868
小売	2	0.003868
希望	2	0.003868
非常	2	0.003868
個	2	0.003868
変更	2	0.003868
ボルティ	2	0.003868
次	2	0.003868
比	2	0.003868
Nm	2	0.003868
kgm	2	0.003868
6000	2	0.003868
rpm	2	0.003868
55	2	0.003868
770	2	0.003868
750	2	0.003868
シート	2	0.003868
重量	2	0.003868
°	2	0.003868
25	2	0.003868
61	2	0.003868
タイプ	2	0.003868
自動車	2	0.003868
排出	2	0.003868
ガス	2	0.003868
規制	2	0.003868
対応	2	0.003868
マフラー	2	0.003868
万	2	0.003868
円	2	0.003868
大幅	2	0.003868
デザインスタディモデル	2	0.003868
出典	1	0.001934
フリー	1	0.001934
百科	1	0.001934
事典	1	0.001934
ウィキペディア	1	0.001934
Wikipedia	1	0.001934
移動	1	0.001934
ナビゲーション	1	0.001934
検索	1	0.001934
エスティー	1	0.001934
ひゃく	1	0.001934
じゅう	1	0.001934
製造	1	0.001934
現在	1	0.001934
以前	1	0.001934
事実	1	0.001934
世界	1	0.001934
ストリート	1	0.001934
フォルム	1	0.001934
特徴	1	0.001934
グラストラッカー	1	0.001934
ビッグ	1	0.001934
ボーイ	1	0.001934
目次	1	0.001934
表示	1	0.001934
空冷	1	0.001934
ベース	1	0.001934
新規	1	0.001934
設計	1	0.001934
サイクル	1	0.001934
SOHC	1	0.001934
249	1	0.001934
cc	1	0.001934
最高	1	0.001934
出力	1	0.001934
20	1	0.001934
ps	1	0.001934
高速	1	0.001934
SCEM	1	0.001934
採用	1	0.001934
耐	1	0.001934
摩耗	1	0.001934
性	1	0.001934
熱	1	0.001934
伝導	1	0.001934
率	1	0.001934
冷却	1	0.001934
効率	1	0.001934
実現	1	0.001934
現行	1	0.001934
ストローク	1	0.001934
シングルディスクブレーキ	1	0.001934
スポーク	1	0.001934
ホイール	1	0.001934
ツイン	1	0.001934
ショック	1	0.001934
樹脂	1	0.001934
車載	1	0.001934
工具	1	0.001934
オプション	1	0.001934
扱い	1	0.001934
簡素	1	0.001934
¥	1	0.001934
366	1	0.001934
450	1	0.001934
結果	1	0.001934
意味	1	0.001934
手頃	1	0.001934
機種	1	0.001934
部品	1	0.001934
並	1	0.001934
売	1	0.001934
の	1	0.001934
排気	1	0.001934
口	1	0.001934
スペック	1	0.001934
違い	1	0.001934
圧縮	1	0.001934
最大	1	0.001934
トルク	1	0.001934
21	1	0.001934
22	1	0.001934
燃費	1	0.001934
54	1	0.001934
前期	1	0.001934
型	1	0.001934
57	1	0.001934
)→	1	0.001934
全長	1	0.001934
005	1	0.001934
070	1	0.001934
全幅	1	0.001934
軸	1	0.001934
距離	1	0.001934
325	1	0.001934
375	1	0.001934
最低	1	0.001934
地上	1	0.001934
160	1	0.001934
165	1	0.001934
乾燥	1	0.001934
125	1	0.001934
129	1	0.001934
127	1	0.001934
減速	1	0.001934
733	1	0.001934
866	1	0.001934
キャスター	1	0.001934
28	1	0.001934
トレール	1	0.001934
107	1	0.001934
92	1	0.001934
フロント	1	0.001934
タイヤ	1	0.001934
00	1	0.001934
47	1	0.001934
51	1	0.001934
リヤタイヤ	1	0.001934
120	1	0.001934
80	1	0.001934
17	1	0.001934
110	1	0.001934
ハザード	1	0.001934
スイッチ	1	0.001934
パッシングライト・スイッチ	1	0.001934
消滅	1	0.001934
2007	1	0.001934
統合	1	0.001934
生産	1	0.001934
終了	1	0.001934
15	1	0.001934
スターター	1	0.001934
マニュアルデコンプ	1	0.001934
ヘッドライト	1	0.001934
メーター	1	0.001934
カバー	1	0.001934
高級	1	0.001934
感	1	0.001934
加工	1	0.001934
ガソリン	1	0.001934
タンク	1	0.001934
グラデーション	1	0.001934
塗装	1	0.001934
基本	1	0.001934
性能	1	0.001934
元	1	0.001934
増	1	0.001934
併用	1	0.001934
為	1	0.001934
点火	1	0.001934
方式	1	0.001934
フル	1	0.001934
トランジスタ	1	0.001934
CDI	1	0.001934
強	1	0.001934
マイナー	1	0.001934
チェンジ	1	0.001934
フューエルインジェクション	1	0.001934
触媒	1	0.001934
廃止	1	0.001934
質感	1	0.001934
向上	1	0.001934
定価	1	0.001934
税込み	1	0.001934
45	1	0.001934
程度	1	0.001934
上昇	1	0.001934
参考	1	0.001934
DESIGN	1	0.001934
STUDY	1	0.001934
MODEL	1	0.001934
（株）	1	0.001934
二	1	0.001934
輪	1	0.001934
セパレート	1	0.001934
ハンドル	1	0.001934
バック	1	0.001934
ステップ	1	0.001934
フロントカウル	1	0.001934
シングル	1	0.001934
アルミ	1	0.001934
レーサー	1	0.001934
イメージ	1	0.001934
100	1	0.001934
レッグシールド	1	0.001934
大型	1	0.001934
ノスタルジック	1	0.001934
雰囲気	1	0.001934
往年	1	0.001934
SW	1	0.001934
200	1	0.001934
関連	1	0.001934
項目	1	0.001934
記事	1	0.001934
加筆	1	0.001934
訂正	1	0.001934
協力	1	0.001934
者	1	0.001934
PJ	1	0.001934
http	1	0.001934
://	1	0.001934
ja	1	0.001934
wikipedia	1	0.001934
org	1	0.001934
wiki	1	0.001934
/%	1	0.001934
BA	1	0.001934
AD	1	0.001934
83	1	0.001934
BBST	1	0.001934
作成	1	0.001934
カテゴリ	1	0.001934
