年	18	0.043373
2003	14	0.033735
アルバム	12	0.028916
セリーヌ・ディオン	8	0.019277
収録	8	0.019277
ワン	7	0.016867
ハート	7	0.016867
月	6	0.014458
83	6	0.014458
日	5	0.012048
Bagge	5	0.012048
ア・ニュー・デイ・ハズ・カム	5	0.012048
リリース	4	0.009639
24	4	0.009639
Astrom	4	0.009639
Martin	4	0.009639
Rami	4	0.009639
人	4	0.009639
枚	4	0.009639
目	4	0.009639
ディオン	4	0.009639
アイ・ドローヴ・オール・ナイト	4	0.009639
曲	4	0.009639
アメリカ	4	0.009639
ハヴ・ユー・エヴァー・ビーン・イン・ラヴ	4	0.009639
プロデュース	3	0.007229
DioGuardi	3	0.007229
編集	3	0.007229
シングル	3	0.007229
前作	3	0.007229
11	3	0.007229
出典	2	0.004819
One	2	0.004819
Heart	2	0.004819
2002	2	0.004819
時間	2	0.004819
54	2	0.004819
エピック	2	0.004819
Birgisson	2	0.004819
Lundin	2	0.004819
Roche	2	0.004819
Shanks	2	0.004819
Taylor	2	0.004819
Wake	2	0.004819
女	2	0.004819
男	2	0.004819
一つ	2	0.004819
29	2	0.004819
10	2	0.004819
発売	2	0.004819
コンサート	2	0.004819
New	2	0.004819
Day	2	0.004819
バージョン	2	0.004819
スタンド・バイ・ユア・サイド	2	0.004819
フェイス	2	0.004819
リヴィール	2	0.004819
作曲	2	0.004819
ソーリー・フォー・ラヴ	2	0.004819
ヴァージョン	2	0.004819
クダ・ウダ・シュダ	2	0.004819
DVD	2	0.004819
ジュ・テーム・アンコール	2	0.004819
アイ・ノウ・ホワット・ラヴ・イズ	2	0.004819
レコード	2	0.004819
ラヴ・イズ・オール・ウィー・ニード	2	0.004819
27	2	0.004819
フリー	1	0.002410
百科	1	0.002410
事典	1	0.002410
ウィキペディア	1	0.002410
Wikipedia	1	0.002410
移動	1	0.002410
ナビゲーション	1	0.002410
検索	1	0.002410
スタジオ	1	0.002410
25	1	0.002410
26	1	0.002410
31	1	0.002410
録音	1	0.002410
ジャンル	1	0.002410
ポップ	1	0.002410
22	1	0.002410
レーベル	1	0.002410
コロムビア	1	0.002410
Peer	1	0.002410
Anders	1	0.002410
Erick	1	0.002410
Benzi	1	0.002410
Arnthor	1	0.002410
Kara	1	0.002410
Humberto	1	0.002410
Gatica	1	0.002410
Richie	1	0.002410
Jones	1	0.002410
Kristian	1	0.002410
Vito	1	0.002410
Luprano	1	0.002410
Max	1	0.002410
Guy	1	0.002410
John	1	0.002410
Mark	1	0.002410
Ric	1	0.002410
専門	1	0.002410
評論	1	0.002410
家	1	0.002410
レビュー	1	0.002410
Allmusic	1	0.002410
link	1	0.002410
年表	1	0.002410
原題	1	0.002410
心	1	0.002410
通算	1	0.002410
英語	1	0.002410
盤	1	0.002410
概要	1	0.002410
ラスベガス	1	0.002410
シーザーズ・パレス	1	0.002410
改装	1	0.002410
...」	1	0.002410
開演	1	0.002410
リード	1	0.002410
トラック	1	0.002410
1989	1	0.002410
シンディ	1	0.002410
ローパー	1	0.002410
カバー	1	0.002410
1992	1	0.002410
ロイ・オービソン	1	0.002410
放送	1	0.002410
一部	1	0.002410
国	1	0.002410
音源	1	0.002410
以外	1	0.002410
末	1	0.002410
カナダ	1	0.002410
ラジオ	1	0.002410
ブリトニー・スピアーズ	1	0.002410
トキシック	1	0.002410
カイリー・ミノーグ	1	0.002410
キャント・ゲット・ユー・アウト・オブ・マイ・ヘッド	1	0.002410
キャシー	1	0.002410
デニス	1	0.002410
ダンス	1	0.002410
限定	1	0.002410
版	1	0.002410
ボーナス	1	0.002410
Audio	1	0.002410
フランス語	1	0.002410
レコーディング	1	0.002410
次	1	0.002410
用	1	0.002410
ピア・アストロム	1	0.002410
時	1	0.002410
理由	1	0.002410
会社	1	0.002410
適当	1	0.002410
判断	1	0.002410
ため	1	0.002410
蔵	1	0.002410
入り	1	0.002410
リック	1	0.002410
ウェイク	1	0.002410
実現	1	0.002410
2004	1	0.002410
ダイムラークライスラー	1	0.002410
キャンペーン	1	0.002410
ソング	1	0.002410
使用	1	0.002410
アメリカン	1	0.002410
ミュージック	1	0.002410
アワード	1	0.002410
Favorite	1	0.002410
Artist	1	0.002410
in	1	0.002410
the	1	0.002410
Adult	1	0.002410
Contemporary	1	0.002410
部門	1	0.002410
優勝	1	0.002410
...』	1	0.002410
構成	1	0.002410
後	1	0.002410
CD	1	0.002410
ア・ニュー・デイ・・・ライヴ・イン・ラス・ヴェガス	1	0.002410
曲名	1	0.002410
作詞	1	0.002410
Steinberg	1	0.002410
Kelly	1	0.002410
00	1	0.002410
50	1	0.002410
43	1	0.002410
イン・ヒズ・タッチ	1	0.002410
Berry	1	0.002410
33	1	0.002410
ネイキッド	1	0.002410
Verges	1	0.002410
40	1	0.002410
Nichols	1	0.002410
Hall	1	0.002410
08	1	0.002410
Dennis	1	0.002410
Wells	1	0.002410
Carlsson	1	0.002410
12	1	0.002410
フォーゲット・ミー・ノット	1	0.002410
Peiken	1	0.002410
07	1	0.002410
13	1	0.002410
Roman	1	0.002410
14	1	0.002410
Goldman	1	0.002410
Kapler	1	0.002410
公式	1	0.002410
ウェブサイト	1	0.002410
チャート	1	0.002410
ヒストリー	1	0.002410
表	1	0.002410
話	1	0.002410
・	1	0.002410
編	1	0.002410
映像	1	0.002410
作品	1	0.002410
ツアー	1	0.002410
賞	1	0.002410
http	1	0.002410
://	1	0.002410
ja	1	0.002410
wikipedia	1	0.002410
org	1	0.002410
wiki	1	0.002410
/%	1	0.002410
AF	1	0.002410
BB	1	0.002410
BC	1	0.002410
88	1	0.002410
作成	1	0.002410
カテゴリ	1	0.002410
コロムビア・レコード	1	0.002410
