駅	83	0.059669
線	65	0.046729
年	61	0.043853
天理	42	0.030194
法隆寺	29	0.020848
月	25	0.017973
日	22	0.015816
平端	20	0.014378
列車	20	0.014378
間	17	0.012221
路線	16	0.011503
近鉄	14	0.010065
急行	14	0.010065
直通	12	0.008627
奈良	11	0.007908
大阪	11	0.007908
京都	11	0.007908
昭和	11	0.007908
普通	10	0.007189
日本	10	0.007189
編集	10	0.007189
表示	8	0.005751
廃止	8	0.005751
区間	8	0.005751
橿原線	8	0.005751
運転	8	0.005751
二階堂	7	0.005032
mm	7	0.005032
近畿	7	0.005032
大和	7	0.005032
近畿日本鉄道	7	0.005032
車両	7	0.005032
難波	7	0.005032
準急	7	0.005032
軽便鉄道	7	0.005032
軌	6	0.004313
橿原	6	0.004313
鉄道	6	0.004313
カード	6	0.004313
使用	6	0.004313
運行	6	0.004313
特急	6	0.004313
系	6	0.004313
両	6	0.004313
10	6	0.004313
開始	6	0.004313
平成	6	0.004313
安堵	5	0.003595
電化	5	0.003595
内	5	0.003595
本	5	0.003595
時	5	0.003595
編成	5	0.003595
買収	5	0.003595
各駅	5	0.003595
快速	5	0.003595
著者	5	0.003595
編者	5	0.003595
出版	5	0.003595
発行	5	0.003595
軌間	4	0.002876
県	4	0.002876
市	4	0.002876
スルー	4	0.002876
折り返し	4	0.002876
西大寺	4	0.002876
天理教	4	0.002876
臨時	4	0.002876
こと	4	0.002876
存在	4	0.002876
開業	4	0.002876
電気	4	0.002876
休止	4	0.002876
大正	4	0.002876
改称	4	0.002876
取り扱い	4	0.002876
機	4	0.002876
ソ	4	0.002876
ラリー	4	0.002876
ISBN	4	0.002876
km	3	0.002157
1500	3	0.002157
停車	3	0.002157
接続	3	0.002157
額	3	0.002157
田部	3	0.002157
前栽	3	0.002157
対応	3	0.002157
形態	3	0.002157
一覧	3	0.002157
関連	3	0.002157
営業	3	0.002157
キロ	3	0.002157
複線	3	0.002157
全線	3	0.002157
大和西大寺	3	0.002157
名古屋	3	0.002157
参照	3	0.002157
地下鉄	3	0.002157
762	3	0.002157
軌道	3	0.002157
関西	3	0.002157
標準軌	3	0.002157
11	3	0.002157
20	3	0.002157
21	3	0.002157
12	3	0.002157
システム	3	0.002157
号	3	0.002157
走行	2	0.001438
1435	2	0.001438
電圧	2	0.001438
直流	2	0.001438
1932	2	0.001438
関西本線	2	0.001438
1964	2	0.001438
万	2	0.001438
葉	2	0.001438
ほろ	2	0.001438
ば	2	0.001438
大和郡山	2	0.001438
スルッ	2	0.001438
KANSAI	2	0.001438
PiTaPa	2	0.001438
ICOCA	2	0.001438
データ	2	0.001438
歴史	2	0.001438
その他	2	0.001438
脚注	2	0.001438
参考	2	0.001438
文献	2	0.001438
項目	2	0.001438
数	2	0.001438
閉塞	2	0.001438
自動	2	0.001438
式	2	0.001438
ほか	2	0.001438
行き	2	0.001438
祭礼	2	0.001438
際	2	0.001438
上	2	0.001438
本町	2	0.001438
設定	2	0.001438
終夜	2	0.001438
30	2	0.001438
連絡	2	0.001438
時刻	2	0.001438
ため	2	0.001438
烏丸線	2	0.001438
一部	2	0.001438
ダイヤ	2	0.001438
もの	2	0.001438
1915	2	0.001438
方面	2	0.001438
1921	2	0.001438
畝傍	2	0.001438
後	2	0.001438
乗客	2	0.001438
利用	2	0.001438
桜井	2	0.001438
本線	2	0.001438
話	2	0.001438
1922	2	0.001438
改	2	0.001438
1945	2	0.001438
動力	2	0.001438
1928	2	0.001438
関	2	0.001438
19	2	0.001438
1952	2	0.001438
27	2	0.001438
ホーム	2	0.001438
1988	2	0.001438
63	2	0.001438
化	2	0.001438
稼働	2	0.001438
2001	2	0.001438
13	2	0.001438
2009	2	0.001438
終了	2	0.001438
祭事	2	0.001438
駅名	2	0.001438
.^	2	0.001438
別	2	0.001438
方向	2	0.001438
幕	2	0.001438
案内	2	0.001438
消滅	2	0.001438
停車駅	2	0.001438
上り	2	0.001438
2008	2	0.001438
カラー	2	0.001438
ブックス	2	0.001438
私鉄	2	0.001438
河	2	0.001438
久	2	0.001438
保育	2	0.001438
社	2	0.001438
1998	2	0.001438
表	2	0.001438
同左	2	0.001438
志摩線	2	0.001438
通称	2	0.001438
狭軌	2	0.001438
南大阪線	2	0.001438
内部	2	0.001438
八王子	2	0.001438
阪神	2	0.001438
印	2	0.001438
線区	2	0.001438
出典	1	0.000719
フリー	1	0.000719
百科	1	0.000719
事典	1	0.000719
ウィキペディア	1	0.000719
Wikipedia	1	0.000719
移動	1	0.000719
ナビゲーション	1	0.000719
検索	1	0.000719
付近	1	0.000719
行	1	0.000719
延長	1	0.000719
場	1	0.000719
施設	1	0.000719
凡例	1	0.000719
富雄川	1	0.000719
桜井線	1	0.000719
てん	1	0.000719
せん	1	0.000719
目次	1	0.000719
距離	1	0.000719
起	1	0.000719
終点	1	0.000719
方式	1	0.000719
輸送	1	0.000719
統括	1	0.000719
部	1	0.000719
上本	1	0.000719
町	1	0.000719
局	1	0.000719
管轄	1	0.000719
平日	1	0.000719
昼間	1	0.000719
合計	1	0.000719
土	1	0.000719
休日	1	0.000719
時間	1	0.000719
帯	1	0.000719
場合	1	0.000719
団体	1	0.000719
専用	1	0.000719
18200	1	0.000719
電車	1	0.000719
1972	1	0.000719
1970	1	0.000719
以降	1	0.000719
定期	1	0.000719
大晦日	1	0.000719
元旦	1	0.000719
ここ	1	0.000719
最近	1	0.000719
分	1	0.000719
間隔	1	0.000719
公式	1	0.000719
ホームページ	1	0.000719
紹介	1	0.000719
詳細	1	0.000719
検車	1	0.000719
区	1	0.000719
市営	1	0.000719
3200	1	0.000719
3220	1	0.000719
単独	1	0.000719
大半	1	0.000719
早朝	1	0.000719
深夜	1	0.000719
系統	1	0.000719
唯一	1	0.000719
往復	1	0.000719
割合	1	0.000719
増加	1	0.000719
自体	1	0.000719
発着	1	0.000719
回送	1	0.000719
の	1	0.000719
国鉄	1	0.000719
近く	1	0.000719
同線	1	0.000719
新	1	0.000719
免許	1	0.000719
交付	1	0.000719
条件	1	0.000719
者	1	0.000719
1920	1	0.000719
政府	1	0.000719
補助	1	0.000719
金	1	0.000719
打ち切り	1	0.000719
自ら	1	0.000719
要請	1	0.000719
軌畝	1	0.000719
傍線	1	0.000719
開通	1	0.000719
よう	1	0.000719
最後	1	0.000719
まま	1	0.000719
のち	1	0.000719
蒸気	1	0.000719
1916	1	0.000719
現在	1	0.000719
1927	1	0.000719
1929	1	0.000719
頃	1	0.000719
ガソリン	1	0.000719
併用	1	0.000719
認可	1	0.000719
短縮	1	0.000719
小型	1	0.000719
ガソリンカー	1	0.000719
導入	1	0.000719
1941	1	0.000719
16	1	0.000719
15	1	0.000719
1944	1	0.000719
中	1	0.000719
1968	1	0.000719
43	1	0.000719
ATS	1	0.000719
1969	1	0.000719
44	1	0.000719
架線	1	0.000719
600	1	0.000719
昇圧	1	0.000719
1973	1	0.000719
48	1	0.000719
建築	1	0.000719
限界	1	0.000719
拡大	1	0.000719
工事	1	0.000719
竣工	1	0.000719
これ	1	0.000719
分離	1	0.000719
1992	1	0.000719
管理	1	0.000719
KOSMOS	1	0.000719
2000	1	0.000719
乗降	1	0.000719
確認	1	0.000719
フェア	1	0.000719
14	1	0.000719
2007	1	0.000719
改札	1	0.000719
精算	1	0.000719
]。	1	0.000719
所在	1	0.000719
省略	1	0.000719
とも	1	0.000719
所在地	1	0.000719
[*	1	0.000719
上記	1	0.000719
西日本旅客鉄道	1	0.000719
とき	1	0.000719
1948	1	0.000719
種	1	0.000719
反転	1	0.000719
フラップ	1	0.000719
2006	1	0.000719
改正	1	0.000719
新種	1	0.000719
登場	1	0.000719
途中	1	0.000719
東生駒	1	0.000719
郡山	1	0.000719
行先	1	0.000719
更新	1	0.000719
すべて	1	0.000719
過去	1	0.000719
生駒	1	0.000719
学園前	1	0.000719
菖蒲池	1	0.000719
ヘルプ	1	0.000719
PDF	1	0.000719
沿線	1	0.000719
旅	1	0.000719
徳田	1	0.000719
耕一	1	0.000719
河出書房新社	1	0.000719
2005	1	0.000719
4309224393	1	0.000719
杉谷	1	0.000719
広	1	0.000719
規	1	0.000719
458650904	1	0.000719
山辺	1	0.000719
誠	1	0.000719
4586509058	1	0.000719
鉄道ピクトリアル	1	0.000719
03	1	0.000719
増刊	1	0.000719
特集	1	0.000719
車	1	0.000719
研究	1	0.000719
会	1	0.000719
今尾	1	0.000719
恵	1	0.000719
介	1	0.000719
旅行	1	0.000719
地図	1	0.000719
帳	1	0.000719
新潮社	1	0.000719
978	1	0.000719
790026	1	0.000719
史	1	0.000719
・	1	0.000719
編	1	0.000719
歴	1	0.000719
435	1	0.000719
信貴線	1	0.000719
湯の山線	1	0.000719
鈴鹿線	1	0.000719
山田線	1	0.000719
鳥羽線	1	0.000719
賢島	1	0.000719
難波線	1	0.000719
生駒線	1	0.000719
田原本線	1	0.000719
けい	1	0.000719
はん	1	0.000719
067	1	0.000719
道明寺線	1	0.000719
長野	1	0.000719
御所線	1	0.000719
吉野線	1	0.000719
特殊	1	0.000719
八王子線	1	0.000719
ケーブルカー	1	0.000719
生駒鋼索線	1	0.000719
西信貴鋼索線	1	0.000719
ロープ	1	0.000719
ウェイ	1	0.000719
葛城	1	0.000719
索道	1	0.000719
譲渡	1	0.000719
運営	1	0.000719
移管	1	0.000719
大浜	1	0.000719
支線	1	0.000719
小房	1	0.000719
伊勢線	1	0.000719
東	1	0.000719
信貴	1	0.000719
鋼索	1	0.000719
北勢線	1	0.000719
養老線	1	0.000719
伊賀線	1	0.000719
長谷	1	0.000719
山上	1	0.000719
相互	1	0.000719
中央	1	0.000719
なんば	1	0.000719
部分	1	0.000719
http	1	0.000719
://	1	0.000719
ja	1	0.000719
wikipedia	1	0.000719
org	1	0.000719
wiki	1	0.000719
/%	1	0.000719
BF	1	0.000719
91	1	0.000719
89	1	0.000719
84	1	0.000719
90	1	0.000719
86	1	0.000719
作成	1	0.000719
カテゴリ	1	0.000719
地方	1	0.000719
交通	1	0.000719
