年	15	0.052083
月	14	0.048611
日	14	0.048611
CIRCUS	8	0.027778
18	6	0.020833
81	6	0.020833
きち	5	0.017361
2002	5	0.017361
ん	4	0.013889
名義	4	0.013889
?（	4	0.013889
水	4	0.013889
夏	4	0.013889
禁	4	0.013889
原画	3	0.010417
編集	3	0.010417
なか	3	0.010417
コスモス	3	0.010417
29	3	0.010417
SUIKA	3	0.010417
ゅ	3	0.010417
2003	3	0.010417
25	3	0.010417
フリー	2	0.006944
たか	2	0.006944
日本	2	0.006944
家	2	0.006944
イラストレーター	2	0.006944
千葉	2	0.006944
県	2	0.006944
出身	2	0.006944
入社	2	0.006944
チーム	2	0.006944
参加	2	0.006944
活動	2	0.006944
Aries	2	0.006944
2000	2	0.006944
28	2	0.006944
2001	2	0.006944
君	2	0.006944
永遠	2	0.006944
age	2	0.006944
コム	2	0.006944
ちゃん	2	0.006944
Princess	2	0.006944
Soft	2	0.006944
キャラクター	2	0.006944
デザイン	2	0.006944
PULLTOP	2	0.006944
出典	1	0.003472
百科	1	0.003472
事典	1	0.003472
ウィキペディア	1	0.003472
Wikipedia	1	0.003472
移動	1	0.003472
ナビゲーション	1	0.003472
検索	1	0.003472
生田	1	0.003472
鷹	1	0.003472
呑	1	0.003472
漫画	1	0.003472
ケモノ	1	0.003472
絵師	1	0.003472
経歴	1	0.003472
野中	1	0.003472
竜	1	0.003472
希	1	0.003472
たつき	1	0.003472
角川書店	1	0.003472
発売	1	0.003472
雑誌	1	0.003472
コンプティーク	1	0.003472
数	1	0.003472
ヶ月	1	0.003472
間	1	0.003472
イラスト	1	0.003472
仕事	1	0.003472
後	1	0.003472
コンピューター	1	0.003472
直後	1	0.003472
ZIPS	1	0.003472
ジップス	1	0.003472
改名	1	0.003472
傘下	1	0.003472
ブランド	1	0.003472
ゲーム	1	0.003472
開発	1	0.003472
ー	1	0.003472
む	1	0.003472
担当	1	0.003472
その後	1	0.003472
RISE	1	0.003472
ごと	1	0.003472
独立	1	0.003472
所属	1	0.003472
他社	1	0.003472
現在	1	0.003472
同人	1	0.003472
たつ	1	0.003472
作品	1	0.003472
闇	1	0.003472
鍋	1	0.003472
明日	1	0.003472
挑戦	1	0.003472
状	1	0.003472
27	1	0.003472
ときめき	1	0.003472
!（	1	0.003472
WATER	1	0.003472
SUMMER	1	0.003472
PS	1	0.003472
DC	1	0.003472
屋	1	0.003472
!!（	1	0.003472
12	1	0.003472
20	1	0.003472
DVD	1	0.003472
specification	1	0.003472
年齢	1	0.003472
版	1	0.003472
ー・	1	0.003472
157	1	0.003472
章	1	0.003472
お願い	1	0.003472
星	1	0.003472
さま	1	0.003472
2004	1	0.003472
ひまわり	1	0.003472
チャペル	1	0.003472
きみ	1	0.003472
2007	1	0.003472
24	1	0.003472
Marron	1	0.003472
トラ	1	0.003472
イオン	1	0.003472
!(	1	0.003472
2008	1	0.003472
外部	1	0.003472
リンク	1	0.003472
大国	1	0.003472
仮	1	0.003472
公式	1	0.003472
サイト	1	0.003472
アヂト	1	0.003472
カイテンネコ	1	0.003472
裏	1	0.003472
ページ	1	0.003472
http	1	0.003472
://	1	0.003472
ja	1	0.003472
wikipedia	1	0.003472
org	1	0.003472
wiki	1	0.003472
/%	1	0.003472
84	1	0.003472
AE	1	0.003472
82	1	0.003472
93	1	0.003472
作成	1	0.003472
カテゴリ	1	0.003472
人物	1	0.003472
