教団	37	0.021637
教	37	0.021637
PL	35	0.020468
日	26	0.015205
会	25	0.014620
年	25	0.014620
宗教	17	0.009942
教祖	17	0.009942
祭	16	0.009357
編集	15	0.008772
神道	13	0.007602
教会	13	0.007602
一	12	0.007018
神	12	0.007018
木徳	12	0.007018
宗	12	0.007018
系	11	0.006433
日本	10	0.005848
こと	9	0.005263
花火	9	0.005263
世界	9	0.005263
ISBN	9	0.005263
パーフェクト	8	0.004678
リバティー	8	0.004678
平和	8	0.004678
祭典	8	0.004678
芸術	8	0.004678
感謝	8	0.004678
83	8	0.004678
その他	7	0.004094
初代	7	0.004094
学校	7	0.004094
人	7	0.004094
光	7	0.004094
1930	7	0.004094
1942	7	0.004094
活動	6	0.003509
関連	6	0.003509
本庁	6	0.003509
月	6	0.003509
みち	6	0.003509
1936	6	0.003509
近	6	0.003509
天	6	0.003509
事典	5	0.002924
塔	5	0.002924
立教	5	0.002924
ひと	5	0.002924
学園	5	0.002924
世	5	0.002924
心	5	0.002924
生活	5	0.002924
ため	5	0.002924
1938	5	0.002924
法	5	0.002924
孝	5	0.002924
佛	5	0.002924
身	5	0.002924
念	5	0.002924
団	5	0.002924
1951	5	0.002924
個人	4	0.002339
施設	4	0.002339
現在	4	0.002339
木	4	0.002339
霊	4	0.002339
本部	4	0.002339
市	4	0.002339
神霊	4	0.002339
者	4	0.002339
宗派	4	0.002339
野球	4	0.002339
中学校	4	0.002339
祈願	4	0.002339
毎月	4	0.002339
祖	4	0.002339
御嶽	4	0.002339
仏教	4	0.002339
三	4	0.002339
派	4	0.002339
1970	4	0.002339
1983	4	0.002339
法人	4	0.002339
語	4	0.002339
正宗	4	0.002339
1948	4	0.002339
1978	4	0.002339
表示	3	0.001754
文献	3	0.001754
リンク	3	0.001754
練	3	0.001754
場	3	0.001754
教主	3	0.001754
止	3	0.001754
宇宙	3	0.001754
大阪	3	0.001754
正殿	3	0.001754
万国戦争犠牲者慰霊大平和祈念塔	3	0.001754
高等	3	0.001754
地	3	0.001754
真理	3	0.001754
為	3	0.001754
教え	3	0.001754
的	3	0.001754
もの	3	0.001754
癖	3	0.001754
形	3	0.001754
会員	3	0.001754
聖地	3	0.001754
代	3	0.001754
所属	3	0.001754
誕生	3	0.001754
式典	3	0.001754
11	3	0.001754
病院	3	0.001754
殿	3	0.001754
部	3	0.001754
自由	3	0.001754
・	3	0.001754
1916	3	0.001754
キリスト	3	0.001754
1928	3	0.001754
扶桑	3	0.001754
本殿	3	0.001754
建設	3	0.001754
二	3	0.001754
長	3	0.001754
1949	3	0.001754
1953	3	0.001754
完成	3	0.001754
編	3	0.001754
情報	3	0.001754
産業	3	0.001754
研究	3	0.001754
学	3	0.001754
井上	3	0.001754
順	3	0.001754
1977	3	0.001754
ほん	3	0.001754
行	3	0.001754
中山	3	0.001754
1912	3	0.001754
華	3	0.001754
1954	3	0.001754
1950	3	0.001754
協会	3	0.001754
82	3	0.001754
出典	2	0.001170
大	2	0.001170
祈念	2	0.001170
時代	2	0.001170
通称	2	0.001170
表記	2	0.001170
概要	2	0.001170
内容	2	0.001170
主	2	0.001170
四	2	0.001170
大祭	2	0.001170
沿革	2	0.001170
項目	2	0.001170
参考	2	0.001170
10	2	0.001170
外部	2	0.001170
信仰	2	0.001170
府	2	0.001170
富田林	2	0.001170
師	2	0.001170
奥津城	2	0.001170
慰霊	2	0.001170
小学校	2	0.001170
幼稚園	2	0.001170
専門	2	0.001170
女子	2	0.001170
遊園	2	0.001170
ゴルフ	2	0.001170
人生	2	0.001170
真	2	0.001170
自分	2	0.001170
これ	2	0.001170
表現	2	0.001170
心得	2	0.001170
年間	2	0.001170
よう	2	0.001170
参拝	2	0.001170
神業	2	0.001170
記念	2	0.001170
後	2	0.001170
様々	2	0.001170
行事	2	0.001170
遷座	2	0.001170
21	2	0.001170
各地	2	0.001170
脇	2	0.001170
成	2	0.001170
会館	2	0.001170
名	2	0.001170
完全	2	0.001170
意味	2	0.001170
式	2	0.001170
展望	2	0.001170
台	2	0.001170
時間	2	0.001170
徳光	2	0.001170
団体	2	0.001170
十	2	0.001170
1934	2	0.001170
継承	2	0.001170
照	2	0.001170
不敬	2	0.001170
弾圧	2	0.001170
死去	2	0.001170
1946	2	0.001170
県	2	0.001170
清水	2	0.001170
理事	2	0.001170
以後	2	0.001170
開校	2	0.001170
1959	2	0.001170
衆院	2	0.001170
委員	2	0.001170
指摘	2	0.001170
1973	2	0.001170
ローマ	2	0.001170
教皇	2	0.001170
パウロ	2	0.001170
会談	2	0.001170
1980	2	0.001170
目録	2	0.001170
運営	2	0.001170
駅	2	0.001170
昭和	2	0.001170
道	2	0.001170
社	2	0.001170
出版	2	0.001170
経営	2	0.001170
関係	2	0.001170
社会	2	0.001170
—	2	0.001170
人物	2	0.001170
國學院大學	2	0.001170
文化	2	0.001170
研究所	2	0.001170
表	2	0.001170
話	2	0.001170
黒住	2	0.001170
1814	2	0.001170
天理教	2	0.001170
1838	2	0.001170
金光	2	0.001170
1859	2	0.001170
修成	2	0.001170
1869	2	0.001170
1872	2	0.001170
出雲	2	0.001170
大社	2	0.001170
1873	2	0.001170
理	2	0.001170
1880	2	0.001170
1882	2	0.001170
大本	2	0.001170
1892	2	0.001170
荒	2	0.001170
薙	2	0.001170
1900	2	0.001170
一燈園	2	0.001170
1905	2	0.001170
国教	2	0.001170
1908	2	0.001170
1913	2	0.001170
居	2	0.001170
1927	2	0.001170
生長の家	2	0.001170
救世	2	0.001170
1935	2	0.001170
璽宇	2	0.001170
1941	2	0.001170
如来	2	0.001170
1802	2	0.001170
本	2	0.001170
門	2	0.001170
立	2	0.001170
1857	2	0.001170
国	2	0.001170
柱	2	0.001170
1884	2	0.001170
山	2	0.001170
妙法寺	2	0.001170
僧	2	0.001170
伽	2	0.001170
1917	2	0.001170
眞	2	0.001170
1925	2	0.001170
一切	2	0.001170
解脱	2	0.001170
1929	2	0.001170
霊友会	2	0.001170
創価学会	2	0.001170
道教	2	0.001170
真如苑	2	0.001170
立正佼成会	2	0.001170
思親	2	0.001170
冨士	2	0.001170
大石寺	2	0.001170
顕正	2	0.001170
浄土真宗	2	0.001170
辯天	2	0.001170
1947	2	0.001170
1952	2	0.001170
真光	2	0.001170
明	2	0.001170
崇	2	0.001170
妙	2	0.001170
1979	2	0.001170
聖	2	0.001170
1987	2	0.001170
イエス	2	0.001170
）(	2	0.001170
1986	2	0.001170
1966	2	0.001170
BC	2	0.001170
95	2	0.001170
フリー	1	0.000585
百科	1	0.000585
ウィキペディア	1	0.000585
Wikipedia	1	0.000585
移動	1	0.000585
ナビゲーション	1	0.000585
検索	1	0.000585
きょう	1	0.000585
ん	1	0.000585
大正	1	0.000585
公式	1	0.000585
目次	1	0.000585
成道	1	0.000585
みき	1	0.000585
対象	1	0.000585
全体	1	0.000585
大元	1	0.000585
おかみ	1	0.000585
だい	1	0.000585
げん	1	0.000585
れい	1	0.000585
とも	1	0.000585
等	1	0.000585
万国	1	0.000585
戦没	1	0.000585
タワー	1	0.000585
高校	1	0.000585
有名	1	0.000585
ほか	1	0.000585
敷地	1	0.000585
内	1	0.000585
短大	1	0.000585
短期大学	1	0.000585
桜ケ丘	1	0.000585
旧名	1	0.000585
ランド	1	0.000585
練習	1	0.000585
もと	1	0.000585
各人	1	0.000585
個性	1	0.000585
最大限	1	0.000585
発揮	1	0.000585
人類	1	0.000585
永遠	1	0.000585
福祉	1	0.000585
貢献	1	0.000585
事	1	0.000585
目標	1	0.000585
特徴	1	0.000585
身の回り	1	0.000585
すべて	1	0.000585
苦痛	1	0.000585
苦難	1	0.000585
自身	1	0.000585
傾き	1	0.000585
啓示	1	0.000585
種	1	0.000585
下付	1	0.000585
個々	1	0.000585
自己	1	0.000585
上	1	0.000585
邪魔	1	0.000585
戒律	1	0.000585
存在	1	0.000585
日常	1	0.000585
処世	1	0.000585
訓	1	0.000585
代々	1	0.000585
出現	1	0.000585
元旦	1	0.000585
新年	1	0.000585
前年	1	0.000585
平穏	1	0.000585
無事	1	0.000585
今年	1	0.000585
幸せ	1	0.000585
正月	1	0.000585
多く	1	0.000585
祈り	1	0.000585
国内	1	0.000585
世界中	1	0.000585
夜	1	0.000585
迫力	1	0.000585
規模	1	0.000585
地元	1	0.000585
風物詩	1	0.000585
29	1	0.000585
教義	1	0.000585
過程	1	0.000585
理解	1	0.000585
12	1	0.000585
代目	1	0.000585
気持ち	1	0.000585
鎮座	1	0.000585
まち	1	0.000585
結婚式	1	0.000585
葬	1	0.000585
愛児	1	0.000585
生誕	1	0.000585
地鎮祭	1	0.000585
先祖	1	0.000585
参詣	1	0.000585
全国	1	0.000585
重要	1	0.000585
座談	1	0.000585
バトントワリング	1	0.000585
PLMBA	1	0.000585
茶道	1	0.000585
華道	1	0.000585
左	1	0.000585
芸	1	0.000585
生	1	0.000585
右	1	0.000585
錬成	1	0.000585
道場	1	0.000585
グランド	1	0.000585
硬式	1	0.000585
専用	1	0.000585
球場	1	0.000585
ぷらっと	1	0.000585
必要	1	0.000585
世間	1	0.000585
ところ	1	0.000585
必勝	1	0.000585
合格	1	0.000585
交通	1	0.000585
安全	1	0.000585
病気	1	0.000585
平癒	1	0.000585
祈祷	1	0.000585
お願い	1	0.000585
決意	1	0.000585
意味合い	1	0.000585
遂断	1	0.000585
神事	1	0.000585
人間	1	0.000585
本来	1	0.000585
日々	1	0.000585
無碍	1	0.000585
天職	1	0.000585
全う	1	0.000585
毎日	1	0.000585
標榜	1	0.000585
葬儀	1	0.000585
神葬	1	0.000585
上部	1	0.000585
戦争	1	0.000585
犠牲	1	0.000585
モニュメント	1	0.000585
位置づけ	1	0.000585
明確	1	0.000585
閉鎖	1	0.000585
ABC	1	0.000585
ラジオ	1	0.000585
月曜日	1	0.000585
50	1	0.000585
00	1	0.000585
放送	1	0.000585
当初	1	0.000585
当時	1	0.000585
以外	1	0.000585
いずれ	1	0.000585
冠	1	0.000585
転属	1	0.000585
道徳	1	0.000585
1931	1	0.000585
改称	1	0.000585
008	1	0.000585
畳	1	0.000585
敷	1	0.000585
大広間	1	0.000585
鉄筋	1	0.000585
階	1	0.000585
建	1	0.000585
東大阪	1	0.000585
永和	1	0.000585
翌日	1	0.000585
盛岡	1	0.000585
支部	1	0.000585
娘	1	0.000585
強姦	1	0.000585
容疑	1	0.000585
特高	1	0.000585
逮捕	1	0.000585
1937	1	0.000585
大神	1	0.000585
教育	1	0.000585
勅語	1	0.000585
解釈	1	0.000585
違い	1	0.000585
罪	1	0.000585
当局	1	0.000585
解散	1	0.000585
憂き目	1	0.000585
佐賀	1	0.000585
鳥栖	1	0.000585
静岡	1	0.000585
移転	1	0.000585
現在地	1	0.000585
鍬	1	0.000585
入	1	0.000585
連合	1	0.000585
発足	1	0.000585
加盟	1	0.000585
就任	1	0.000585
1955	1	0.000585
衛生	1	0.000585
看護	1	0.000585
校	1	0.000585
男子	1	0.000585
入学	1	0.000585
1963	1	0.000585
発展	1	0.000585
呼称	1	0.000585
1967	1	0.000585
国有	1	0.000585
無断	1	0.000585
使用	1	0.000585
1974	1	0.000585
変更	1	0.000585
ヨハネ	1	0.000585
決算	1	0.000585
資金	1	0.000585
サラ金	1	0.000585
流出	1	0.000585
1999	1	0.000585
1995	1	0.000585
改正	1	0.000585
役員	1	0.000585
名簿	1	0.000585
財産	1	0.000585
書類	1	0.000585
提出	1	0.000585
地裁	1	0.000585
三宅	1	0.000585
一彦	1	0.000585
代務	1	0.000585
過料	1	0.000585
万	1	0.000585
円	1	0.000585
2010	1	0.000585
落成	1	0.000585
挙行	1	0.000585
参照	1	0.000585
明治大学	1	0.000585
付属	1	0.000585
中野	1	0.000585
組織	1	0.000585
財団	1	0.000585
育英	1	0.000585
旧制	1	0.000585
前身	1	0.000585
河内永和	1	0.000585
最寄り駅	1	0.000585
開業	1	0.000585
光丘	1	0.000585
食堂	1	0.000585
給食	1	0.000585
医療	1	0.000585
宝生	1	0.000585
利用	1	0.000585
裕	1	0.000585
米田	1	0.000585
慶	1	0.000585
三郎	1	0.000585
楽天	1	0.000585
イーグルス	1	0.000585
軍	1	0.000585
育成	1	0.000585
コーチ	1	0.000585
清原	1	0.000585
和博	1	0.000585
桑田	1	0.000585
真澄	1	0.000585
プロ	1	0.000585
選手	1	0.000585
パーフェクトリバティー教団	1	0.000585
文教	1	0.000585
是	1	0.000585
讃仰	1	0.000585
二代教祖御木徳近日知	1	0.000585
4328012789	1	0.000585
雅人	1	0.000585
他	1	0.000585
4804352058	1	0.000585
YTV	1	0.000585
グループ	1	0.000585
大衆	1	0.000585
操作	1	0.000585
生態	1	0.000585
4377302396	1	0.000585
現代	1	0.000585
4335160372	1	0.000585
4335160283	1	0.000585
4335160259	1	0.000585
4335160232	1	0.000585
4335160356	1	0.000585
朝日新聞社	1	0.000585
世紀	1	0.000585
千	1	0.000585
4022586060	1	0.000585
岩波	1	0.000585
新書	1	0.000585
池田	1	0.000585
昭	1	0.000585
事件	1	0.000585
資料	1	0.000585
集成	1	0.000585
書房	1	0.000585
第一法規出版	1	0.000585
政治	1	0.000585
裁判	1	0.000585
史	1	0.000585
録	1	0.000585
後編	1	0.000585
松野	1	0.000585
純孝	1	0.000585
辞典	1	0.000585
東京	1	0.000585
堂	1	0.000585
オープン	1	0.000585
ディレクトリ	1	0.000585
精神	1	0.000585
集	1	0.000585
ウィキメディア・コモンズ	1	0.000585
マルチメディア	1	0.000585
歴戦	1	0.000585
前	1	0.000585
発祥	1	0.000585
)-	1	0.000585
皇	1	0.000585
大神宮	1	0.000585
1945	1	0.000585
円応教	1	0.000585
大山ねずの命神示教会	1	0.000585
善隣	1	0.000585
波	1	0.000585
文明	1	0.000585
1962	1	0.000585
紀元	1	0.000585
慈秀	1	0.000585
ス	1	0.000585
光波	1	0.000585
ワールドメイト	1	0.000585
1985	1	0.000585
法華	1	0.000585
敬神	1	0.000585
自修	1	0.000585
普	1	0.000585
法会	1	0.000585
所	1	0.000585
護	1	0.000585
智	1	0.000585
慧	1	0.000585
會教	1	0.000585
正義	1	0.000585
法師	1	0.000585
希	1	0.000585
正信会	1	0.000585
在家	1	0.000585
こころ	1	0.000585
2004	1	0.000585
浄土	1	0.000585
真宗	1	0.000585
長生	1	0.000585
仏	1	0.000585
眼	1	0.000585
浄土真宗親鸞会	1	0.000585
1958	1	0.000585
三寶山無量壽寺	1	0.000585
密教	1	0.000585
光明	1	0.000585
1975	1	0.000585
阿含宗	1	0.000585
言	1	0.000585
オウム真理教	1	0.000585
ホアハオ	1	0.000585
1939	1	0.000585
キリスト教	1	0.000585
末日	1	0.000585
聖徒	1	0.000585
モル	1	0.000585
モン	1	0.000585
1830	1	0.000585
クリスチャン	1	0.000585
サイエンス	1	0.000585
1879	1	0.000585
エホバ	1	0.000585
証人	1	0.000585
1881	1	0.000585
ブランチ・ダビディアン	1	0.000585
御霊	1	0.000585
幕屋	1	0.000585
統一教会	1	0.000585
統一	1	0.000585
人民	1	0.000585
寺院	1	0.000585
1956	1	0.000585
ファミリー	1	0.000585
インターナショナル	1	0.000585
1968	1	0.000585
摂理	1	0.000585
中央	1	0.000585
イスラム教	1	0.000585
バーブ	1	0.000585
1844	1	0.000585
バハーイー	1	0.000585
1863	1	0.000585
アフマディーヤ	1	0.000585
1889	1	0.000585
ネーション・オブ・イスラム	1	0.000585
UFO	1	0.000585
サイエントロジー	1	0.000585
ヘヴンズ・ゲート	1	0.000585
）—　	1	0.000585
ラエリアン	1	0.000585
アバターコース	1	0.000585
神智	1	0.000585
1875	1	0.000585
人智	1	0.000585
カオダイ	1	0.000585
1919	1	0.000585
瑠璃	1	0.000585
悪魔	1	0.000585
シルバメソッド	1	0.000585
GLA	1	0.000585
1969	1	0.000585
千乃	1	0.000585
正法	1	0.000585
偕和	1	0.000585
會	1	0.000585
ライフ	1	0.000585
スペース	1	0.000585
学会	1	0.000585
幸福	1	0.000585
科学	1	0.000585
ランドマーク・エデュケーション	1	0.000585
1991	1	0.000585
法輪	1	0.000585
功	1	0.000585
1992	1	0.000585
http	1	0.000585
://	1	0.000585
ja	1	0.000585
wikipedia	1	0.000585
org	1	0.000585
wiki	1	0.000585
/%	1	0.000585
91	1	0.000585
AF	1	0.000585
88	1	0.000585
_%	1	0.000585
AA	1	0.000585
90	1	0.000585
86	1	0.000585
99	1	0.000585
作成	1	0.000585
カテゴリ	1	0.000585
教派	1	0.000585
