ヒメチョウゲンボウ	8	0.016878
編集	8	0.016878
動物	7	0.014768
ハヤブサ	7	0.014768
鳥類	7	0.014768
日本	6	0.012658
年	6	0.012658
頁	6	0.012658
83	6	0.012658
門	5	0.010549
科	5	0.010549
IUCN	4	0.008439
鳥	4	0.008439
属	4	0.008439
Falco	4	0.008439
naumanni	4	0.008439
関連	4	0.008439
項目	4	0.008439
色彩	4	0.008439
ペア	4	0.008439
Red	3	0.006329
List	3	0.006329
II	3	0.006329
界	3	0.006329
綱	3	0.006329
目	3	0.006329
越冬	3	0.006329
羽毛	3	0.006329
黄色	3	0.006329
地	3	0.006329
生息	3	0.006329
数	3	0.006329
日	3	0.006329
改訂	3	0.006329
野鳥	3	0.006329
82	3	0.006329
百科	2	0.004219
ワシントン	2	0.004219
条約	2	0.004219
書	2	0.004219
類	2	0.004219
分類	2	0.004219
脊索	2	0.004219
亜	2	0.004219
タカ	2	0.004219
分布	2	0.004219
形態	2	0.004219
生態	2	0.004219
人間	2	0.004219
関係	2	0.004219
画像	2	0.004219
参考	2	0.004219
文献	2	0.004219
外部	2	0.004219
リンク	2	0.004219
ユーラシア	2	0.004219
大陸	2	0.004219
島	2	0.004219
cm	2	0.004219
列	2	0.004219
風	2	0.004219
切	2	0.004219
嘴	2	0.004219
成鳥	2	0.004219
上面	2	0.004219
形成	2	0.004219
食	2	0.004219
小型	2	0.004219
獲物	2	0.004219
28	2	0.004219
減少	2	0.004219
増補	2	0.004219
版	2	0.004219
2004	2	0.004219
世界	2	0.004219
2000	2	0.004219
平凡社	2	0.004219
編	2	0.004219
監修	2	0.004219
2009	2	0.004219
出典	1	0.002110
フリー	1	0.002110
事典	1	0.002110
ウィキペディア	1	0.002110
Wikipedia	1	0.002110
移動	1	0.002110
ナビゲーション	1	0.002110
検索	1	0.002110
保全	1	0.002110
状態	1	0.002110
評価	1	0.002110
VULNERABLE	1	0.002110
Ver	1	0.002110
2001	1	0.002110
))	1	0.002110
附属	1	0.002110
Animalia	1	0.002110
Chordata	1	0.002110
脊椎動物	1	0.002110
Vertebrata	1	0.002110
Aves	1	0.002110
Falconiformes	1	0.002110
Falconidae	1	0.002110
種	1	0.002110
学名	1	0.002110
Fleischer	1	0.002110
1818	1	0.002110
和名	1	0.002110
英名	1	0.002110
Lesser	1	0.002110
kestrel	1	0.002110
姫	1	0.002110
長	1	0.002110
坊	1	0.002110
目次	1	0.002110
表示	1	0.002110
夏季	1	0.002110
中	1	0.002110
緯度	1	0.002110
地方	1	0.002110
西部	1	0.002110
繁殖	1	0.002110
冬季	1	0.002110
アフリカ	1	0.002110
中部	1	0.002110
以南	1	0.002110
南下	1	0.002110
迷鳥	1	0.002110
対馬	1	0.002110
西表	1	0.002110
与那国	1	0.002110
高知	1	0.002110
県	1	0.002110
記録	1	0.002110
全長	1	0.002110
29	1	0.002110
32	1	0.002110
翼	1	0.002110
開張	1	0.002110
61	1	0.002110
66	1	0.002110
下面	1	0.002110
褐色	1	0.002110
斑点	1	0.002110
眼	1	0.002110
周囲	1	0.002110
輪	1	0.002110
模様	1	0.002110
アイリング	1	0.002110
上	1	0.002110
肉質	1	0.002110
蝋	1	0.002110
膜	1	0.002110
先端	1	0.002110
後肢	1	0.002110
爪	1	0.002110
白	1	0.002110
オス	1	0.002110
灰色	1	0.002110
メス	1	0.002110
幼鳥	1	0.002110
赤褐色	1	0.002110
頭部	1	0.002110
頸部	1	0.002110
縦縞	1	0.002110
背中	1	0.002110
雨	1	0.002110
尾羽	1	0.002110
横縞	1	0.002110
草原	1	0.002110
農耕	1	0.002110
群れ	1	0.002110
性	1	0.002110
主	1	0.002110
昆虫	1	0.002110
哺乳類	1	0.002110
集団	1	0.002110
崖	1	0.002110
岩穴	1	0.002110
樹	1	0.002110
洞	1	0.002110
建物	1	0.002110
コロニー	1	0.002110
月	1	0.002110
産卵	1	0.002110
卵	1	0.002110
個	1	0.002110
抱卵	1	0.002110
日数	1	0.002110
雛	1	0.002110
孵化	1	0.002110
後	1	0.002110
26	1	0.002110
農薬	1	0.002110
汚染	1	0.002110
1980	1	0.002110
年代	1	0.002110
スペイン	1	0.002110
200	1	0.002110
100	1	0.002110
ギリシャ	1	0.002110
000	1	0.002110
イタリア	1	0.002110
320	1	0.002110
400	1	0.002110
ルーマニア	1	0.002110
120	1	0.002110
130	1	0.002110
推定	1	0.002110
イラスト	1	0.002110
ウィキメディア・コモンズ	1	0.002110
マルチメディア	1	0.002110
ウィキスピーシーズ	1	0.002110
情報	1	0.002110
五	1	0.002110
百	1	0.002110
沢	1	0.002110
丸	1	0.002110
550	1	0.002110
山野	1	0.002110
文	1	0.002110
一	1	0.002110
総合	1	0.002110
出版	1	0.002110
60	1	0.002110
小原	1	0.002110
秀雄	1	0.002110
浦	1	0.002110
昌紀	1	0.002110
太田	1	0.002110
英利	1	0.002110
松井	1	0.002110
正文	1	0.002110
編著	1	0.002110
遺産	1	0.002110
レッド	1	0.002110
データ・アニマルズ	1	0.002110
北	1	0.002110
アメリカ	1	0.002110
講談社	1	0.002110
85	1	0.002110
188	1	0.002110
高野	1	0.002110
伸二	1	0.002110
フィールド	1	0.002110
ガイド	1	0.002110
会	1	0.002110
2007	1	0.002110
182	1	0.002110
183	1	0.002110
真木	1	0.002110
広造	1	0.002110
大西	1	0.002110
敏一	1	0.002110
590	1	0.002110
181	1	0.002110
黒田	1	0.002110
長久	1	0.002110
新版	1	0.002110
文化	1	0.002110
生物	1	0.002110
図鑑	1	0.002110
世界文化社	1	0.002110
97	1	0.002110
日高	1	0.002110
敏隆	1	0.002110
樋口	1	0.002110
広	1	0.002110
芳	1	0.002110
森岡	1	0.002110
弘之	1	0.002110
山岸	1	0.002110
哲	1	0.002110
巻	1	0.002110
Ⅰ	1	0.002110
1996	1	0.002110
175	1	0.002110
CITES	1	0.002110
homepage	1	0.002110
Appendices	1	0.002110
and	1	0.002110
III	1	0.002110
Home	1	0.002110
Page	1	0.002110
BirdLife	1	0.002110
International	1	0.002110
2008	1	0.002110
In	1	0.002110
of	1	0.002110
Threatened	1	0.002110
Species	1	0.002110
Version	1	0.002110
加筆	1	0.002110
訂正	1	0.002110
協力	1	0.002110
者	1	0.002110
ポータル	1	0.002110
PJ	1	0.002110
http	1	0.002110
://	1	0.002110
ja	1	0.002110
wikipedia	1	0.002110
org	1	0.002110
wiki	1	0.002110
/%	1	0.002110
92	1	0.002110
81	1	0.002110
作成	1	0.002110
カテゴリ	1	0.002110
Vulnerable	1	0.002110
付属	1	0.002110
