漫画	19	0.047264
月	12	0.029851
年	11	0.027363
日	10	0.024876
巻	8	0.019900
ISBN	8	0.019900
獣	6	0.014925
文書	6	0.014925
作品	6	0.014925
ドラマ	5	0.012438
CD	5	0.012438
原	4	0.009950
家	4	0.009950
編集	4	0.009950
まき	4	0.009950
日本	3	0.007463
原作	3	0.007463
者	3	0.007463
雑誌	3	0.007463
新書	3	0.007463
館	3	0.007463
登場	3	0.007463
ゼーン	3	0.007463
30	3	0.007463
健一	3	0.007463
項目	3	0.007463
表示	2	0.004975
カテゴリ	2	0.004975
サウス	2	0.004975
連載	2	0.004975
月刊	2	0.004975
ウィングス	2	0.004975
人物	2	0.004975
書籍	2	0.004975
キャスト	2	0.004975
レイ・ジーンセイバーヘーゲン	2	0.004975
村上	2	0.004975
静馬	2	0.004975
アルビレオ	2	0.004975
友	2	0.004975
能	2	0.004975
チェリー	2	0.004975
11	2	0.004975
1997	2	0.004975
2001	2	0.004975
10	2	0.004975
WIN	2	0.004975
アニメイトフィルム	2	0.004975
テーマ	2	0.004975
Vo	2	0.004975
山寺	2	0.004975
宏一	2	0.004975
プロローグ	2	0.004975
チェック	2	0.004975
エピローグ	2	0.004975
中原	2	0.004975
茂	2	0.004975
浅丘	2	0.004975
夏未	2	0.004975
南央	2	0.004975
美	2	0.004975
人	2	0.004975
ヴァージニア	2	0.004975
張	2	0.004975
春生	2	0.004975
医師	2	0.004975
大川	2	0.004975
透	2	0.004975
部下	2	0.004975
望月	2	0.004975
杉田	2	0.004975
智和	2	0.004975
PJ	2	0.004975
出典	1	0.002488
フリー	1	0.002488
百科	1	0.002488
事典	1	0.002488
ウィキペディア	1	0.002488
Wikipedia	1	0.002488
移動	1	0.002488
ナビゲーション	1	0.002488
検索	1	0.002488
関連	1	0.002488
リンク	1	0.002488
ウィキポータル	1	0.002488
プロジェクト	1	0.002488
表	1	0.002488
話	1	0.002488
・	1	0.002488
編	1	0.002488
ゲンジユウブンシヨ	1	0.002488
しま	1	0.002488
ゆり	1	0.002488
1995	1	0.002488
開始	1	0.002488
休刊	1	0.002488
後	1	0.002488
増刊	1	0.002488
ハックルベリー	1	0.002488
化	1	0.002488
目次	1	0.002488
むら	1	0.002488
1996	1	0.002488
20	1	0.002488
4403614361	1	0.002488
14	1	0.002488
4403614639	1	0.002488
1998	1	0.002488
29	1	0.002488
4403615082	1	0.002488
1999	1	0.002488
4403615376	1	0.002488
2000	1	0.002488
4403615961	1	0.002488
12	1	0.002488
4403616585	1	0.002488
2003	1	0.002488
4403617301	1	0.002488
2005	1	0.002488
4403618006	1	0.002488
25	1	0.002488
0001	1	0.002488
冒険	1	0.002488
OP	1	0.002488
始まり	1	0.002488
石	1	0.002488
遭遇	1	0.002488
告白	1	0.002488
魔神	1	0.002488
想い	1	0.002488
婚	1	0.002488
歌	1	0.002488
ED	1	0.002488
II	1	0.002488
31	1	0.002488
0010	1	0.002488
.「	1	0.002488
巫	1	0.002488
子	1	0.002488
サバイバル	1	0.002488
レイ	1	0.002488
基地	1	0.002488
破壊	1	0.002488
順	1	0.002488
博士	1	0.002488
三木	1	0.002488
眞一郎	1	0.002488
子供	1	0.002488
時代	1	0.002488
森川	1	0.002488
智之	1	0.002488
緒方	1	0.002488
恵美	1	0.002488
浅川	1	0.002488
悠	1	0.002488
今井	1	0.002488
由香	1	0.002488
魔	1	0.002488
緑川	1	0.002488
光	1	0.002488
森久保	1	0.002488
祥	1	0.002488
太郎	1	0.002488
折笠	1	0.002488
愛	1	0.002488
石井	1	0.002488
康嗣	1	0.002488
イワン	1	0.002488
ロストフ	1	0.002488
室園	1	0.002488
丈	1	0.002488
裕	1	0.002488
カレッセオ	1	0.002488
津野田	1	0.002488
なるみ	1	0.002488
ティトオ	1	0.002488
根	1	0.002488
谷	1	0.002488
美智子	1	0.002488
園部	1	0.002488
啓一	1	0.002488
飛田	1	0.002488
展	1	0.002488
男	1	0.002488
ガ	1	0.002488
レス	1	0.002488
ジョーンズ	1	0.002488
隊長	1	0.002488
たか	1	0.002488
ハインツ	1	0.002488
細井	1	0.002488
治	1	0.002488
大陸	1	0.002488
太田	1	0.002488
正道	1	0.002488
小林	1	0.002488
由美子	1	0.002488
カナーン	1	0.002488
岩田	1	0.002488
光央	1	0.002488
クリストファー	1	0.002488
ディーツ	1	0.002488
鈴村	1	0.002488
ガレス	1	0.002488
長	1	0.002488
嶝高	1	0.002488
士	1	0.002488
キュー	1	0.002488
トス	1	0.002488
飯田	1	0.002488
利信	1	0.002488
サヴァルク	1	0.002488
ケイ	1	0.002488
海賊	1	0.002488
山田	1	0.002488
真一	1	0.002488
加筆	1	0.002488
訂正	1	0.002488
協力	1	0.002488
場合	1	0.002488
{{	1	0.002488
Manga	1	0.002488
artist	1	0.002488
stub	1	0.002488
}}	1	0.002488
http	1	0.002488
://	1	0.002488
ja	1	0.002488
wikipedia	1	0.002488
org	1	0.002488
wiki	1	0.002488
/%	1	0.002488
96	1	0.002488
87	1	0.002488
作成	1	0.002488
ファンタジー	1	0.002488
