-	47	0.061842
駅	32	0.042105
の	23	0.030263
。	19	0.025000
（	14	0.018421
）	14	0.018421
%	14	0.018421
年	11	0.014474
松川	11	0.014474
[	11	0.014474
]	11	0.014474
編集	9	0.011842
・	9	0.011842
鉄道	9	0.011842
日	8	0.010526
1	8	0.010526
信濃松川	7	0.009211
:	7	0.009211
2	7	0.009211
安曇	7	0.009211
は	7	0.009211
.	6	0.007895
6	6	0.007895
を	6	0.007895
、	6	0.007895
月	5	0.006579
村	5	0.006579
東日本旅客鉄道	5	0.006579
大糸線	5	0.006579
松本	5	0.006579
と	5	0.006579
E	5	0.006579
|	5	0.006579
ある	4	0.005263
4	4	0.005263
バス	4	0.005263
7	4	0.005263
が	4	0.005263
9	4	0.005263
駅舎	3	0.003947
2008	3	0.003947
しな	3	0.003947
km	3	0.003947
沓掛	3	0.003947
長野	3	0.003947
県	3	0.003947
10	3	0.003947
JR	3	0.003947
東日本	3	0.003947
路線	3	0.003947
■	3	0.003947
構造	3	0.003947
ホーム	3	0.003947
面	3	0.003947
線	3	0.003947
業務	3	0.003947
に	3	0.003947
池田	3	0.003947
表示	3	0.003947
て	3	0.003947
で	3	0.003947
なる	3	0.003947
南小谷	3	0.003947
野	3	0.003947
北	3	0.003947
より	3	0.003947
信濃	3	0.003947
昭和	3	0.003947
日本	3	0.003947
*	2	0.002632
8	2	0.002632
17	2	0.002632
まつ	2	0.002632
か	2	0.002632
わ	2	0.002632
?	2	0.002632
北細野	2	0.002632
北安曇	2	0.002632
郡	2	0.002632
赤芝	2	0.002632
所属	2	0.002632
地上	2	0.002632
乗車	2	0.002632
人員	2	0.002632
年度	2	0.002632
612	2	0.002632
人	2	0.002632
/	2	0.002632
委託	2	0.002632
みどり	2	0.002632
窓口	2	0.002632
1937	2	0.002632
改称	2	0.002632
この	2	0.002632
表	2	0.002632
し	2	0.002632
利用	2	0.002632
状況	2	0.002632
周辺	2	0.002632
5	2	0.002632
歴史	2	0.002632
隣	2	0.002632
関連	2	0.002632
項目	2	0.002632
外部	2	0.002632
リンク	2	0.002632
島	2	0.002632
時間	2	0.002632
〜	2	0.002632
※	2	0.002632
あり	2	0.002632
穂高	2	0.002632
豊科	2	0.002632
方面	2	0.002632
信濃大町	2	0.002632
白馬	2	0.002632
セピア	2	0.002632
「	2	0.002632
」	2	0.002632
前	2	0.002632
有明	2	0.002632
同時に	2	0.002632
貨物	2	0.002632
取扱	2	0.002632
国有	2	0.002632
化	2	0.002632
により	2	0.002632
国鉄	2	0.002632
細野	2	0.002632
BF	2	0.002632
A	2	0.002632
D	2	0.002632
出典	1	0.001316
フリー	1	0.001316
百科	1	0.001316
事典	1	0.001316
『	1	0.001316
ウィキペディア	1	0.001316
Wikipedia	1	0.001316
』	1	0.001316
移動	1	0.001316
ナビゲーション	1	0.001316
,	1	0.001316
検索	1	0.001316
Shinano	1	0.001316
Matsukawa	1	0.001316
(	1	0.001316
)(	1	0.001316
)	1	0.001316
7025	1	0.001316
事業	1	0.001316
者	1	0.001316
キロ	1	0.001316
程	1	0.001316
26	1	0.001316
0	1	0.001316
起点	1	0.001316
電報	1	0.001316
略号	1	0.001316
マツ	1	0.001316
統計	1	0.001316
降車	1	0.001316
客	1	0.001316
含ま	1	0.001316
ず	1	0.001316
備考	1	0.001316
有	1	0.001316
標高	1	0.001316
：	1	0.001316
613	1	0.001316
m	1	0.001316
から	1	0.001316
について	1	0.001316
テンプレート	1	0.001316
用い	1	0.001316
い	1	0.001316
ます	1	0.001316
仕方	1	0.001316
Template	1	0.001316
情報	1	0.001316
ごらん	1	0.001316
ください	1	0.001316
え	1	0.001316
き	1	0.001316
目次	1	0.001316
非	1	0.001316
3	1	0.001316
式	1	0.001316
持つ	1	0.001316
エンタープライズ	1	0.001316
行う	1	0.001316
夜間	1	0.001316
無人	1	0.001316
営業	1	0.001316
20	1	0.001316
途中	1	0.001316
休止	1	0.001316
帯	1	0.001316
設置	1	0.001316
自動	1	0.001316
券売	1	0.001316
機	1	0.001316
ない	1	0.001316
構内	1	0.001316
踏切	1	0.001316
連絡	1	0.001316
待合室	1	0.001316
のり	1	0.001316
ば	1	0.001316
平均	1	0.001316
タクシー	1	0.001316
待ち合い	1	0.001316
観光	1	0.001316
案内	1	0.001316
所	1	0.001316
役場	1	0.001316
郵便	1	0.001316
局	1	0.001316
村立	1	0.001316
小学校	1	0.001316
高瀬川	1	0.001316
国道	1	0.001316
147	1	0.001316
号	1	0.001316
ちひろ	1	0.001316
美術館	1	0.001316
町営	1	0.001316
出入口	1	0.001316
総合	1	0.001316
病院	1	0.001316
南	1	0.001316
保育園	1	0.001316
入口	1	0.001316
五	1	0.001316
丁目	1	0.001316
正	1	0.001316
科	1	0.001316
北方	1	0.001316
その他	1	0.001316
福祉	1	0.001316
乗り入れ	1	0.001316
いる	1	0.001316
1915	1	0.001316
大正	1	0.001316
29	1	0.001316
当	1	0.001316
間	1	0.001316
開通	1	0.001316
として	1	0.001316
開業	1	0.001316
旅客	1	0.001316
開始	1	0.001316
12	1	0.001316
1982	1	0.001316
57	1	0.001316
31	1	0.001316
廃止	1	0.001316
1987	1	0.001316
62	1	0.001316
分割	1	0.001316
民営	1	0.001316
一覧	1	0.001316
隠す	1	0.001316
島内	1	0.001316
高松	1	0.001316
梓橋	1	0.001316
一	1	0.001316
市場	1	0.001316
中	1	0.001316
萱	1	0.001316
南豊科	1	0.001316
柏矢町	1	0.001316
安曇追分	1	0.001316
信濃常盤	1	0.001316
南大町	1	0.001316
北大町	1	0.001316
信濃木崎	1	0.001316
稲尾	1	0.001316
海ノ口	1	0.001316
簗場	1	0.001316
臨	1	0.001316
ヤナバスキー	1	0.001316
場	1	0.001316
南神城	1	0.001316
神城	1	0.001316
飯森	1	0.001316
信濃森上	1	0.001316
白馬大池	1	0.001316
千	1	0.001316
国	1	0.001316
http	1	0.001316
://	1	0.001316
ja	1	0.001316
wikipedia	1	0.001316
org	1	0.001316
wiki	1	0.001316
/%	1	0.001316
83	1	0.001316
BE	1	0.001316
B	1	0.001316
85	1	0.001316
作成	1	0.001316
カテゴリ	1	0.001316
