〜	43	0.041748
%	34	0.033010
の	29	0.028155
町	24	0.023301
「	23	0.022330
。	22	0.021359
」	22	0.021359
バス	20	0.019417
、	19	0.018447
前	19	0.018447
は	17	0.016505
[	15	0.014563
が	14	0.013592
]	13	0.012621
E	13	0.012621
五所川原	11	0.010680
・	11	0.010680
編集	11	0.010680
街	10	0.009709
新宮	10	0.009709
3	9	0.008738
松島	9	0.008738
所	8	0.007767
エルム	8	0.007767
5	8	0.007767
-	8	0.007767
団地	8	0.007767
運行	7	0.006796
で	7	0.006796
1	7	0.006796
コース	7	0.006796
みどり	7	0.006796
に	7	0.006796
し	6	0.005825
を	6	0.005825
て	6	0.005825
号	6	0.005825
円	6	0.005825
西口	6	0.005825
循環	5	0.004854
市	5	0.004854
フリー	5	0.004854
弘	5	0.004854
南	5	0.004854
.	5	0.004854
運賃	5	0.004854
年	5	0.004854
た	5	0.004854
と	5	0.004854
一	5	0.004854
ッ	5	0.004854
谷	5	0.004854
さ	5	0.004854
丁目	5	0.004854
|	5	0.004854
ある	4	0.003883
2	4	0.003883
営業	4	0.003883
若葉	4	0.003883
4	4	0.003883
乗降	4	0.003883
方式	4	0.003883
8	4	0.003883
月	4	0.003883
日	4	0.003883
100	4	0.003883
入口	4	0.003883
間	4	0.003883
れ	4	0.003883
旭	4	0.003883
みち	4	0.003883
銀	4	0.003883
⇔	4	0.003883
市営	4	0.003883
券	4	0.003883
B	4	0.003883
商店	3	0.002913
:	3	0.002913
商工	3	0.002913
会議	3	0.002913
いる	3	0.002913
7	3	0.002913
開始	3	0.002913
から	3	0.002913
西北	3	0.002913
病院	3	0.002913
八重菊	3	0.002913
所要	3	0.002913
時間	3	0.002913
約	3	0.002913
分	3	0.002913
区間	3	0.002913
八	3	0.002913
本町	3	0.002913
最	3	0.002913
寄	3	0.002913
車内	3	0.002913
れる	3	0.002913
住	3	0.002913
専用	3	0.002913
車両	3	0.002913
横浜	3	0.002913
.^	3	0.002913
9	3	0.002913
『	2	0.001942
（	2	0.001942
）	2	0.001942
』	2	0.001942
青森	2	0.001942
県	2	0.001942
市内	2	0.001942
する	2	0.001942
コミュニティ	2	0.001942
沿革	2	0.001942
担当	2	0.001942
経路	2	0.001942
直行	2	0.001942
立	2	0.001942
佞武	2	0.001942
多	2	0.001942
虫送り	2	0.001942
広田	2	0.001942
ゴニンカン	2	0.001942
6	2	0.001942
その他	2	0.001942
外部	2	0.001942
リンク	2	0.001942
脚注	2	0.001942
15	2	0.001942
2008	2	0.001942
120	2	0.001942
値上げ	2	0.001942
田町	2	0.001942
東北電力	2	0.001942
]〜	2	0.001942
県営	2	0.001942
乗田	2	0.001942
薬店	2	0.001942
五	2	0.001942
柏原	2	0.001942
60	2	0.001942
停留所	2	0.001942
方面	2	0.001942
放送	2	0.001942
バス停	2	0.001942
案内	2	0.001942
姥萢	2	0.001942
車	2	0.001942
使用	2	0.001942
利用	2	0.001942
ない	2	0.001942
路線	2	0.001942
い	2	0.001942
伴い	2	0.001942
BA	2	0.001942
97	2	0.001942
82	2	0.001942
東北	2	0.001942
地方	2	0.001942
(	1	0.000971
)	1	0.000971
出典	1	0.000971
百科	1	0.000971
事典	1	0.000971
ウィキペディア	1	0.000971
Wikipedia	1	0.000971
移動	1	0.000971
ナビゲーション	1	0.000971
,	1	0.000971
検索	1	0.000971
ょうてんがいじゅんかんばす	1	0.000971
運営	1	0.000971
受託	1	0.000971
目次	1	0.000971
非	1	0.000971
表示	1	0.000971
1999	1	0.000971
中心	1	0.000971
市街地	1	0.000971
活性	1	0.000971
化	1	0.000971
向け	1	0.000971
賑わい	1	0.000971
創出	1	0.000971
事業	1	0.000971
一環	1	0.000971
として	1	0.000971
試行	1	0.000971
2000	1	0.000971
本格	1	0.000971
2004	1	0.000971
統合	1	0.000971
再編	1	0.000971
12	1	0.000971
25	1	0.000971
改称	1	0.000971
駅前	1	0.000971
ツルハドラッグ	1	0.000971
店	1	0.000971
⇒	1	0.000971
降車	1	0.000971
廃止	1	0.000971
東口	1	0.000971
集会	1	0.000971
オルテンシア	1	0.000971
下平井	1	0.000971
敷島	1	0.000971
保健所	1	0.000971
前間	1	0.000971
五所川原立佞武多	1	0.000971
館	1	0.000971
または	1	0.000971
のみ	1	0.000971
柳沼	1	0.000971
榊	1	0.000971
森	1	0.000971
米崎	1	0.000971
二本柳	1	0.000971
みん	1	0.000971
ゆう	1	0.000971
薬局	1	0.000971
鎌谷	1	0.000971
大町	1	0.000971
住宅	1	0.000971
通り	1	0.000971
南口	1	0.000971
前払い	1	0.000971
による	1	0.000971
乗り	1	0.000971
後	1	0.000971
降り	1	0.000971
以外	1	0.000971
場合	1	0.000971
異なる	1	0.000971
こと	1	0.000971
大人	1	0.000971
小学生	1	0.000971
以下	1	0.000971
無料	1	0.000971
定期	1	0.000971
回数	1	0.000971
優待	1	0.000971
企画	1	0.000971
乗車	1	0.000971
でき	1	0.000971
津軽	1	0.000971
パス	1	0.000971
可能	1	0.000971
当	1	0.000971
元	1	0.000971
あり	1	0.000971
座席	1	0.000971
や	1	0.000971
内装	1	0.000971
一部	1	0.000971
時代	1	0.000971
まま	1	0.000971
なっ	1	0.000971
その	1	0.000971
為	1	0.000971
キャラクター	1	0.000971
はまり	1	0.000971
ん	1	0.000971
見る	1	0.000971
事	1	0.000971
できる	1	0.000971
オリジナル	1	0.000971
塗装	1	0.000971
なさ	1	0.000971
文字	1	0.000971
だけ	1	0.000971
消さ	1	0.000971
アナウンス	1	0.000971
ワークショップ	1	0.000971
ワーク	1	0.000971
ボーイ	1	0.000971
あっ	1	0.000971
夏	1	0.000971
システム	1	0.000971
変更	1	0.000971
名	1	0.000971
統一	1	0.000971
ポール	1	0.000971
設置	1	0.000971
あわせ	1	0.000971
駅	1	0.000971
http	1	0.000971
://	1	0.000971
ja	1	0.000971
wikipedia	1	0.000971
org	1	0.000971
/	1	0.000971
wiki	1	0.000971
/%	1	0.000971
95	1	0.000971
86	1	0.000971
A	1	0.000971
BE	1	0.000971
AA	1	0.000971
92	1	0.000971
0	1	0.000971
83	1	0.000971
90	1	0.000971
_(%	1	0.000971
94	1	0.000971
89	1	0.000971
80	1	0.000971
D	1	0.000971
F	1	0.000971
)」	1	0.000971
より	1	0.000971
作成	1	0.000971
カテゴリ	1	0.000971
自治体	1	0.000971
交通	1	0.000971
