：	29	0.037859
/	25	0.032637
（	20	0.026110
）	20	0.026110
.	20	0.026110
漫画	19	0.024804
、	17	0.022193
月	12	0.015666
−	12	0.015666
年	11	0.014360
%	11	0.014360
日	10	0.013055
。	8	0.010444
を	8	0.010444
1	8	0.010444
第	8	0.010444
巻	8	0.010444
ISBN	8	0.010444
・	7	0.009138
原	6	0.007833
獣	6	0.007833
文書	6	0.007833
『	6	0.007833
』	6	0.007833
[	6	0.007833
]	6	0.007833
作品	6	0.007833
の	6	0.007833
5	6	0.007833
3	6	0.007833
6	6	0.007833
8	6	0.007833
は	5	0.006527
ドラマ	5	0.006527
CD	5	0.006527
2	5	0.006527
4	5	0.006527
7	5	0.006527
E	5	0.006527
:	4	0.005222
家	4	0.005222
て	4	0.005222
編集	4	0.005222
まき	4	0.005222
9	4	0.005222
-	4	0.005222
日本	3	0.003916
原作	3	0.003916
者	3	0.003916
雑誌	3	0.003916
新書	3	0.003916
館	3	0.003916
た	3	0.003916
登場	3	0.003916
ゼーン	3	0.003916
30	3	0.003916
」	3	0.003916
B	3	0.003916
健一	3	0.003916
項目	3	0.003916
|	3	0.003916
表示	2	0.002611
カテゴリ	2	0.002611
サウス	2	0.002611
にて	2	0.002611
連載	2	0.002611
月刊	2	0.002611
ウィングス	2	0.002611
さ	2	0.002611
れ	2	0.002611
に	2	0.002611
人物	2	0.002611
書籍	2	0.002611
キャスト	2	0.002611
レイ・ジーンセイバーヘーゲン	2	0.002611
村上	2	0.002611
静馬	2	0.002611
し	2	0.002611
アルビレオ	2	0.002611
友	2	0.002611
能	2	0.002611
と	2	0.002611
チェリー	2	0.002611
11	2	0.002611
1997	2	0.002611
2001	2	0.002611
10	2	0.002611
WIN	2	0.002611
アニメイトフィルム	2	0.002611
テーマ	2	0.002611
Vo	2	0.002611
山寺	2	0.002611
宏一	2	0.002611
プロローグ	2	0.002611
!	2	0.002611
チェック	2	0.002611
エピローグ	2	0.002611
中原	2	0.002611
茂	2	0.002611
浅丘	2	0.002611
夏未	2	0.002611
南央	2	0.002611
美	2	0.002611
人	2	0.002611
ヴァージニア	2	0.002611
張	2	0.002611
春生	2	0.002611
医師	2	0.002611
大川	2	0.002611
透	2	0.002611
部下	2	0.002611
A	2	0.002611
望月	2	0.002611
杉田	2	0.002611
智和	2	0.002611
「	2	0.002611
PJ	2	0.002611
出典	1	0.001305
フリー	1	0.001305
百科	1	0.001305
事典	1	0.001305
ウィキペディア	1	0.001305
Wikipedia	1	0.001305
移動	1	0.001305
ナビゲーション	1	0.001305
,	1	0.001305
検索	1	0.001305
関連	1	0.001305
リンク	1	0.001305
ウィキポータル	1	0.001305
プロジェクト	1	0.001305
表	1	0.001305
話	1	0.001305
編	1	0.001305
歴	1	0.001305
ゲンジユウブンシヨ	1	0.001305
なる	1	0.001305
しま	1	0.001305
ゆり	1	0.001305
による	1	0.001305
1995	1	0.001305
から	1	0.001305
開始	1	0.001305
休刊	1	0.001305
後	1	0.001305
増刊	1	0.001305
で	1	0.001305
あっ	1	0.001305
ハックルベリー	1	0.001305
本	1	0.001305
化	1	0.001305
いる	1	0.001305
目次	1	0.001305
非	1	0.001305
むら	1	0.001305
かみ	1	0.001305
ず	1	0.001305
ま	1	0.001305
も	1	0.001305
のう	1	0.001305
1996	1	0.001305
20	1	0.001305
4403614361	1	0.001305
14	1	0.001305
4403614639	1	0.001305
1998	1	0.001305
29	1	0.001305
4403615082	1	0.001305
1999	1	0.001305
4403615376	1	0.001305
2000	1	0.001305
4403615961	1	0.001305
12	1	0.001305
4403616585	1	0.001305
2003	1	0.001305
4403617301	1	0.001305
2005	1	0.001305
4403618006	1	0.001305
25	1	0.001305
0001	1	0.001305
そして	1	0.001305
冒険	1	0.001305
始まっ	1	0.001305
OP	1	0.001305
始まり	1	0.001305
石	1	0.001305
遭遇	1	0.001305
告白	1	0.001305
　	1	0.001305
魔神	1	0.001305
ゆれる	1	0.001305
想い	1	0.001305
婚	1	0.001305
歌	1	0.001305
ED	1	0.001305
II	1	0.001305
31	1	0.001305
0010	1	0.001305
話そ	1	0.001305
う	1	0.001305
よ	1	0.001305
.「	1	0.001305
巫	1	0.001305
子	1	0.001305
サバイバル	1	0.001305
レイ	1	0.001305
ジーン	1	0.001305
基地	1	0.001305
破壊	1	0.001305
順	1	0.001305
博士	1	0.001305
三木	1	0.001305
眞一郎	1	0.001305
子供	1	0.001305
時代	1	0.001305
森川	1	0.001305
智之	1	0.001305
緒方	1	0.001305
恵美	1	0.001305
浅川	1	0.001305
悠	1	0.001305
今井	1	0.001305
由香	1	0.001305
魔	1	0.001305
緑川	1	0.001305
光	1	0.001305
森久保	1	0.001305
祥	1	0.001305
太郎	1	0.001305
折笠	1	0.001305
愛	1	0.001305
石井	1	0.001305
康嗣	1	0.001305
イワン	1	0.001305
ロストフ	1	0.001305
室園	1	0.001305
丈	1	0.001305
裕	1	0.001305
カレッセオ	1	0.001305
津野田	1	0.001305
なるみ	1	0.001305
ティトオ	1	0.001305
根	1	0.001305
谷	1	0.001305
美智子	1	0.001305
園部	1	0.001305
啓一	1	0.001305
飛田	1	0.001305
展	1	0.001305
男	1	0.001305
ガ	1	0.001305
レス	1	0.001305
G	1	0.001305
ジョーンズ	1	0.001305
隊長	1	0.001305
うすい	1	0.001305
たか	1	0.001305
やす	1	0.001305
ハインツ	1	0.001305
細井	1	0.001305
治	1	0.001305
大陸	1	0.001305
太田	1	0.001305
正道	1	0.001305
小林	1	0.001305
由美子	1	0.001305
カナーン	1	0.001305
岩田	1	0.001305
光央	1	0.001305
クリストファー	1	0.001305
ディーツ	1	0.001305
鈴村	1	0.001305
ガレス	1	0.001305
長	1	0.001305
嶝高	1	0.001305
士	1	0.001305
キュー	1	0.001305
トス	1	0.001305
飯田	1	0.001305
利信	1	0.001305
サヴァルク	1	0.001305
ケイ	1	0.001305
海賊	1	0.001305
山田	1	0.001305
真一	1	0.001305
この	1	0.001305
に関する	1	0.001305
書き	1	0.001305
かけ	1	0.001305
です	1	0.001305
加筆	1	0.001305
訂正	1	0.001305
など	1	0.001305
下さる	1	0.001305
協力	1	0.001305
求め	1	0.001305
い	1	0.001305
ます	1	0.001305
P	1	0.001305
が	1	0.001305
場合	1	0.001305
{{	1	0.001305
Manga	1	0.001305
artist	1	0.001305
stub	1	0.001305
}}	1	0.001305
貼り	1	0.001305
付け	1	0.001305
ください	1	0.001305
http	1	0.001305
://	1	0.001305
ja	1	0.001305
wikipedia	1	0.001305
org	1	0.001305
wiki	1	0.001305
/%	1	0.001305
F	1	0.001305
D	1	0.001305
96	1	0.001305
87	1	0.001305
より	1	0.001305
作成	1	0.001305
け	1	0.001305
ファンタジー	1	0.001305
