年	27	0.049908
、	24	0.044362
の	24	0.044362
（	21	0.038817
）	21	0.038817
。	13	0.024030
に	13	0.024030
建築	11	0.020333
%	11	0.020333
た	8	0.014787
し	6	0.011091
|	6	0.011091
周	5	0.009242
忠	5	0.009242
東京	5	0.009242
事務所	5	0.009242
　	5	0.009242
会	4	0.007394
学校	4	0.007394
を	4	0.007394
浜岡	4	0.007394
記念	4	0.007394
と	4	0.007394
E	4	0.007394
:	3	0.005545
家	3	0.005545
高等	3	0.005545
工芸	3	0.005545
で	3	0.005545
[	3	0.005545
編集	3	0.005545
]	3	0.005545
新制	3	0.005545
前身	3	0.005545
1922	3	0.005545
聖蹟	3	0.005545
館	3	0.005545
1927	3	0.005545
グロピウス	3	0.005545
都市	3	0.005545
「	3	0.005545
」	3	0.005545
1926	3	0.005545
文化	3	0.005545
・	3	0.005545
5	3	0.005545
蔵田	2	0.003697
1895	2	0.003697
-	2	0.003697
1966	2	0.003697
は	2	0.003697
日本	2	0.003697
分離	2	0.003697
派	2	0.003697
参加	2	0.003697
史	2	0.003697
著作	2	0.003697
武蔵工業大学	2	0.003697
山口	2	0.003697
県	2	0.003697
出身	2	0.003697
設計	2	0.003697
入所	2	0.003697
曽	2	0.003697
ら	2	0.003697
関根	2	0.003697
や	2	0.003697
など	2	0.003697
千葉大学	2	0.003697
1930	2	0.003697
作品	2	0.003697
大学	2	0.003697
多摩	2	0.003697
計画	2	0.003697
著	2	0.003697
森口	2	0.003697
多	2	0.003697
里	2	0.003697
編	2	0.003697
1924	2	0.003697
近代	2	0.003697
.	2	0.003697
8	2	0.003697
94	2	0.003697
B	2	0.003697
0	2	0.003697
A	2	0.003697
教員	2	0.003697
出典	1	0.001848
フリー	1	0.001848
百科	1	0.001848
事典	1	0.001848
『	1	0.001848
ウィキペディア	1	0.001848
Wikipedia	1	0.001848
』	1	0.001848
移動	1	0.001848
ナビゲーション	1	0.001848
,	1	0.001848
検索	1	0.001848
くら	1	0.001848
ちかただ	1	0.001848
関係	1	0.001848
が	1	0.001848
多い	1	0.001848
また	1	0.001848
後進	1	0.001848
指導	1	0.001848
経歴	1	0.001848
萩	1	0.001848
旧姓	1	0.001848
1913	1	0.001848
工手	1	0.001848
工学院大学	1	0.001848
卒業	1	0.001848
1914	1	0.001848
三橋	1	0.001848
四郎	1	0.001848
その後	1	0.001848
禰達	1	0.001848
蔵	1	0.001848
禰	1	0.001848
中條	1	0.001848
移っ	1	0.001848
1920	1	0.001848
早稲田大学	1	0.001848
選科	1	0.001848
生	1	0.001848
として	1	0.001848
入学	1	0.001848
1921	1	0.001848
平和	1	0.001848
博覧	1	0.001848
上野公園	1	0.001848
施設	1	0.001848
建設	1	0.001848
技術	1	0.001848
員	1	0.001848
なり	1	0.001848
ここ	1	0.001848
堀口	1	0.001848
捨己	1	0.001848
知り合い	1	0.001848
同	1	0.001848
三	1	0.001848
橋	1	0.001848
先輩	1	0.001848
だっ	1	0.001848
要太郎	1	0.001848
京王	1	0.001848
閣	1	0.001848
関わっ	1	0.001848
学部	1	0.001848
講師	1	0.001848
1943	1	0.001848
まで	1	0.001848
ワイマール	1	0.001848
共和	1	0.001848
政	1	0.001848
時代	1	0.001848
ドイツ	1	0.001848
渡り	1	0.001848
バウハウス	1	0.001848
モダニズム	1	0.001848
接し	1	0.001848
1932	1	0.001848
武蔵	1	0.001848
工科	1	0.001848
現	1	0.001848
教授	1	0.001848
就任	1	0.001848
1962	1	0.001848
農家	1	0.001848
居住	1	0.001848
性	1	0.001848
に関する	1	0.001848
研究	1	0.001848
により	1	0.001848
工学	1	0.001848
博士	1	0.001848
号	1	0.001848
取得	1	0.001848
聖	1	0.001848
シオン	1	0.001848
会堂	1	0.001848
現存	1	0.001848
ない	1	0.001848
担当	1	0.001848
等々力	1	0.001848
ジードルンク	1	0.001848
訳書	1	0.001848
エジプト	1	0.001848
印度	1	0.001848
思潮	1	0.001848
ロダン	1	0.001848
以後	1	0.001848
ルネッサンス	1	0.001848
ブルー	1	0.001848
ノ	1	0.001848
タウト	1	0.001848
1942	1	0.001848
1953	1	0.001848
民家	1	0.001848
帖	1	0.001848
1955	1	0.001848
1965	1	0.001848
生活	1	0.001848
空間	1	0.001848
創造	1	0.001848
戸川	1	0.001848
敬一	1	0.001848
共	1	0.001848
訳	1	0.001848
彰	1	0.001848
国	1	0.001848
社	1	0.001848
1958	1	0.001848
−	1	0.001848
アメリカ	1	0.001848
移住	1	0.001848
後	1	0.001848
講義	1	0.001848
録	1	0.001848
元	1	0.001848
http	1	0.001848
://	1	0.001848
ja	1	0.001848
wikipedia	1	0.001848
org	1	0.001848
/	1	0.001848
wiki	1	0.001848
/%	1	0.001848
7	1	0.001848
91	1	0.001848
BF	1	0.001848
より	1	0.001848
作成	1	0.001848
カテゴリ	1	0.001848
人物	1	0.001848
年生	1	0.001848
没	1	0.001848
