、	88	0.037447
の	78	0.033191
。	59	0.025106
が	56	0.023830
に	46	0.019574
を	41	0.017447
月	39	0.016596
年	38	0.016170
日	38	0.016170
は	35	0.014894
て	35	0.014894
で	28	0.011915
2	27	0.011489
し	27	0.011489
た	27	0.011489
%	26	0.011064
いる	25	0.010638
：	24	0.010213
訓練	20	0.008511
「	20	0.008511
」	20	0.008511
約	18	0.007660
5	18	0.007660
[	18	0.007660
と	17	0.007234
3	17	0.007234
実弾	17	0.007234
射撃	17	0.007234
,	16	0.006809
により	16	0.006809
原野	15	0.006383
火災	15	0.006383
発生	15	0.006383
m	15	0.006383
焼失	15	0.006383
000	14	0.005957
反対	14	0.005957
調査	14	0.005957
基地	13	0.005532
移設	12	0.005106
れ	12	0.005106
軍	11	0.004681
.	11	0.004681
]	11	0.004681
さ	11	0.004681
.^	11	0.004681
米	10	0.004255
・	10	0.004255
1	10	0.004255
から	10	0.004255
派	10	0.004255
2007	10	0.004255
として	9	0.003830
9	9	0.003830
も	9	0.003830
E	9	0.003830
（	8	0.003404
）	8	0.003404
沖縄	8	0.003404
隊	8	0.003404
4	8	0.003404
普天間	8	0.003404
8	8	0.003404
編集	8	0.003404
ため	8	0.003404
11	8	0.003404
キャンプ・シュワブ	7	0.002979
海兵	7	0.002979
7	7	0.002979
6	7	0.002979
この	7	0.002979
辺野古	7	0.002979
19	7	0.002979
10	7	0.002979
]。	7	0.002979
83	7	0.002979
名護	6	0.002553
市	6	0.002553
在日	6	0.002553
12	6	0.002553
情報	6	0.002553
ない	6	0.002553
海	6	0.002553
20	5	0.002128
施設	5	0.002128
人	5	0.002128
/	5	0.002128
ある	5	0.002128
い	5	0.002128
中	5	0.002128
など	5	0.002128
派遣	5	0.002128
活動	5	0.002128
な	5	0.002128
:	4	0.001702
使用	4	0.001702
名	4	0.001702
部	4	0.001702
第	4	0.001702
する	4	0.001702
18	4	0.001702
1994	4	0.001702
市民	4	0.001702
掃海	4	0.001702
ぶん	4	0.001702
ご	4	0.001702
防衛	4	0.001702
抗議	4	0.001702
行っ	4	0.001702
ダイバー	4	0.001702
保全	4	0.001702
度	4	0.001702
県	3	0.001277
km	3	0.001277
その	3	0.001277
区域	3	0.001277
シュワブ	3	0.001277
アメリカ	3	0.001277
非	3	0.001277
部隊	3	0.001277
計画	3	0.001277
参照	3	0.001277
23	3	0.001277
より	3	0.001277
16	3	0.001277
29	3	0.001277
機関	3	0.001277
-	3	0.001277
40	3	0.001277
員	3	0.001277
現在	3	0.001277
可能	3	0.001277
性	3	0.001277
あり	3	0.001277
問題	3	0.001277
海域	3	0.001277
こと	3	0.001277
団体	3	0.001277
や	3	0.001277
2006	3	0.001277
妨害	3	0.001277
逮捕	3	0.001277
主張	3	0.001277
行為	3	0.001277
海上	3	0.001277
自衛隊	3	0.001277
母艦	3	0.001277
設置	3	0.001277
あっ	3	0.001277
行動	3	0.001277
省	3	0.001277
現況	3	0.001277
作業	3	0.001277
へ	3	0.001277
暴力	3	0.001277
暴行	3	0.001277
機器	3	0.001277
21	3	0.001277
琉球新報	3	0.001277
監視	3	0.001277
保坂	3	0.001277
守屋	3	0.001277
自	3	0.001277
環境	3	0.001277
26	3	0.001277
128	3	0.001277
『	2	0.000851
』	2	0.000851
Schwab	2	0.000851
)	2	0.000851
宜野座	2	0.000851
村	2	0.000851
面積	2	0.000851
まで	2	0.000851
による	2	0.000851
キャンプ	2	0.000851
24	2	0.000851
概要	2	0.000851
任務	2	0.000851
地理	2	0.000851
沿革	2	0.000851
関連	2	0.000851
項目	2	0.000851
外部	2	0.000851
リンク	2	0.000851
%(	2	0.000851
沖	2	0.000851
強襲	2	0.000851
大隊	2	0.000851
同	2	0.000851
その他	2	0.000851
廃	2	0.000851
弾	2	0.000851
処理	2	0.000851
地区	2	0.000851
おり	2	0.000851
れる	2	0.000851
水陸	2	0.000851
両用	2	0.000851
銃	2	0.000851
1981	2	0.000851
14	2	0.000851
1984	2	0.000851
外	2	0.000851
車両	2	0.000851
31	2	0.000851
ヘリコプター	2	0.000851
地	2	0.000851
90	2	0.000851
1995	2	0.000851
2002	2	0.000851
節	2	0.000851
進行	2	0.000851
ます	2	0.000851
代替	2	0.000851
地元	2	0.000851
住民	2	0.000851
運動	2	0.000851
不当	2	0.000851
決定	2	0.000851
ただし	2	0.000851
mm	2	0.000851
批判	2	0.000851
なっ	2	0.000851
移転	2	0.000851
という	2	0.000851
][	2	0.000851
事実	2	0.000851
水中	2	0.000851
殴る	2	0.000851
蹴る	2	0.000851
被害	2	0.000851
者	2	0.000851
また	2	0.000851
報道	2	0.000851
北海道新聞	2	0.000851
福島	2	0.000851
瑞穂	2	0.000851
展	2	0.000851
議員	2	0.000851
次官	2	0.000851
について	2	0.000851
阻止	2	0.000851
に対し	2	0.000851
飛行場	2	0.000851
沿岸	2	0.000851
何	2	0.000851
サンゴ	2	0.000851
どこ	2	0.000851
日記	2	0.000851
政党	2	0.000851
北緯	2	0.000851
分	2	0.000851
秒	2	0.000851
東経	2	0.000851
52472	2	0.000851
04444	2	0.000851
82	2	0.000851
A	2	0.000851
B	2	0.000851
|	2	0.000851
出典	1	0.000426
フリー	1	0.000426
百科	1	0.000426
事典	1	0.000426
ウィキペディア	1	0.000426
Wikipedia	1	0.000426
移動	1	0.000426
ナビゲーション	1	0.000426
検索	1	0.000426
キャンプ・シュワブキャンプ・シュワブ	1	0.000426
(	1	0.000426
Camp	1	0.000426
国頭	1	0.000426
郡	1	0.000426
またがる	1	0.000426
総	1	0.000426
63	1	0.000426
ほとんど	1	0.000426
占め	1	0.000426
上空	1	0.000426
2000	1	0.000426
フィート	1	0.000426
認め	1	0.000426
られ	1	0.000426
1945	1	0.000426
戦	1	0.000426
歳	1	0.000426
戦死	1	0.000426
名誉	1	0.000426
勲章	1	0.000426
受章	1	0.000426
アルバート	1	0.000426
アーネスト	1	0.000426
一等	1	0.000426
兵	1	0.000426
Albert	1	0.000426
Earnest	1	0.000426
オクラホマ	1	0.000426
州	1	0.000426
タルサ	1	0.000426
出身	1	0.000426
ドイツ	1	0.000426
系	1	0.000426
因ん	1	0.000426
目次	1	0.000426
表示	1	0.000426
市町村	1	0.000426
別	1	0.000426
比率	1	0.000426
99	1	0.000426
43	1	0.000426
)、	1	0.000426
0	1	0.000426
管理	1	0.000426
在	1	0.000426
司令	1	0.000426
占める	1	0.000426
土地	1	0.000426
うち	1	0.000426
およそ	1	0.000426
私有地	1	0.000426
年間	1	0.000426
億	1	0.000426
円	1	0.000426
超える	1	0.000426
金額	1	0.000426
賃借	1	0.000426
料	1	0.000426
地主	1	0.000426
支払わ	1	0.000426
師団	1	0.000426
戦闘	1	0.000426
揚陸	1	0.000426
演習	1	0.000426
連隊	1	0.000426
歩兵	1	0.000426
国道	1	0.000426
329	1	0.000426
号	1	0.000426
西側	1	0.000426
内陸	1	0.000426
位置	1	0.000426
東側	1	0.000426
海岸	1	0.000426
なる	1	0.000426
分かれ	1	0.000426
隣接	1	0.000426
弾薬	1	0.000426
庫	1	0.000426
1956	1	0.000426
開始	1	0.000426
1972	1	0.000426
15	1	0.000426
復帰	1	0.000426
伴い	1	0.000426
提供	1	0.000426
1978	1	0.000426
民家	1	0.000426
畑	1	0.000426
道路	1	0.000426
等	1	0.000426
車	1	0.000426
誤	1	0.000426
射	1	0.000426
22	1	0.000426
60	1	0.000426
1982	1	0.000426
発射	1	0.000426
銃弾	1	0.000426
停車	1	0.000426
命中	1	0.000426
飛行	1	0.000426
CH	1	0.000426
53	1	0.000426
ドア	1	0.000426
民間	1	0.000426
落下	1	0.000426
1985	1	0.000426
1986	1	0.000426
1992	1	0.000426
500	1	0.000426
1993	1	0.000426
13	1	0.000426
UH	1	0.000426
内	1	0.000426
墜落	1	0.000426
死亡	1	0.000426
重軽傷	1	0.000426
1996	1	0.000426
台	1	0.000426
沈没	1	0.000426
乗組	1	0.000426
全員	1	0.000426
救助	1	0.000426
2001	1	0.000426
285	1	0.000426
事象	1	0.000426
扱っ	1	0.000426
記事	1	0.000426
内容	1	0.000426
最新	1	0.000426
反映	1	0.000426
沖合	1	0.000426
建設	1	0.000426
案	1	0.000426
持ち上がっ	1	0.000426
絶滅	1	0.000426
危惧	1	0.000426
種	1	0.000426
ジュゴン	1	0.000426
生息	1	0.000426
北限	1	0.000426
はじめ	1	0.000426
自然	1	0.000426
保護	1	0.000426
反戦	1	0.000426
声	1	0.000426
あがっ	1	0.000426
先立つ	1	0.000426
文化財	1	0.000426
巡っ	1	0.000426
公務	1	0.000426
執行	1	0.000426
容疑	1	0.000426
平和	1	0.000426
連絡	1	0.000426
会	1	0.000426
共同	1	0.000426
代表	1	0.000426
牧師	1	0.000426
その後	1	0.000426
釈放	1	0.000426
なお	1	0.000426
側	1	0.000426
対応	1	0.000426
久間	1	0.000426
章生	1	0.000426
相	1	0.000426
短時間	1	0.000426
器具	1	0.000426
行う	1	0.000426
防衛施設庁	1	0.000426
依頼	1	0.000426
国家	1	0.000426
行政	1	0.000426
組織	1	0.000426
法	1	0.000426
基づい	1	0.000426
警備	1	0.000426
行わ	1	0.000426
に関する	1	0.000426
事業	1	0.000426
艦艇	1	0.000426
異例	1	0.000426
重	1	0.000426
76	1	0.000426
砲	1	0.000426
武装	1	0.000426
備え	1	0.000426
そのもの	1	0.000426
威圧	1	0.000426
もの	1	0.000426
旧	1	0.000426
日本	1	0.000426
思い出さ	1	0.000426
せる	1	0.000426
仲井	1	0.000426
真弘	1	0.000426
多	1	0.000426
県知事	1	0.000426
出す	1	0.000426
銃剣	1	0.000426
突きつけ	1	0.000426
よう	1	0.000426
連想	1	0.000426
せ	1	0.000426
強烈	1	0.000426
誤解	1	0.000426
生む	1	0.000426
やり方	1	0.000426
デリカシー	1	0.000426
欠ける	1	0.000426
以降	1	0.000426
インターネット	1	0.000426
上	1	0.000426
でも	1	0.000426
活発	1	0.000426
結局	1	0.000426
隊員	1	0.000426
ものの	1	0.000426
姿	1	0.000426
見せ	1	0.000426
なかっ	1	0.000426
海中	1	0.000426
会社	1	0.000426
タンク	1	0.000426
空気	1	0.000426
吸う	1	0.000426
口	1	0.000426
くわえ	1	0.000426
レギュレーター	1	0.000426
見	1	0.000426
られる	1	0.000426
外さ	1	0.000426
申告	1	0.000426
現場	1	0.000426
なさ	1	0.000426
保安	1	0.000426
本部	1	0.000426
管区	1	0.000426
捜査	1	0.000426
乗り出し	1	0.000426
それ	1	0.000426
に対して	1	0.000426
反論	1	0.000426
海上保安庁	1	0.000426
職員	1	0.000426
加える	1	0.000426
悪質	1	0.000426
態度	1	0.000426
取っ	1	0.000426
これら	1	0.000426
現時点	1	0.000426
警察	1	0.000426
届	1	0.000426
出し	1	0.000426
おら	1	0.000426
ず	1	0.000426
示す	1	0.000426
物的	1	0.000426
証拠	1	0.000426
今	1	0.000426
ところ	1	0.000426
存在	1	0.000426
珊瑚	1	0.000426
破壊	1	0.000426
時事通信社	1	0.000426
判明	1	0.000426
伝え	1	0.000426
国	1	0.000426
方法	1	0.000426
発覚	1	0.000426
に関して	1	0.000426
社会民主党	1	0.000426
党首	1	0.000426
市ヶ谷	1	0.000426
訪問	1	0.000426
武	1	0.000426
昌	1	0.000426
事務次官	1	0.000426
不法	1	0.000426
際	1	0.000426
事後	1	0.000426
収集	1	0.000426
言及	1	0.000426
自身	1	0.000426
ブログ	1	0.000426
報告	1	0.000426
但し	1	0.000426
其の	1	0.000426
後	1	0.000426
記者	1	0.000426
団	1	0.000426
非公式	1	0.000426
会見	1	0.000426
事	1	0.000426
否定	1	0.000426
各社	1	0.000426
両論	1	0.000426
併記	1	0.000426
一方	1	0.000426
現地	1	0.000426
にて	1	0.000426
中止	1	0.000426
要求	1	0.000426
受注	1	0.000426
たい	1	0.000426
あの	1	0.000426
出	1	0.000426
関係	1	0.000426
殺人	1	0.000426
未遂	1	0.000426
同然	1	0.000426
スクーバダイビング	1	0.000426
装備	1	0.000426
バルブ	1	0.000426
閉止	1	0.000426
行なっ	1	0.000426
2010	1	0.000426
市長	1	0.000426
選挙	1	0.000426
投開票	1	0.000426
同市	1	0.000426
無所属	1	0.000426
新人	1	0.000426
前	1	0.000426
教育	1	0.000426
長	1	0.000426
稲	1	0.000426
嶺	1	0.000426
進	1	0.000426
当選	1	0.000426
確定	1	0.000426
両	1	0.000426
政権	1	0.000426
合意	1	0.000426
実行	1	0.000426
暗礁	1	0.000426
乗り上げる	1	0.000426
鳩山	1	0.000426
由紀夫	1	0.000426
内閣	1	0.000426
2009	1	0.000426
結論	1	0.000426
持ち越す	1	0.000426
明らか	1	0.000426
探っ	1	0.000426
有力	1	0.000426
候補	1	0.000426
見つかっ	1	0.000426
"	1	0.000426
兵舎	1	0.000426
".	1	0.000426
沖縄タイムス	1	0.000426
25	1	0.000426
閲覧	1	0.000426
自艦	1	0.000426
守る	1	0.000426
か	1	0.000426
辺野古崎	1	0.000426
着手	1	0.000426
近海	1	0.000426
母船	1	0.000426
待機	1	0.000426
朝日新聞	1	0.000426
自動	1	0.000426
とき	1	0.000426
？	1	0.000426
追跡	1	0.000426
！	1	0.000426
支援	1	0.000426
…	1	0.000426
読売新聞	1	0.000426
海底	1	0.000426
接触	1	0.000426
管	1	0.000426
事情	1	0.000426
聴く	1	0.000426
」-	1	0.000426
痛切	1	0.000426
アピール	1	0.000426
日刊	1	0.000426
ベリタ	1	0.000426
着	1	0.000426
床	1	0.000426
機材	1	0.000426
支柱	1	0.000426
貫か	1	0.000426
時事通信	1	0.000426
損傷	1	0.000426
県民	1	0.000426
脱	1	0.000426
原発	1	0.000426
許さ	1	0.000426
どきどき	1	0.000426
遠征	1	0.000426
再編	1	0.000426
座標	1	0.000426
;	1	0.000426
http	1	0.000426
://	1	0.000426
ja	1	0.000426
wikipedia	1	0.000426
org	1	0.000426
wiki	1	0.000426
/%	1	0.000426
AD	1	0.000426
97	1	0.000426
BB	1	0.000426
AF	1	0.000426
96	1	0.000426
作成	1	0.000426
カテゴリ	1	0.000426
