(	141	0.042727
)	141	0.042727
-	135	0.040909
の	112	0.033939
。	63	0.019091
、	63	0.019091
を	50	0.015152
に	49	0.014848
教団	37	0.011212
（	37	0.011212
教	37	0.011212
%	37	0.011212
）	35	0.010606
PL	35	0.010606
が	30	0.009091
日	26	0.007879
「	25	0.007576
」	25	0.007576
・	25	0.007576
会	25	0.007576
年	25	0.007576
は	24	0.007273
で	24	0.007273
3	23	0.006970
た	22	0.006667
と	22	0.006667
[	20	0.006061
]	20	0.006061
宗教	17	0.005152
教祖	17	0.005152
御	17	0.005152
大	16	0.004848
て	16	0.004848
祭	16	0.004848
編集	15	0.004545
『	14	0.004242
』	14	0.004242
神道	13	0.003939
する	13	0.003939
し	13	0.003939
教会	13	0.003939
E	13	0.003939
1	12	0.003636
一	12	0.003636
神	12	0.003636
木徳	12	0.003636
宗	12	0.003636
系	11	0.003333
れ	10	0.003030
日本	10	0.003030
こと	9	0.002727
ある	9	0.002727
花火	9	0.002727
世界	9	0.002727
いる	9	0.002727
ISBN	9	0.002727
パーフェクト	8	0.002424
リバティー	8	0.002424
:	8	0.002424
平和	8	0.002424
2	8	0.002424
な	8	0.002424
祭典	8	0.002424
芸術	8	0.002424
感謝	8	0.002424
新	8	0.002424
83	8	0.002424
.	7	0.002121
その他	7	0.002121
初代	7	0.002121
も	7	0.002121
学校	7	0.002121
や	7	0.002121
人	7	0.002121
として	7	0.002121
光	7	0.002121
近	7	0.002121
1930	7	0.002121
1942	7	0.002121
さ	6	0.001818
活動	6	0.001818
5	6	0.001818
関連	6	0.001818
本庁	6	0.001818
月	6	0.001818
みち	6	0.001818
1936	6	0.001818
天	6	0.001818
事典	5	0.001515
塔	5	0.001515
立教	5	0.001515
おや	5	0.001515
ひと	5	0.001515
あり	5	0.001515
学園	5	0.001515
など	5	0.001515
世	5	0.001515
せ	5	0.001515
心	5	0.001515
生活	5	0.001515
本	5	0.001515
という	5	0.001515
ため	5	0.001515
1938	5	0.001515
法	5	0.001515
孝	5	0.001515
佛	5	0.001515
身	5	0.001515
念	5	0.001515
団	5	0.001515
1951	5	0.001515
個人	4	0.001212
かつて	4	0.001212
行わ	4	0.001212
い	4	0.001212
施設	4	0.001212
現在	4	0.001212
木	4	0.001212
霊	4	0.001212
み	4	0.001212
本部	4	0.001212
市	4	0.001212
神霊	4	0.001212
者	4	0.001212
超	4	0.001212
宗派	4	0.001212
野球	4	0.001212
中学校	4	0.001212
教え	4	0.001212
祈願	4	0.001212
へ	4	0.001212
毎月	4	0.001212
A	4	0.001212
祖	4	0.001212
御嶽	4	0.001212
仏教	4	0.001212
三	4	0.001212
派	4	0.001212
1970	4	0.001212
1983	4	0.001212
法人	4	0.001212
語	4	0.001212
正宗	4	0.001212
1948	4	0.001212
1978	4	0.001212
ん	3	0.000909
れる	3	0.000909
表示	3	0.000909
4	3	0.000909
6	3	0.000909
8	3	0.000909
9	3	0.000909
文献	3	0.000909
リンク	3	0.000909
第	3	0.000909
練	3	0.000909
場	3	0.000909
教主	3	0.000909
おしえ	3	0.000909
貴	3	0.000909
止	3	0.000909
宇宙	3	0.000909
大阪	3	0.000909
正殿	3	0.000909
万国戦争犠牲者慰霊大平和祈念塔	3	0.000909
高等	3	0.000909
地	3	0.000909
真理	3	0.000909
為	3	0.000909
的	3	0.000909
もの	3	0.000909
みしら	3	0.000909
癖	3	0.000909
から	3	0.000909
この	3	0.000909
なっ	3	0.000909
形	3	0.000909
できる	3	0.000909
会員	3	0.000909
聖地	3	0.000909
代	3	0.000909
所属	3	0.000909
誕生	3	0.000909
式典	3	0.000909
11	3	0.000909
病院	3	0.000909
殿	3	0.000909
部	3	0.000909
自由	3	0.000909
1916	3	0.000909
キリスト	3	0.000909
1928	3	0.000909
扶桑	3	0.000909
仮	3	0.000909
本殿	3	0.000909
建設	3	0.000909
二	3	0.000909
長	3	0.000909
1949	3	0.000909
1953	3	0.000909
完成	3	0.000909
編	3	0.000909
情報	3	0.000909
産業	3	0.000909
研究	3	0.000909
学	3	0.000909
井上	3	0.000909
順	3	0.000909
1977	3	0.000909
ほん	3	0.000909
行	3	0.000909
中山	3	0.000909
1912	3	0.000909
華	3	0.000909
1954	3	0.000909
1950	3	0.000909
協会	3	0.000909
82	3	0.000909
出典	2	0.000606
,	2	0.000606
祈念	2	0.000606
時代	2	0.000606
通称	2	0.000606
表記	2	0.000606
概要	2	0.000606
内容	2	0.000606
主	2	0.000606
四	2	0.000606
大祭	2	0.000606
詣	2	0.000606
沿革	2	0.000606
7	2	0.000606
項目	2	0.000606
参考	2	0.000606
10	2	0.000606
外部	2	0.000606
か	2	0.000606
信仰	2	0.000606
＝	2	0.000606
とも	2	0.000606
府	2	0.000606
富田林	2	0.000606
称する	2	0.000606
祀る	2	0.000606
師	2	0.000606
奥津城	2	0.000606
慰霊	2	0.000606
呼ば	2	0.000606
小学校	2	0.000606
幼稚園	2	0.000606
専門	2	0.000606
女子	2	0.000606
遊園	2	0.000606
ゴルフ	2	0.000606
あっ	2	0.000606
人生	2	0.000606
真	2	0.000606
自分	2	0.000606
これ	2	0.000606
表現	2	0.000606
心得	2	0.000606
年間	2	0.000606
よう	2	0.000606
参拝	2	0.000606
おし	2	0.000606
え	2	0.000606
神業	2	0.000606
各	2	0.000606
そして	2	0.000606
その	2	0.000606
まで	2	0.000606
記念	2	0.000606
祝う	2	0.000606
後	2	0.000606
様々	2	0.000606
行事	2	0.000606
遷座	2	0.000606
21	2	0.000606
各地	2	0.000606
脇	2	0.000606
成	2	0.000606
会館	2	0.000606
応じ	2	0.000606
より	2	0.000606
名	2	0.000606
完全	2	0.000606
なる	2	0.000606
意味	2	0.000606
なく	2	0.000606
られ	2	0.000606
式	2	0.000606
展望	2	0.000606
台	2	0.000606
でき	2	0.000606
時間	2	0.000606
徳光	2	0.000606
称す	2	0.000606
団体	2	0.000606
十	2	0.000606
なかっ	2	0.000606
1934	2	0.000606
継承	2	0.000606
照	2	0.000606
不敬	2	0.000606
弾圧	2	0.000606
死去	2	0.000606
1946	2	0.000606
県	2	0.000606
にて	2	0.000606
清水	2	0.000606
理事	2	0.000606
以後	2	0.000606
開校	2	0.000606
1959	2	0.000606
衆院	2	0.000606
委員	2	0.000606
指摘	2	0.000606
1973	2	0.000606
ローマ	2	0.000606
教皇	2	0.000606
パウロ	2	0.000606
会談	2	0.000606
1980	2	0.000606
目録	2	0.000606
前	2	0.000606
運営	2	0.000606
駅	2	0.000606
昭和	2	0.000606
道	2	0.000606
社	2	0.000606
出版	2	0.000606
経営	2	0.000606
関係	2	0.000606
社会	2	0.000606
—	2	0.000606
人物	2	0.000606
國學院大學	2	0.000606
文化	2	0.000606
研究所	2	0.000606
表	2	0.000606
話	2	0.000606
黒住	2	0.000606
1814	2	0.000606
天理教	2	0.000606
1838	2	0.000606
金光	2	0.000606
1859	2	0.000606
修成	2	0.000606
1869	2	0.000606
1872	2	0.000606
出雲	2	0.000606
大社	2	0.000606
1873	2	0.000606
理	2	0.000606
1880	2	0.000606
1882	2	0.000606
大本	2	0.000606
1892	2	0.000606
荒	2	0.000606
薙	2	0.000606
1900	2	0.000606
一燈園	2	0.000606
1905	2	0.000606
国教	2	0.000606
1908	2	0.000606
1913	2	0.000606
居	2	0.000606
1927	2	0.000606
生長の家	2	0.000606
救世	2	0.000606
1935	2	0.000606
璽宇	2	0.000606
1941	2	0.000606
如来	2	0.000606
1802	2	0.000606
門	2	0.000606
立	2	0.000606
1857	2	0.000606
国	2	0.000606
柱	2	0.000606
1884	2	0.000606
山	2	0.000606
妙法寺	2	0.000606
僧	2	0.000606
伽	2	0.000606
1917	2	0.000606
眞	2	0.000606
1925	2	0.000606
一切	2	0.000606
解脱	2	0.000606
1929	2	0.000606
霊友会	2	0.000606
創価学会	2	0.000606
道教	2	0.000606
真如苑	2	0.000606
立正佼成会	2	0.000606
思親	2	0.000606
冨士	2	0.000606
大石寺	2	0.000606
顕正	2	0.000606
浄土真宗	2	0.000606
辯天	2	0.000606
1947	2	0.000606
1952	2	0.000606
之	2	0.000606
真光	2	0.000606
明	2	0.000606
崇	2	0.000606
妙	2	0.000606
1979	2	0.000606
聖	2	0.000606
1987	2	0.000606
イエス	2	0.000606
）(	2	0.000606
1986	2	0.000606
1966	2	0.000606
BC	2	0.000606
95	2	0.000606
フリー	1	0.000303
百科	1	0.000303
ウィキペディア	1	0.000303
Wikipedia	1	0.000303
移動	1	0.000303
ナビゲーション	1	0.000303
検索	1	0.000303
きょう	1	0.000303
だ	1	0.000303
元々	1	0.000303
大正	1	0.000303
多い	1	0.000303
公式	1	0.000303
目次	1	0.000303
非	1	0.000303
成道	1	0.000303
みき	1	0.000303
対象	1	0.000303
全体	1	0.000303
大元	1	0.000303
お	1	0.000303
おかみ	1	0.000303
だい	1	0.000303
げん	1	0.000303
れい	1	0.000303
等	1	0.000303
万国	1	0.000303
戦没	1	0.000303
タワー	1	0.000303
立つ	1	0.000303
高校	1	0.000303
有名	1	0.000303
ほか	1	0.000303
敷地	1	0.000303
内	1	0.000303
短大	1	0.000303
短期大学	1	0.000303
桜ケ丘	1	0.000303
旧名	1	0.000303
ランド	1	0.000303
練習	1	0.000303
もと	1	0.000303
各人	1	0.000303
個性	1	0.000303
最大限	1	0.000303
発揮	1	0.000303
ひいては	1	0.000303
人類	1	0.000303
永遠	1	0.000303
福祉	1	0.000303
貢献	1	0.000303
事	1	0.000303
目標	1	0.000303
最も	1	0.000303
特徴	1	0.000303
身の回り	1	0.000303
起こる	1	0.000303
すべて	1	0.000303
苦痛	1	0.000303
苦難	1	0.000303
自身	1	0.000303
傾き	1	0.000303
知らせる	1	0.000303
啓示	1	0.000303
種	1	0.000303
とらえ	1	0.000303
呼ぶ	1	0.000303
に対し	1	0.000303
下付	1	0.000303
個々	1	0.000303
自己	1	0.000303
上	1	0.000303
邪魔	1	0.000303
もらう	1	0.000303
戒律	1	0.000303
特に	1	0.000303
存在	1	0.000303
ず	1	0.000303
日常	1	0.000303
処世	1	0.000303
訓	1	0.000303
代々	1	0.000303
出現	1	0.000303
説く	1	0.000303
とる	1	0.000303
元旦	1	0.000303
新年	1	0.000303
迎え	1	0.000303
前年	1	0.000303
平穏	1	0.000303
無事	1	0.000303
過ごせ	1	0.000303
今年	1	0.000303
幸せ	1	0.000303
正月	1	0.000303
多く	1	0.000303
残し	1	0.000303
祈り	1	0.000303
捧げる	1	0.000303
国内	1	0.000303
世界中	1	0.000303
夜	1	0.000303
迫力	1	0.000303
規模	1	0.000303
地元	1	0.000303
風物詩	1	0.000303
29	1	0.000303
教義	1	0.000303
敷か	1	0.000303
至る	1	0.000303
過程	1	0.000303
理解	1	0.000303
12	1	0.000303
代目	1	0.000303
解く	1	0.000303
気持ち	1	0.000303
ささげる	1	0.000303
行っ	1	0.000303
鎮座	1	0.000303
まち	1	0.000303
ざさ	1	0.000303
結婚式	1	0.000303
葬	1	0.000303
愛児	1	0.000303
生誕	1	0.000303
地鎮祭	1	0.000303
先祖	1	0.000303
参詣	1	0.000303
詣り	1	0.000303
いい	1	0.000303
全国	1	0.000303
中でも	1	0.000303
重要	1	0.000303
座談	1	0.000303
バトントワリング	1	0.000303
PLMBA	1	0.000303
茶道	1	0.000303
華道	1	0.000303
左	1	0.000303
芸	1	0.000303
生	1	0.000303
右	1	0.000303
錬成	1	0.000303
道場	1	0.000303
グランド	1	0.000303
硬式	1	0.000303
専用	1	0.000303
球場	1	0.000303
ぷらっと	1	0.000303
必要	1	0.000303
つまり	1	0.000303
世間	1	0.000303
言う	1	0.000303
ところ	1	0.000303
必勝	1	0.000303
合格	1	0.000303
交通	1	0.000303
安全	1	0.000303
病気	1	0.000303
平癒	1	0.000303
祈祷	1	0.000303
受ける	1	0.000303
単なる	1	0.000303
お願い	1	0.000303
いう	1	0.000303
決意	1	0.000303
誓う	1	0.000303
意味合い	1	0.000303
強く	1	0.000303
遂断	1	0.000303
神事	1	0.000303
しきり	1	0.000303
しんじ	1	0.000303
※	1	0.000303
とり	1	0.000303
間違え	1	0.000303
やすい	1	0.000303
人間	1	0.000303
本来	1	0.000303
“	1	0.000303
”	1	0.000303
日々	1	0.000303
において	1	0.000303
とらわれる	1	0.000303
無碍	1	0.000303
心がけ	1	0.000303
役立つ	1	0.000303
与え	1	0.000303
天職	1	0.000303
全う	1	0.000303
毎日	1	0.000303
明るく	1	0.000303
楽しく	1	0.000303
過ごす	1	0.000303
標榜	1	0.000303
葬儀	1	0.000303
神葬	1	0.000303
準じ	1	0.000303
上部	1	0.000303
上る	1	0.000303
戦争	1	0.000303
犠牲	1	0.000303
モニュメント	1	0.000303
位置づけ	1	0.000303
明確	1	0.000303
閉鎖	1	0.000303
ABC	1	0.000303
ラジオ	1	0.000303
月曜日	1	0.000303
50	1	0.000303
00	1	0.000303
放送	1	0.000303
当初	1	0.000303
当時	1	0.000303
以外	1	0.000303
新しい	1	0.000303
いずれ	1	0.000303
なけれ	1	0.000303
ば	1	0.000303
なら	1	0.000303
冠	1	0.000303
つい	1	0.000303
：	1	0.000303
転属	1	0.000303
道徳	1	0.000303
1931	1	0.000303
改称	1	0.000303
008	1	0.000303
畳	1	0.000303
敷	1	0.000303
大広間	1	0.000303
有する	1	0.000303
鉄筋	1	0.000303
階	1	0.000303
建	1	0.000303
東大阪	1	0.000303
永和	1	0.000303
翌日	1	0.000303
盛岡	1	0.000303
支部	1	0.000303
娘	1	0.000303
に対する	1	0.000303
強姦	1	0.000303
容疑	1	0.000303
特高	1	0.000303
逮捕	1	0.000303
さる	1	0.000303
1937	1	0.000303
大神	1	0.000303
教育	1	0.000303
勅語	1	0.000303
解釈	1	0.000303
違い	1	0.000303
罪	1	0.000303
問わ	1	0.000303
当局	1	0.000303
により	1	0.000303
解散	1	0.000303
憂き目	1	0.000303
あう	1	0.000303
引き継ぐ	1	0.000303
佐賀	1	0.000303
鳥栖	1	0.000303
静岡	1	0.000303
移転	1	0.000303
現在地	1	0.000303
鍬	1	0.000303
入	1	0.000303
初めて	1	0.000303
打ち上げる	1	0.000303
連合	1	0.000303
発足	1	0.000303
加盟	1	0.000303
就任	1	0.000303
1955	1	0.000303
衛生	1	0.000303
看護	1	0.000303
校	1	0.000303
男子	1	0.000303
入学	1	0.000303
ない	1	0.000303
＊	1	0.000303
順次	1	0.000303
1963	1	0.000303
発展	1	0.000303
呼称	1	0.000303
1967	1	0.000303
国有	1	0.000303
無断	1	0.000303
使用	1	0.000303
1974	1	0.000303
変更	1	0.000303
ヨハネ	1	0.000303
決算	1	0.000303
資金	1	0.000303
サラ金	1	0.000303
流出	1	0.000303
1999	1	0.000303
1995	1	0.000303
改正	1	0.000303
義務づけ	1	0.000303
役員	1	0.000303
名簿	1	0.000303
財産	1	0.000303
書類	1	0.000303
提出	1	0.000303
地裁	1	0.000303
三宅	1	0.000303
一彦	1	0.000303
代務	1	0.000303
過料	1	0.000303
万	1	0.000303
円	1	0.000303
処し	1	0.000303
2010	1	0.000303
　	1	0.000303
落成	1	0.000303
挙行	1	0.000303
参照	1	0.000303
明治大学	1	0.000303
付属	1	0.000303
中野	1	0.000303
組織	1	0.000303
財団	1	0.000303
育英	1	0.000303
旧制	1	0.000303
前身	1	0.000303
河内永和	1	0.000303
最寄り駅	1	0.000303
ノ	1	0.000303
開業	1	0.000303
光丘	1	0.000303
食堂	1	0.000303
給食	1	0.000303
医療	1	0.000303
宝生	1	0.000303
利用	1	0.000303
裕	1	0.000303
米田	1	0.000303
慶	1	0.000303
三郎	1	0.000303
楽天	1	0.000303
イーグルス	1	0.000303
軍	1	0.000303
育成	1	0.000303
コーチ	1	0.000303
同	1	0.000303
清原	1	0.000303
和博	1	0.000303
桑田	1	0.000303
真澄	1	0.000303
元	1	0.000303
プロ	1	0.000303
選手	1	0.000303
パーフェクトリバティー教団	1	0.000303
文教	1	0.000303
是	1	0.000303
讃仰	1	0.000303
二代教祖御木徳近日知	1	0.000303
4328012789	1	0.000303
雅人	1	0.000303
他	1	0.000303
4804352058	1	0.000303
YTV	1	0.000303
グループ	1	0.000303
大衆	1	0.000303
操作	1	0.000303
生態	1	0.000303
4377302396	1	0.000303
現代	1	0.000303
4335160372	1	0.000303
4335160283	1	0.000303
4335160259	1	0.000303
4335160232	1	0.000303
4335160356	1	0.000303
朝日新聞社	1	0.000303
世紀	1	0.000303
千	1	0.000303
4022586060	1	0.000303
岩波	1	0.000303
新書	1	0.000303
語る	1	0.000303
池田	1	0.000303
昭	1	0.000303
事件	1	0.000303
資料	1	0.000303
集成	1	0.000303
書房	1	0.000303
第一法規出版	1	0.000303
政治	1	0.000303
裁判	1	0.000303
史	1	0.000303
録	1	0.000303
後編	1	0.000303
松野	1	0.000303
純孝	1	0.000303
辞典	1	0.000303
東京	1	0.000303
堂	1	0.000303
オープン	1	0.000303
ディレクトリ	1	0.000303
精神	1	0.000303
集	1	0.000303
ウィキメディア・コモンズ	1	0.000303
マルチメディア	1	0.000303
ます	1	0.000303
歴戦	1	0.000303
発祥	1	0.000303
)-	1	0.000303
歴	1	0.000303
皇	1	0.000303
大神宮	1	0.000303
1945	1	0.000303
円応教	1	0.000303
大山ねずの命神示教会	1	0.000303
善隣	1	0.000303
波	1	0.000303
文明	1	0.000303
ぶし	1	0.000303
1962	1	0.000303
紀元	1	0.000303
慈秀	1	0.000303
ス	1	0.000303
光波	1	0.000303
ワールドメイト	1	0.000303
1985	1	0.000303
法華	1	0.000303
敬神	1	0.000303
自修	1	0.000303
普	1	0.000303
法会	1	0.000303
所	1	0.000303
護	1	0.000303
智	1	0.000303
慧	1	0.000303
會教	1	0.000303
正義	1	0.000303
法師	1	0.000303
希	1	0.000303
正信会	1	0.000303
在家	1	0.000303
こころ	1	0.000303
2004	1	0.000303
浄土	1	0.000303
真宗	1	0.000303
長生	1	0.000303
仏	1	0.000303
眼	1	0.000303
浄土真宗親鸞会	1	0.000303
1958	1	0.000303
三寶山無量壽寺	1	0.000303
密教	1	0.000303
光明	1	0.000303
1975	1	0.000303
阿含宗	1	0.000303
言	1	0.000303
オウム真理教	1	0.000303
ホアハオ	1	0.000303
1939	1	0.000303
キリスト教	1	0.000303
末日	1	0.000303
聖徒	1	0.000303
モル	1	0.000303
モン	1	0.000303
1830	1	0.000303
クリスチャン	1	0.000303
サイエンス	1	0.000303
1879	1	0.000303
エホバ	1	0.000303
証人	1	0.000303
1881	1	0.000303
ブランチ・ダビディアン	1	0.000303
御霊	1	0.000303
幕屋	1	0.000303
統一教会	1	0.000303
統一	1	0.000303
人民	1	0.000303
寺院	1	0.000303
1956	1	0.000303
ファミリー	1	0.000303
インターナショナル	1	0.000303
1968	1	0.000303
摂理	1	0.000303
中央	1	0.000303
イスラム教	1	0.000303
バーブ	1	0.000303
1844	1	0.000303
バハーイー	1	0.000303
1863	1	0.000303
アフマディーヤ	1	0.000303
1889	1	0.000303
ネーション・オブ・イスラム	1	0.000303
UFO	1	0.000303
サイエントロジー	1	0.000303
ヘヴンズ・ゲート	1	0.000303
s	1	0.000303
）—　	1	0.000303
ラエリアン	1	0.000303
アバターコース	1	0.000303
神智	1	0.000303
1875	1	0.000303
人智	1	0.000303
カオダイ	1	0.000303
1919	1	0.000303
瑠璃	1	0.000303
悪魔	1	0.000303
シルバメソッド	1	0.000303
GLA	1	0.000303
1969	1	0.000303
千乃	1	0.000303
正法	1	0.000303
偕和	1	0.000303
會	1	0.000303
ライフ	1	0.000303
スペース	1	0.000303
学会	1	0.000303
幸福	1	0.000303
科学	1	0.000303
ランドマーク・エデュケーション	1	0.000303
1991	1	0.000303
法輪	1	0.000303
功	1	0.000303
1992	1	0.000303
http	1	0.000303
://	1	0.000303
ja	1	0.000303
wikipedia	1	0.000303
org	1	0.000303
/	1	0.000303
wiki	1	0.000303
/%	1	0.000303
91	1	0.000303
AF	1	0.000303
88	1	0.000303
_%	1	0.000303
AA	1	0.000303
90	1	0.000303
86	1	0.000303
99	1	0.000303
B	1	0.000303
作成	1	0.000303
カテゴリ	1	0.000303
|	1	0.000303
教派	1	0.000303
