の	32	0.037209
、	30	0.034884
。	26	0.030233
%	23	0.026744
た	21	0.024419
は	17	0.019767
を	17	0.019767
で	15	0.017442
・	15	0.017442
に	14	0.016279
/	13	0.015116
選手	12	0.013953
3	11	0.012791
が	11	0.012791
1	10	0.011628
と	10	0.011628
NBA	9	0.010465
|	9	0.010465
.	8	0.009302
さ	8	0.009302
E	8	0.009302
年	7	0.008140
[	7	0.008140
]	7	0.008140
Diogu	6	0.006977
し	6	0.006977
82	6	0.006977
（	5	0.005814
）	5	0.005814
ニューオーリンズ・ホーネッツ	5	0.005814
9	5	0.005814
ある	5	0.005814
て	5	0.005814
編集	5	0.005814
も	5	0.005814
アイク・ディオグ	4	0.004651
:	4	0.004651
Ike	4	0.004651
日	4	0.004651
月	4	0.004651
州	4	0.004651
2	4	0.004651
ディオグ	4	0.004651
せ	4	0.004651
なかっ	4	0.004651
こと	4	0.004651
として	4	0.004651
シーズン	4	0.004651
,	3	0.003488
アメリカ合衆国	3	0.003488
1983	3	0.003488
ニューヨーク	3	0.003488
203	3	0.003488
cm	3	0.003488
7	3	0.003488
ポジション	3	0.003488
-	3	0.003488
バスケットボール	3	0.003488
また	3	0.003488
指名	3	0.003488
れ	3	0.003488
新人	3	0.003488
な	3	0.003488
など	3	0.003488
移籍	3	0.003488
A	3	0.003488
フリー	2	0.002326
情報	2	0.002326
11	2	0.002326
出身	2	0.002326
バッファ	2	0.002326
ロー	2	0.002326
身長	2	0.002326
体重	2	0.002326
115	2	0.002326
kg	2	0.002326
ドラフト	2	0.002326
2005	2	0.002326
位	2	0.002326
表示	2	0.002326
いる	2	0.002326
パワー	2	0.002326
フォワード	2	0.002326
経歴	2	0.002326
学生	2	0.002326
時代	2	0.002326
プレイスタイル	2	0.002326
外部	2	0.002326
リンク	2	0.002326
人	2	0.002326
アメリカ	2	0.002326
その後	2	0.002326
大学	2	0.002326
開花	2	0.002326
から	2	0.002326
ため	2	0.002326
い	2	0.002326
チーム	2	0.002326
なっ	2	0.002326
期待	2	0.002326
活躍	2	0.002326
有力	2	0.002326
開幕	2	0.002326
後	2	0.002326
ベンチ	2	0.002326
出場	2	0.002326
12	2	0.002326
得点	2	0.002326
記録	2	0.002326
ダブル	2	0.002326
リバウンダー	2	0.002326
インサイド	2	0.002326
トレード	2	0.002326
2008	2	0.002326
ポートランド・トレイルブレイザーズ	2	0.002326
あり	2	0.002326
ながら	2	0.002326
だ	2	0.002326
いえる	2	0.002326
4	2	0.002326
83	2	0.002326
人物	2	0.002326
出典	1	0.001163
百科	1	0.001163
事典	1	0.001163
『	1	0.001163
ウィキペディア	1	0.001163
Wikipedia	1	0.001163
』	1	0.001163
移動	1	0.001163
ナビゲーション	1	0.001163
検索	1	0.001163
No	1	0.001163
名前	1	0.001163
本名	1	0.001163
Ikechukwu	1	0.001163
Somtochukwu	1	0.001163
ラテン	1	0.001163
文字	1	0.001163
基本	1	0.001163
国	1	0.001163
誕生	1	0.001163
26	1	0.001163
歳	1	0.001163
地	1	0.001163
(	1	0.001163
)	1	0.001163
PF	1	0.001163
背番号	1	0.001163
　	1	0.001163
Ikechukwa	1	0.001163
Somotochukwa	1	0.001163
バッファロー	1	0.001163
アメリカプロバスケットボールリーグ	1	0.001163
所属	1	0.001163
目次	1	0.001163
非	1	0.001163
両親	1	0.001163
ナイジェリア	1	0.001163
1980	1	0.001163
渡っ	1	0.001163
生まれ	1	0.001163
テキサス	1	0.001163
ガーランド	1	0.001163
移り	1	0.001163
地元	1	0.001163
高校	1	0.001163
進学	1	0.001163
アリゾナ	1	0.001163
州立	1	0.001163
通い	1	0.001163
ロブ・エヴァンスコーチ	1	0.001163
下	1	0.001163
才能	1	0.001163
その間	1	0.001163
パシフィック	1	0.001163
テン	1	0.001163
カンファレンス	1	0.001163
数々	1	0.001163
栄誉	1	0.001163
得	1	0.001163
ゴールデンステイト・ウォリアーズ	1	0.001163
巡	1	0.001163
目	1	0.001163
全体	1	0.001163
受け	1	0.001163
前	1	0.001163
評判	1	0.001163
決して	1	0.001163
高く	1	0.001163
当日	1	0.001163
会場	1	0.001163
駆け付け	1	0.001163
その	1	0.001163
帽子	1	0.001163
被っ	1	0.001163
コミッショナー	1	0.001163
握手	1	0.001163
交わす	1	0.001163
という	1	0.001163
お	1	0.001163
馴染み	1	0.001163
ショット	1	0.001163
写真	1	0.001163
発表	1	0.001163
れる	1	0.001163
サマー	1	0.001163
リーグ	1	0.001163
参加	1	0.001163
上位	1	0.001163
外れ	1	0.001163
か	1	0.001163
よう	1	0.001163
低迷	1	0.001163
続ける	1	0.001163
迎える	1	0.001163
しかしながら	1	0.001163
直前	1	0.001163
薬指	1	0.001163
骨折	1	0.001163
約	1	0.001163
ヶ月	1	0.001163
間	1	0.001163
欠場	1	0.001163
余儀なく	1	0.001163
デビュー	1	0.001163
続き	1	0.001163
この	1	0.001163
最高	1	0.001163
なる	1	0.001163
27	1	0.001163
好調	1	0.001163
不調	1	0.001163
波	1	0.001163
激しかっ	1	0.001163
や	1	0.001163
リバウンド	1	0.001163
片鱗	1	0.001163
伺わ	1	0.001163
終盤	1	0.001163
時間	1	0.001163
増え	1	0.001163
試合	1	0.001163
連続	1	0.001163
10	1	0.001163
する	1	0.001163
ぶり	1	0.001163
発揮	1	0.001163
2006	1	0.001163
07	1	0.001163
要員	1	0.001163
途中	1	0.001163
17	1	0.001163
により	1	0.001163
アル	1	0.001163
ハリントン	1	0.001163
スティーブン	1	0.001163
ジャクソン	1	0.001163
サルナス・ヤシケヴィシウス	1	0.001163
ジョシュ・パウエル	1	0.001163
交換	1	0.001163
マイク・ダンリービー・	1	0.001163
Jr	1	0.001163
トロイ	1	0.001163
マーフィー	1	0.001163
キース	1	0.001163
マクリオド	1	0.001163
と共に	1	0.001163
ペイサーズ	1	0.001163
へ	1	0.001163
さらに	1	0.001163
オフ	1	0.001163
09	1	0.001163
プレイヤー	1	0.001163
小柄	1	0.001163
しかし	1	0.001163
厚み	1	0.001163
強靭	1	0.001163
体格	1	0.001163
長い	1	0.001163
腕	1	0.001163
生かし	1	0.001163
プレイ	1	0.001163
特徴	1	0.001163
的	1	0.001163
ダニー・フォートソン	1	0.001163
同	1	0.001163
タイプ	1	0.001163
だろ	1	0.001163
う	1	0.001163
素質	1	0.001163
つつ	1	0.001163
ディフェンシブ	1	0.001163
オフェンス	1	0.001163
面	1	0.001163
において	1	0.001163
スロー	1	0.001163
高	1	0.001163
確率	1	0.001163
成功	1	0.001163
せる	1	0.001163
できる	1	0.001163
本来	1	0.001163
センター	1	0.001163
こなす	1	0.001163
com	1	0.001163
Bio	1	0.001163
隠す	1	0.001163
表	1	0.001163
話	1	0.001163
編	1	0.001163
歴	1	0.001163
ロースター	1	0.001163
ダレン・コリソン	1	0.001163
クリス	1	0.001163
ポール	1	0.001163
ショーン・マークス	1	0.001163
5	1	0.001163
マーカス・ソーントン	1	0.001163
ダリウス・ソンガイラ	1	0.001163
16	1	0.001163
ペジャ・ストヤコビッチ	1	0.001163
24	1	0.001163
モーリス・ピーターソン	1	0.001163
30	1	0.001163
デビッド・ウェスト	1	0.001163
32	1	0.001163
ジュリアン	1	0.001163
ライト	1	0.001163
34	1	0.001163
アーロン	1	0.001163
グレイ	1	0.001163
41	1	0.001163
ジェームス・ポージー	1	0.001163
50	1	0.001163
エメカ・オカフォー	1	0.001163
監督	1	0.001163
：	1	0.001163
ジェフ	1	0.001163
バウワー	1	0.001163
「	1	0.001163
http	1	0.001163
://	1	0.001163
ja	1	0.001163
wikipedia	1	0.001163
org	1	0.001163
wiki	1	0.001163
/%	1	0.001163
AF	1	0.001163
BB	1	0.001163
87	1	0.001163
AA	1	0.001163
B	1	0.001163
0	1	0.001163
」	1	0.001163
より	1	0.001163
作成	1	0.001163
カテゴリ	1	0.001163
男子	1	0.001163
アフリカ	1	0.001163
系	1	0.001163
ゴールデンステート・ウォリアーズ	1	0.001163
インディアナ・ペイサーズ	1	0.001163
サクラメント・キングス	1	0.001163
年生	1	0.001163
存命	1	0.001163
