、	39	0.036517
。	31	0.029026
の	26	0.024345
に	25	0.023408
250	24	0.022472
ST	23	0.021536
た	23	0.021536
は	20	0.018727
れ	20	0.018727
さ	16	0.014981
2	16	0.014981
：	14	0.013109
と	13	0.012172
が	13	0.012172
て	13	0.012172
→	13	0.012172
を	12	0.011236
mm	12	0.011236
/	11	0.010300
.	11	0.010300
%	11	0.010300
・	9	0.008427
で	9	0.008427
Etype	9	0.008427
いる	9	0.008427
スズキ	8	0.007491
年	8	0.007491
し	8	0.007491
1	7	0.006554
3	7	0.006554
（	5	0.004682
）	5	0.004682
,	5	0.004682
として	5	0.004682
な	5	0.004682
エンジン	5	0.004682
[	5	0.004682
]	5	0.004682
(	5	0.004682
化	5	0.004682
-	5	0.004682
S	5	0.004682
始動	5	0.004682
販売	4	0.003745
オートバイ	4	0.003745
ある	4	0.003745
発売	4	0.003745
から	4	0.003745
い	4	0.003745
ボルティー	4	0.003745
モデル	4	0.003745
カスタマイズ	4	0.003745
4	4	0.003745
編集	4	0.003745
また	4	0.003745
など	4	0.003745
装備	4	0.003745
なっ	4	0.003745
も	4	0.003745
kg	4	0.003745
C	4	0.003745
行わ	4	0.003745
キック	4	0.003745
「	4	0.003745
」	4	0.003745
E	4	0.003745
:	3	0.002809
月	3	0.002809
バルブ	3	0.002809
前後	3	0.002809
フェンダー	3	0.002809
価格	3	0.002809
2004	3	0.002809
9	3	0.002809
)/	3	0.002809
km	3	0.002809
l	3	0.002809
高	3	0.002809
18	3	0.002809
90	3	0.002809
M	3	0.002809
ため	3	0.002809
セル	3	0.002809
式	3	0.002809
台	3	0.002809
後	3	0.002809
限定	3	0.002809
82	3	0.002809
する	2	0.001873
こと	2	0.001873
2008	2	0.001873
のみ	2	0.001873
上	2	0.001873
後継	2	0.001873
車種	2	0.001873
2003	2	0.001873
第	2	0.001873
37	2	0.001873
回	2	0.001873
東京モーターショー	2	0.001873
出品	2	0.001873
系	2	0.001873
スタンダード	2	0.001873
シンプル	2	0.001873
的	2	0.001873
バイク	2	0.001873
共通	2	0.001873
外部	2	0.001873
リンク	2	0.001873
12	2	0.001873
日	2	0.001873
全国	2	0.001873
単	2	0.001873
気筒	2	0.001873
搭載	2	0.001873
シリンダー	2	0.001873
メッキ	2	0.001873
や	2	0.001873
小売	2	0.001873
希望	2	0.001873
非常	2	0.001873
個	2	0.001873
変更	2	0.001873
ボルティ	2	0.001873
次	2	0.001873
比	2	0.001873
Nm	2	0.001873
kgm	2	0.001873
6000	2	0.001873
rpm	2	0.001873
55	2	0.001873
770	2	0.001873
750	2	0.001873
シート	2	0.001873
重量	2	0.001873
°	2	0.001873
25	2	0.001873
′	2	0.001873
61	2	0.001873
タイプ	2	0.001873
自動車	2	0.001873
排出	2	0.001873
ガス	2	0.001873
規制	2	0.001873
対応	2	0.001873
により	2	0.001873
マフラー	2	0.001873
施し	2	0.001873
万	2	0.001873
円	2	0.001873
大幅	2	0.001873
デザインスタディモデル	2	0.001873
B	2	0.001873
この	2	0.001873
出典	1	0.000936
フリー	1	0.000936
百科	1	0.000936
事典	1	0.000936
『	1	0.000936
ウィキペディア	1	0.000936
Wikipedia	1	0.000936
』	1	0.000936
移動	1	0.000936
ナビゲーション	1	0.000936
検索	1	0.000936
エスティー	1	0.000936
ひゃく	1	0.000936
ご	1	0.000936
じゅう	1	0.000936
製造	1	0.000936
現在	1	0.000936
以前	1	0.000936
事実	1	0.000936
世界	1	0.000936
初	1	0.000936
ストリート	1	0.000936
フォルム	1	0.000936
特徴	1	0.000936
グラストラッカー	1	0.000936
ビッグ	1	0.000936
ボーイ	1	0.000936
目次	1	0.000936
非	1	0.000936
表示	1	0.000936
空冷	1	0.000936
ベース	1	0.000936
新規	1	0.000936
設計	1	0.000936
サイクル	1	0.000936
SOHC	1	0.000936
249	1	0.000936
cc	1	0.000936
最高	1	0.000936
出力	1	0.000936
20	1	0.000936
ps	1	0.000936
高速	1	0.000936
SCEM	1	0.000936
)	1	0.000936
採用	1	0.000936
耐	1	0.000936
摩耗	1	0.000936
性	1	0.000936
優れ	1	0.000936
熱	1	0.000936
伝導	1	0.000936
率	1	0.000936
高い	1	0.000936
冷却	1	0.000936
効率	1	0.000936
実現	1	0.000936
現行	1	0.000936
ストローク	1	0.000936
最も	1	0.000936
シングルディスクブレーキ	1	0.000936
スポーク	1	0.000936
ホイール	1	0.000936
ツイン	1	0.000936
ショック	1	0.000936
樹脂	1	0.000936
車載	1	0.000936
工具	1	0.000936
オプション	1	0.000936
扱い	1	0.000936
簡素	1	0.000936
低	1	0.000936
¥	1	0.000936
366	1	0.000936
450	1	0.000936
進め	1	0.000936
結果	1	0.000936
意味	1	0.000936
手頃	1	0.000936
乗り	1	0.000936
やすい	1	0.000936
機種	1	0.000936
当たり	1	0.000936
部品	1	0.000936
多い	1	0.000936
まで	1	0.000936
両	1	0.000936
とも	1	0.000936
並	1	0.000936
売	1	0.000936
だっ	1	0.000936
に対し	1	0.000936
排気	1	0.000936
口	1	0.000936
スペック	1	0.000936
違い	1	0.000936
圧縮	1	0.000936
0	1	0.000936
最大	1	0.000936
トルク	1	0.000936
21	1	0.000936
22	1	0.000936
燃費	1	0.000936
54	1	0.000936
5	1	0.000936
前期	1	0.000936
型	1	0.000936
57	1	0.000936
)→	1	0.000936
全長	1	0.000936
005	1	0.000936
070	1	0.000936
全幅	1	0.000936
軸	1	0.000936
距離	1	0.000936
325	1	0.000936
375	1	0.000936
最低	1	0.000936
地上	1	0.000936
160	1	0.000936
165	1	0.000936
乾燥	1	0.000936
125	1	0.000936
129	1	0.000936
127	1	0.000936
減速	1	0.000936
733	1	0.000936
866	1	0.000936
キャスター	1	0.000936
28	1	0.000936
トレール	1	0.000936
107	1	0.000936
92	1	0.000936
フロント	1	0.000936
タイヤ	1	0.000936
00	1	0.000936
47	1	0.000936
51	1	0.000936
リヤタイヤ	1	0.000936
120	1	0.000936
80	1	0.000936
17	1	0.000936
110	1	0.000936
ハザード	1	0.000936
スイッチ	1	0.000936
パッシングライト・スイッチ	1	0.000936
消滅	1	0.000936
2007	1	0.000936
へ	1	0.000936
統合	1	0.000936
生産	1	0.000936
終了	1	0.000936
15	1	0.000936
スターター	1	0.000936
加え	1	0.000936
マニュアルデコンプ	1	0.000936
ヘッドライト	1	0.000936
メーター	1	0.000936
カバー	1	0.000936
高級	1	0.000936
感	1	0.000936
有る	1	0.000936
加工	1	0.000936
ガソリン	1	0.000936
タンク	1	0.000936
グラデーション	1	0.000936
塗装	1	0.000936
基本	1	0.000936
性能	1	0.000936
諸	1	0.000936
元	1	0.000936
変わり	1	0.000936
無い	1	0.000936
増	1	0.000936
併用	1	0.000936
為	1	0.000936
点火	1	0.000936
方式	1	0.000936
フル	1	0.000936
トランジスタ	1	0.000936
CDI	1	0.000936
強	1	0.000936
マイナー	1	0.000936
チェンジ	1	0.000936
フューエルインジェクション	1	0.000936
触媒	1	0.000936
廃止	1	0.000936
なお	1	0.000936
質感	1	0.000936
向上	1	0.000936
同時に	1	0.000936
定価	1	0.000936
税込み	1	0.000936
45	1	0.000936
程度	1	0.000936
上昇	1	0.000936
参考	1	0.000936
DESIGN	1	0.000936
STUDY	1	0.000936
MODEL	1	0.000936
（株）	1	0.000936
二	1	0.000936
輪	1	0.000936
A	1	0.000936
セパレート	1	0.000936
ハンドル	1	0.000936
バック	1	0.000936
ステップ	1	0.000936
フロントカウル	1	0.000936
シングル	1	0.000936
アルミ	1	0.000936
レーサー	1	0.000936
イメージ	1	0.000936
100	1	0.000936
レッグシールド	1	0.000936
大型	1	0.000936
ノスタルジック	1	0.000936
雰囲気	1	0.000936
醸し	1	0.000936
だす	1	0.000936
往年	1	0.000936
SW	1	0.000936
よく	1	0.000936
似	1	0.000936
200	1	0.000936
関連	1	0.000936
書き	1	0.000936
かけ	1	0.000936
項目	1	0.000936
です	1	0.000936
記事	1	0.000936
加筆	1	0.000936
訂正	1	0.000936
下さる	1	0.000936
協力	1	0.000936
者	1	0.000936
求め	1	0.000936
ます	1	0.000936
PJ	1	0.000936
http	1	0.000936
://	1	0.000936
ja	1	0.000936
wikipedia	1	0.000936
org	1	0.000936
wiki	1	0.000936
/%	1	0.000936
BA	1	0.000936
AD	1	0.000936
83	1	0.000936
BBST	1	0.000936
より	1	0.000936
作成	1	0.000936
カテゴリ	1	0.000936
