-	89	0.036716
|	89	0.036716
）	69	0.028465
（	63	0.025990
日	61	0.025165
の	54	0.022277
、	46	0.018977
年	32	0.013201
:	28	0.011551
は	28	0.011551
TRUE	27	0.011139
。	27	0.011139
/	25	0.010314
DREAMS	24	0.009901
COME	24	0.009901
に	24	0.009901
.	24	0.009901
SONG	22	0.009076
WINTER	21	0.008663
月	21	0.008663
・	20	0.008251
さ	20	0.008251
て	20	0.008251
1	19	0.007838
吉田	19	0.007838
美和	19	0.007838
シングル	18	0.007426
2	18	0.007426
収録	17	0.007013
た	17	0.007013
が	17	0.007013
LOVE	16	0.006601
中村	15	0.006188
正人	15	0.006188
「	15	0.006188
」	15	0.006188
'	15	0.006188
で	14	0.005776
れ	14	0.005776
)	13	0.005363
し	13	0.005363
,	12	0.004950
1994	12	0.004950
作詞	12	0.004950
作曲	12	0.004950
1998	12	0.004950
曲	12	0.004950
と	12	0.004950
を	11	0.004538
[	11	0.004538
]	11	0.004538
3	11	0.004538
アルバム	10	0.004125
7	9	0.003713
MIKE	9	0.003713
PELA	9	0.003713
発売	9	0.003713
作品	9	0.003713
?	9	0.003713
(#	8	0.003300
SWEET	8	0.003300
盤	8	0.003300
編集	8	0.003300
雪	8	0.003300
B	7	0.002888
12	7	0.002888
クリスマス	7	0.002888
!	7	0.002888
『	6	0.002475
YOU	6	0.002475
作	6	0.002475
11	6	0.002475
概要	6	0.002475
4	6	0.002475
いる	6	0.002475
ない	6	0.002475
Mr	6	0.002475
Children	6	0.002475
』	5	0.002063
ソング	5	0.002063
14	5	0.002063
として	5	0.002063
編曲	5	0.002063
t	5	0.002063
z	5	0.002063
IT	5	0.002063
S	5	0.002063
…	5	0.002063
(	5	0.002063
リリース	4	0.001650
10	4	0.001650
エピックレコードジャパン	4	0.001650
最高	4	0.001650
順位	4	0.001650
位	4	0.001650
オリコン	4	0.001650
WHEREVER	4	0.001650
ARE	4	0.001650
26	4	0.001650
な	4	0.001650
ミリオン	4	0.001650
”	4	0.001650
版	4	0.001650
映画	4	0.001650
5	4	0.001650
24	4	0.001650
ロマンス	4	0.001650
神様	4	0.001650
広瀬	4	0.001650
香美	4	0.001650
ONLY	4	0.001650
福山	4	0.001650
雅治	4	0.001650
よ	4	0.001650
2003	4	0.001650
GOES	4	0.001650
THE	4	0.001650
"	4	0.001650
移動	3	0.001238
オリジナル	3	0.001238
ジャンル	3	0.001238
J	3	0.001238
POP	3	0.001238
時間	3	0.001238
分	3	0.001238
レーベル	3	0.001238
チャート	3	0.001238
週間	3	0.001238
年表	3	0.001238
!/	3	0.001238
表示	3	0.001238
映像	3	0.001238
のみ	3	0.001238
なかっ	3	0.001238
(“	3	0.001238
WORLDWIDE	3	0.001238
VERSION	3	0.001238
8	3	0.001238
めぐり	3	0.001238
たら	3	0.001238
The	3	0.001238
この	3	0.001238
も	3	0.001238
21	3	0.001238
Don	3	0.001238
Leave	3	0.001238
Me	3	0.001238
28	3	0.001238
ね	3	0.001238
25	3	0.001238
6	3	0.001238
松任谷	3	0.001238
由実	3	0.001238
19	3	0.001238
Tomorrow	3	0.001238
never	3	0.001238
knows	3	0.001238
ON	3	0.001238
サンタ	3	0.001238
天使	3	0.001238
笑う	3	0.001238
夜	3	0.001238
また	3	0.001238
来る	3	0.001238
ビデオ	3	0.001238
DVD	3	0.001238
Ring	3	0.001238
未	2	0.000825
,#	2	0.000825
面	2	0.000825
DREAM	2	0.000825
規格	2	0.000825
cmCD	2	0.000825
秒	2	0.000825
プロデュース	2	0.000825
go	2	0.000825
for	2	0.000825
it	2	0.000825
雨	2	0.000825
終わる	2	0.000825
場所	2	0.000825
1993	2	0.000825
目	2	0.000825
再発	2	0.000825
23	2	0.000825
初めて	2	0.000825
マキシ	2	0.000825
い	2	0.000825
ベスト	2	0.000825
など	2	0.000825
あと	2	0.000825
僅か	2	0.000825
届か	2	0.000825
ドリカム	2	0.000825
ある	2	0.000825
2009	2	0.000825
th	2	0.000825
英語	2	0.000825
逢え	2	0.000825
日本	2	0.000825
テーマ	2	0.000825
晴れ	2	0.000825
Swinging	2	0.000825
Star	2	0.000825
表	2	0.000825
話	2	0.000825
編	2	0.000825
歴	2	0.000825
17	2	0.000825
31	2	0.000825
MY	2	0.000825
ZARD	2	0.000825
たく	2	0.000825
Hey	2	0.000825
SMAP	2	0.000825
18	2	0.000825
9	2	0.000825
no	2	0.000825
13	2	0.000825
innocent	2	0.000825
world	2	0.000825
世界	2	0.000825
終る	2	0.000825
まで	2	0.000825
WANDS	2	0.000825
Rusty	2	0.000825
Nail	2	0.000825
X	2	0.000825
JAPAN	2	0.000825
Hello	2	0.000825
my	2	0.000825
friend	2	0.000825
15	2	0.000825
On	2	0.000825
CHAGE	2	0.000825
&	2	0.000825
ASKA	2	0.000825
う	2	0.000825
恋し	2	0.000825
せつな	2	0.000825
心強	2	0.000825
篠原	2	0.000825
涼子	2	0.000825
with	2	0.000825
komuro	2	0.000825
人	2	0.000825
内田	2	0.000825
-（	2	0.000825
すき	2	0.000825
きづい	2	0.000825
1990	2	0.000825
1992	2	0.000825
1995	2	0.000825
1999	2	0.000825
2000	2	0.000825
あ	2	0.000825
朝	2	0.000825
達成	2	0.000825
しか	2	0.000825
その	2	0.000825
史上	2	0.000825
最強	2	0.000825
遊園	2	0.000825
地	2	0.000825
ドリカムワンダーランド	2	0.000825
今	2	0.000825
化	2	0.000825
うれし	2	0.000825
てる	2	0.000825
へ	2	0.000825
だ	2	0.000825
ん	2	0.000825
だけ	2	0.000825
未来	2	0.000825
連れ	2	0.000825
GREATEST	2	0.000825
HITS	2	0.000825
SOUL	2	0.000825
COLLECTION	2	0.000825
関連	2	0.000825
する	2	0.000825
楽曲	2	0.000825
出典	1	0.000413
フリー	1	0.000413
百科	1	0.000413
事典	1	0.000413
ウィキペディア	1	0.000413
Wikipedia	1	0.000413
ナビゲーション	1	0.000413
検索	1	0.000413
ウインター	1	0.000413
変更	1	0.000413
cm	1	0.000413
枚	1	0.000413
目次	1	0.000413
非	1	0.000413
中	1	0.000413
両方	1	0.000413
とも	1	0.000413
なお	1	0.000413
さまざま	1	0.000413
CD	1	0.000413
ジャケット	1	0.000413
キャラクター	1	0.000413
ドリクマ	1	0.000413
登場	1	0.000413
エリック	1	0.000413
マーティン	1	0.000413
Noa	1	0.000413
カヴァー	1	0.000413
挿入	1	0.000413
歌	1	0.000413
第	1	0.000413
付	1	0.000413
OH	1	0.000413
LITTLE	1	0.000413
GIRL	1	0.000413
尾崎	1	0.000413
豊	1	0.000413
愛	1	0.000413
泳ぎ	1	0.000413
疲れ	1	0.000413
Boy	1	0.000413
ただ	1	0.000413
泣き	1	0.000413
なる	1	0.000413
中山	1	0.000413
美穂	1	0.000413
おおきに	1	0.000413
毎度	1	0.000413
あり	1	0.000413
GAMBA	1	0.000413
ら	1	0.000413
なく	1	0.000413
ちゃ	1	0.000413
LINDBERG	1	0.000413
Nights	1	0.000413
of	1	0.000413
Knife	1	0.000413
TMN	1	0.000413
16	1	0.000413
夏	1	0.000413
抱きしめ	1	0.000413
TUBE	1	0.000413
30	1	0.000413
空	1	0.000413
君	1	0.000413
あいだ	1	0.000413
ファイト	1	0.000413
!（	1	0.000413
中島	1	0.000413
みゆき	1	0.000413
survival	1	0.000413
dAnce	1	0.000413
cry	1	0.000413
more	1	0.000413
?（	1	0.000413
trf	1	0.000413
20	1	0.000413
27	1	0.000413
瞳	1	0.000413
そらさ	1	0.000413
DEEN	1	0.000413
Miss	1	0.000413
You	1	0.000413
今井	1	0.000413
美樹	1	0.000413
HEART	1	0.000413
NATURAL	1	0.000413
Your	1	0.000413
Mark	1	0.000413
22	1	0.000413
こんな	1	0.000413
そば	1	0.000413
居る	1	0.000413
のに	1	0.000413
29	1	0.000413
SPY	1	0.000413
槇原	1	0.000413
敬之	1	0.000413
VIRGIN	1	0.000413
BEAT	1	0.000413
氷室	1	0.000413
京介	1	0.000413
がんばり	1	0.000413
ましょ	1	0.000413
BLUE	1	0.000413
LUNA	1	0.000413
SEA	1	0.000413
永遠	1	0.000413
夢	1	0.000413
向かっ	1	0.000413
大黒	1	0.000413
摩季	1	0.000413
素敵	1	0.000413
誕生	1	0.000413
私	1	0.000413
大事	1	0.000413
シングル・ヴァージョン	1	0.000413
)（	1	0.000413
森高	1	0.000413
千里	1	0.000413
TENCA	1	0.000413
取ろ	1	0.000413
野望	1	0.000413
有紀	1	0.000413
春	1	0.000413
来い	1	0.000413
逢い	1	0.000413
MOTEL	1	0.000413
everybody	1	0.000413
goes	1	0.000413
秩序	1	0.000413
現代	1	0.000413
ドロップ	1	0.000413
キック	1	0.000413
1967	1	0.000413
1968	1	0.000413
1969	1	0.000413
1970	1	0.000413
1971	1	0.000413
1972	1	0.000413
1973	1	0.000413
1974	1	0.000413
1975	1	0.000413
1976	1	0.000413
1977	1	0.000413
1978	1	0.000413
1979	1	0.000413
1980	1	0.000413
1981	1	0.000413
1982	1	0.000413
1983	1	0.000413
1984	1	0.000413
1985	1	0.000413
1986	1	0.000413
1987	1	0.000413
1988	1	0.000413
1989	1	0.000413
1991	1	0.000413
1996	1	0.000413
1997	1	0.000413
2001	1	0.000413
2002	1	0.000413
2004	1	0.000413
2005	1	0.000413
2006	1	0.000413
2007	1	0.000413
2008	1	0.000413
2010	1	0.000413
)』	1	0.000413
52	1	0.000413
SONY	1	0.000413
MD	1	0.000413
WALKMAN	1	0.000413
CF	1	0.000413
使用	1	0.000413
こと	1	0.000413
関係	1	0.000413
WINER	1	0.000413
以外	1	0.000413
一新	1	0.000413
同じ	1	0.000413
タイトル	1	0.000413
入り	1	0.000413
再	1	0.000413
nd	1	0.000413
により	1	0.000413
あわせ	1	0.000413
突破	1	0.000413
ちなみに	1	0.000413
日本人	1	0.000413
歌手	1	0.000413
全	1	0.000413
英	1	0.000413
詞	1	0.000413
歴代	1	0.000413
本	1	0.000413
Real	1	0.000413
Thing	1	0.000413
Shakes	1	0.000413
ミュージック	1	0.000413
VHS	1	0.000413
91	1	0.000413
95	1	0.000413
★	1	0.000413
50	1	0.000413
万	1	0.000413
ドリーム	1	0.000413
キャッチャー	1	0.000413
PV	1	0.000413
時代	1	0.000413
プロモーション	1	0.000413
商品	1	0.000413
ほとんど	1	0.000413
後	1	0.000413
Jingle	1	0.000413
Bells	1	0.000413
in	1	0.000413
back	1	0.000413
ground	1	0.000413
西川	1	0.000413
隆宏	1	0.000413
元	1	0.000413
メンバー	1	0.000413
あなた	1	0.000413
会い	1	0.000413
APPROACH	1	0.000413
はずかし	1	0.000413
朝帰り	1	0.000413
LAT	1	0.000413
43	1	0.000413
°	1	0.000413
N	1	0.000413
forty	1	0.000413
three	1	0.000413
degrees	1	0.000413
north	1	0.000413
latitude	1	0.000413
笑顔	1	0.000413
行方	1	0.000413
さよなら	1	0.000413
待っ	1	0.000413
Eyes	1	0.000413
to	1	0.000413
me	1	0.000413
彼	1	0.000413
友達	1	0.000413
忘れ	1	0.000413
決戦	1	0.000413
金曜日	1	0.000413
太陽	1	0.000413
見	1	0.000413
いい	1	0.000413
サンキュ	1	0.000413
嵐	1	0.000413
ROMANCE	1	0.000413
家	1	0.000413
帰ろ	1	0.000413
そう	1	0.000413
誘惑	1	0.000413
PEACE	1	0.000413
MARRY	1	0.000413
ME	1	0.000413
なんて	1	0.000413
恋	1	0.000413
だろ	1	0.000413
SNOW	1	0.000413
DANCE	1	0.000413
わすれ	1	0.000413
ばん	1	0.000413
ちょう	1	0.000413
TWENTY	1	0.000413
FOUR	1	0.000413
SEVEN	1	0.000413
好き	1	0.000413
じゃ	1	0.000413
だめ	1	0.000413
Go	1	0.000413
Baby	1	0.000413
universal	1	0.000413
mix	1	0.000413
いつのまに	1	0.000413
ALL	1	0.000413
ABOUT	1	0.000413
やさしい	1	0.000413
キス	1	0.000413
マスカラ	1	0.000413
まつげ	1	0.000413
はじまり	1	0.000413
la	1	0.000413
OLA	1	0.000413
VITORIA	1	0.000413
ラヴ	1	0.000413
レター	1	0.000413
何	1	0.000413
度	1	0.000413
でも	1	0.000413
JET	1	0.000413
!!!/	1	0.000413
SUNSHINE	1	0.000413
もしも	1	0.000413
なら	1	0.000413
今日	1	0.000413
大阪	1	0.000413
LOVER	1	0.000413
きみ	1	0.000413
聞こえ	1	0.000413
ア・イ・シ・テ・ル	1	0.000413
サイン	1	0.000413
わたし	1	0.000413
たち	1	0.000413
予想	1	0.000413
図	1	0.000413
featuring	1	0.000413
ルフィ	1	0.000413
ナミ	1	0.000413
ゾロ	1	0.000413
ウソップ	1	0.000413
サンジ	1	0.000413
チョッパー	1	0.000413
ロビン	1	0.000413
フランキー	1	0.000413
ヒルルク	1	0.000413
くれ	1	0.000413
MERRY	1	0.000413
LIFE	1	0.000413
ROUND	1	0.000413
BABY	1	0.000413
てっ	1	0.000413
っ	1	0.000413
GOOD	1	0.000413
BYE	1	0.000413
SCHOOL	1	0.000413
DAYS	1	0.000413
先	1	0.000413
WONDER	1	0.000413
MILLION	1	0.000413
KISSES	1	0.000413
MAGIC	1	0.000413
DELICIOUS	1	0.000413
UNLIMITED	1	0.000413
∞	1	0.000413
SING	1	0.000413
OR	1	0.000413
DIE	1	0.000413
the	1	0.000413
Monster	1	0.000413
monkey	1	0.000413
girl	1	0.000413
odyssey	1	0.000413
DIAMOND	1	0.000413
ROCKS	1	0.000413
AND	1	0.000413
I	1	0.000413
DO	1	0.000413
BEST	1	0.000413
OF	1	0.000413
DREAMAGE	1	0.000413
“	1	0.000413
BALLAD	1	0.000413
DREAMANIA	1	0.000413
SMOOTH	1	0.000413
GROOVE	1	0.000413
OVERFLOWS	1	0.000413
ASIAN	1	0.000413
EDITION	1	0.000413
事項	1	0.000413
DCT	1	0.000413
records	1	0.000413
DCTgarden	1	0.000413
IKEDA	1	0.000413
浦嶋	1	0.000413
りん	1	0.000413
こ	1	0.000413
FUNK	1	0.000413
PEANUTS	1	0.000413
たのし	1	0.000413
大好き	1	0.000413
アマレット	1	0.000413
旅	1	0.000413
ハーモニー	1	0.000413
書き	1	0.000413
かけ	1	0.000413
項目	1	0.000413
です	1	0.000413
加筆	1	0.000413
訂正	1	0.000413
下さる	1	0.000413
協力	1	0.000413
者	1	0.000413
求め	1	0.000413
ます	1	0.000413
P	1	0.000413
音楽	1	0.000413
PJ	1	0.000413
http	1	0.000413
://	1	0.000413
ja	1	0.000413
wikipedia	1	0.000413
org	1	0.000413
wiki	1	0.000413
_	1	0.000413
より	1	0.000413
作成	1	0.000413
カテゴリ	1	0.000413
主題歌	1	0.000413
コマーシャル	1	0.000413
オリコンシングルチャート	1	0.000413
獲得	1	0.000413
ミリオンセラー	1	0.000413
