-	95	0.133427
Mi	45	0.063202
：	19	0.026685
22	10	0.014045
(	10	0.014045
,	10	0.014045
の	10	0.014045
6	10	0.014045
[	10	0.014045
。	9	0.012640
)	8	0.011236
「	8	0.011236
]	8	0.011236
2	8	0.011236
%	8	0.011236
は	7	0.009831
・	7	0.009831
.	7	0.009831
m	7	0.009831
:	6	0.008427
た	6	0.008427
9	6	0.008427
」	6	0.008427
、	5	0.007022
設計	5	0.007022
1	5	0.007022
編集	5	0.007022
kg	5	0.007022
/	5	0.007022
（	4	0.005618
ミル	4	0.005618
Ми	4	0.005618
局	4	0.005618
4	4	0.005618
を	4	0.005618
V	4	0.005618
km	4	0.005618
　	4	0.005618
航空機	3	0.004213
）	3	0.004213
ロシア	3	0.004213
ソ連	3	0.004213
し	3	0.004213
空中	3	0.004213
指揮	3	0.004213
ヘリコプター	3	0.004213
A	3	0.004213
として	3	0.004213
3	3	0.004213
関連	3	0.004213
項目	3	0.004213
5	3	0.004213
部隊	3	0.004213
に	3	0.004213
重量	3	0.004213
40	3	0.004213
500	3	0.004213
上昇	3	0.004213
E	3	0.004213
；	2	0.002809
語	2	0.002809
所	2	0.002809
пункт	2	0.002809
で	2	0.002809
さ	2	0.002809
れ	2	0.002809
概要	2	0.002809
性能	2	0.002809
主要	2	0.002809
諸	2	0.002809
元	2	0.002809
脚注	2	0.002809
外部	2	0.002809
リンク	2	0.002809
])	2	0.002809
または	2	0.002809
ВзПУ	2	0.002809
機体	2	0.002809
年	2	0.002809
直径	2	0.002809
35	2	0.002809
30	2	0.002809
18	2	0.002809
離陸	2	0.002809
44	2	0.002809
積載	2	0.002809
製	2	0.002809
25	2	0.002809
速度	2	0.002809
h	2	0.002809
航続	2	0.002809
距離	2	0.002809
実用	2	0.002809
限度	2	0.002809
名	2	0.002809
.^	2	0.002809
Яхонт	2	0.002809
"	2	0.002809
7	2	0.002809
8	2	0.002809
出典	1	0.001404
フリー	1	0.001404
百科	1	0.001404
事典	1	0.001404
『	1	0.001404
ウィキペディア	1	0.001404
Wikipedia	1	0.001404
』	1	0.001404
移動	1	0.001404
ナビゲーション	1	0.001404
検索	1	0.001404
ミー・ドゥヴァッツァーチ・ドゥヴァー	1	0.001404
が	1	0.001404
コマンド	1	0.001404
ポスト	1	0.001404
）」(	1	0.001404
Воздушный	1	0.001404
командный	1	0.001404
ヴァズドゥーシヌィ・カマーンドヌイ・プーンクト	1	0.001404
ある	1	0.001404
大型	1	0.001404
輸送	1	0.001404
派生	1	0.001404
型	1	0.001404
開発	1	0.001404
目次	1	0.001404
非	1	0.001404
表示	1	0.001404
1970	1	0.001404
年代	1	0.001404
初頭	1	0.001404
AYa	1	0.001404
AJa	1	0.001404
АЯ	1	0.001404
ミー・シェースチ・アヤー	1	0.001404
VzPU	1	0.001404
と	1	0.001404
呼ば	1	0.001404
れる	1	0.001404
立案	1	0.001404
これら	1	0.001404
陸軍	1	0.001404
協同	1	0.001404
空軍	1	0.001404
直接	1	0.001404
戦闘	1	0.001404
行う	1	0.001404
能力	1	0.001404
与え	1	0.001404
られ	1	0.001404
て	1	0.001404
い	1	0.001404
完成	1	0.001404
1973	1	0.001404
初	1	0.001404
飛行	1	0.001404
行い	1	0.001404
1975	1	0.001404
配備	1	0.001404
主	1	0.001404
回転	1	0.001404
翼	1	0.001404
00	1	0.001404
テールローター	1	0.001404
全長	1	0.001404
33	1	0.001404
全	1	0.001404
高	1	0.001404
86	1	0.001404
空虚	1	0.001404
27	1	0.001404
240	1	0.001404
通常	1	0.001404
最大	1	0.001404
000	1	0.001404
内部	1	0.001404
燃料	1	0.001404
315	1	0.001404
+	1	0.001404
オプション	1	0.001404
490	1	0.001404
発動	1	0.001404
機	1	0.001404
GTD	1	0.001404
PNPP	1	0.001404
アヴィアドヴィガーテリ	1	0.001404
ソロヴィヨーフ	1	0.001404
D	1	0.001404
TV	1	0.001404
BV	1	0.001404
出力	1	0.001404
×	1	0.001404
100	1	0.001404
kW	1	0.001404
超過	1	0.001404
禁止	1	0.001404
304	1	0.001404
巡航	1	0.001404
250	1	0.001404
限界	1	0.001404
270	1	0.001404
620	1	0.001404
率	1	0.001404
310	1	0.001404
min	1	0.001404
ホバリング	1	0.001404
乗員	1	0.001404
量	1	0.001404
まで	1	0.001404
ヘルプ	1	0.001404
Я	1	0.001404
表す	1	0.001404
ヤーハント	1	0.001404
ルビー	1	0.001404
サファイア	1	0.001404
類	1	0.001404
古称	1	0.001404
воздушный	1	0.001404
управления	1	0.001404
ヴァズドゥーシヌィ・プーンクト・ウプラヴリェーニヤ	1	0.001404
)、	1	0.001404
すなわち	1	0.001404
略	1	0.001404
同種	1	0.001404
Уголок	1	0.001404
неба	1	0.001404
2004	1	0.001404
Страница	1	0.001404
Миль	1	0.001404
Дата	1	0.001404
модификации	1	0.001404
11	1	0.001404
09	1	0.001404
2005	1	0.001404
隠す	1	0.001404
表	1	0.001404
話	1	0.001404
編	1	0.001404
歴	1	0.001404
10	1	0.001404
12	1	0.001404
13	1	0.001404
14	1	0.001404
16	1	0.001404
17	1	0.001404
19	1	0.001404
20	1	0.001404
24	1	0.001404
26	1	0.001404
28	1	0.001404
32	1	0.001404
34	1	0.001404
36	1	0.001404
38	1	0.001404
42	1	0.001404
46	1	0.001404
52	1	0.001404
54	1	0.001404
58	1	0.001404
60	1	0.001404
紹介	1	0.001404
ミハイル	1	0.001404
ミーリ	1	0.001404
NATO	1	0.001404
コードネーム	1	0.001404
http	1	0.001404
://	1	0.001404
ja	1	0.001404
wikipedia	1	0.001404
org	1	0.001404
wiki	1	0.001404
_(%	1	0.001404
88	1	0.001404
AA	1	0.001404
BA	1	0.001404
F	1	0.001404
)」	1	0.001404
より	1	0.001404
作成	1	0.001404
カテゴリ	1	0.001404
|	1	0.001404
