駅	83	0.032767
の	70	0.027635
線	65	0.025661
-	62	0.024477
年	61	0.024082
。	57	0.022503
（	54	0.021319
）	54	0.021319
、	47	0.018555
天理	42	0.016581
・	41	0.016186
は	39	0.015397
が	38	0.015002
に	38	0.015002
：	34	0.013423
1	30	0.011844
法隆寺	29	0.011449
を	27	0.010659
月	25	0.009870
.	22	0.008685
と	22	0.008685
で	22	0.008685
日	22	0.008685
平端	20	0.007896
列車	20	0.007896
4	19	0.007501
3	18	0.007106
間	17	0.006711
路線	16	0.006317
て	16	0.006317
[	15	0.005922
]	15	0.005922
た	15	0.005922
「	15	0.005922
」	15	0.005922
近鉄	14	0.005527
急行	14	0.005527
%	14	0.005527
2	13	0.005132
さ	13	0.005132
直通	12	0.004737
*	12	0.004737
5	11	0.004343
奈良	11	0.004343
大阪	11	0.004343
京都	11	0.004343
も	11	0.004343
昭和	11	0.004343
普通	10	0.003948
日本	10	0.003948
編集	10	0.003948
する	9	0.003553
いる	9	0.003553
から	8	0.003158
表示	8	0.003158
廃止	8	0.003158
区間	8	0.003158
橿原線	8	0.003158
運転	8	0.003158
れ	8	0.003158
なっ	8	0.003158
し	8	0.003158
二階堂	7	0.002764
mm	7	0.002764
近畿	7	0.002764
大和	7	0.002764
7	7	0.002764
近畿日本鉄道	7	0.002764
車両	7	0.002764
9	7	0.002764
難波	7	0.002764
れる	7	0.002764
準急	7	0.002764
軽便鉄道	7	0.002764
軌	6	0.002369
0	6	0.002369
橿原	6	0.002369
まで	6	0.002369
鉄道	6	0.002369
カード	6	0.002369
使用	6	0.002369
運行	6	0.002369
6	6	0.002369
ある	6	0.002369
へ	6	0.002369
特急	6	0.002369
系	6	0.002369
両	6	0.002369
新	6	0.002369
10	6	0.002369
開始	6	0.002369
平成	6	0.002369
(	5	0.001974
)	5	0.001974
大	5	0.001974
安堵	5	0.001974
電化	5	0.001974
内	5	0.001974
本	5	0.001974
時	5	0.001974
編成	5	0.001974
買収	5	0.001974
各駅	5	0.001974
快速	5	0.001974
著者	5	0.001974
編者	5	0.001974
出版	5	0.001974
発行	5	0.001974
E	5	0.001974
|	5	0.001974
軌間	4	0.001579
V	4	0.001579
県	4	0.001579
市	4	0.001579
J	4	0.001579
スルー	4	0.001579
折り返し	4	0.001579
西大寺	4	0.001579
天理教	4	0.001579
臨時	4	0.001579
こと	4	0.001579
存在	4	0.001579
として	4	0.001579
開業	4	0.001579
電気	4	0.001579
休止	4	0.001579
大正	4	0.001579
改称	4	0.001579
取り扱い	4	0.001579
機	4	0.001579
●	4	0.001579
ソ	4	0.001579
ラリー	4	0.001579
ISBN	4	0.001579
:	3	0.001184
,	3	0.001184
km	3	0.001184
1500	3	0.001184
停車	3	0.001184
接続	3	0.001184
額	3	0.001184
田部	3	0.001184
前栽	3	0.001184
対応	3	0.001184
形態	3	0.001184
一覧	3	0.001184
8	3	0.001184
関連	3	0.001184
営業	3	0.001184
キロ	3	0.001184
複線	3	0.001184
全線	3	0.001184
大和西大寺	3	0.001184
毎時	3	0.001184
ただし	3	0.001184
また	3	0.001184
名古屋	3	0.001184
その	3	0.001184
い	3	0.001184
参照	3	0.001184
地下鉄	3	0.001184
762	3	0.001184
軌道	3	0.001184
関西	3	0.001184
標準軌	3	0.001184
行わ	3	0.001184
11	3	0.001184
20	3	0.001184
21	3	0.001184
12	3	0.001184
システム	3	0.001184
号	3	0.001184
/	3	0.001184
はん	3	0.001184
な	3	0.001184
×	3	0.001184
A	3	0.001184
走行	2	0.000790
1435	2	0.000790
電圧	2	0.000790
直流	2	0.000790
1932	2	0.000790
関西本線	2	0.000790
1964	2	0.000790
万	2	0.000790
葉	2	0.000790
ま	2	0.000790
ほろ	2	0.000790
ば	2	0.000790
旧	2	0.000790
大和郡山	2	0.000790
スルッ	2	0.000790
KANSAI	2	0.000790
PiTaPa	2	0.000790
ICOCA	2	0.000790
できる	2	0.000790
非	2	0.000790
データ	2	0.000790
歴史	2	0.000790
その他	2	0.000790
脚注	2	0.000790
参考	2	0.000790
文献	2	0.000790
項目	2	0.000790
数	2	0.000790
含む	2	0.000790
閉塞	2	0.000790
自動	2	0.000790
式	2	0.000790
ほか	2	0.000790
のみ	2	0.000790
行き	2	0.000790
によって	2	0.000790
祭礼	2	0.000790
際	2	0.000790
など	2	0.000790
上	2	0.000790
本町	2	0.000790
設定	2	0.000790
終夜	2	0.000790
30	2	0.000790
連絡	2	0.000790
多い	2	0.000790
時刻	2	0.000790
について	2	0.000790
ため	2	0.000790
烏丸線	2	0.000790
一部	2	0.000790
ダイヤ	2	0.000790
もの	2	0.000790
1915	2	0.000790
あり	2	0.000790
方面	2	0.000790
1921	2	0.000790
畝傍	2	0.000790
後	2	0.000790
乗客	2	0.000790
利用	2	0.000790
桜井	2	0.000790
本線	2	0.000790
話	2	0.000790
1922	2	0.000790
改	2	0.000790
1945	2	0.000790
動力	2	0.000790
1928	2	0.000790
関	2	0.000790
急	2	0.000790
19	2	0.000790
1952	2	0.000790
27	2	0.000790
ホーム	2	0.000790
1988	2	0.000790
63	2	0.000790
化	2	0.000790
稼働	2	0.000790
2001	2	0.000790
13	2	0.000790
2009	2	0.000790
終了	2	0.000790
祭事	2	0.000790
駅名	2	0.000790
○	2	0.000790
…	2	0.000790
.^	2	0.000790
別	2	0.000790
方向	2	0.000790
幕	2	0.000790
案内	2	0.000790
られ	2	0.000790
消滅	2	0.000790
よる	2	0.000790
停車駅	2	0.000790
という	2	0.000790
上り	2	0.000790
2008	2	0.000790
カラー	2	0.000790
ブックス	2	0.000790
私鉄	2	0.000790
　	2	0.000790
諸	2	0.000790
河	2	0.000790
久	2	0.000790
保育	2	0.000790
社	2	0.000790
1998	2	0.000790
表	2	0.000790
同左	2	0.000790
志摩線	2	0.000790
通称	2	0.000790
ゆめ	2	0.000790
狭軌	2	0.000790
南大阪線	2	0.000790
内部	2	0.000790
八王子	2	0.000790
阪神	2	0.000790
印	2	0.000790
線区	2	0.000790
出典	1	0.000395
フリー	1	0.000395
百科	1	0.000395
事典	1	0.000395
『	1	0.000395
ウィキペディア	1	0.000395
Wikipedia	1	0.000395
』	1	0.000395
移動	1	0.000395
ナビゲーション	1	0.000395
検索	1	0.000395
隠す	1	0.000395
付近	1	0.000395
行	1	0.000395
総	1	0.000395
延長	1	0.000395
場	1	0.000395
施設	1	0.000395
凡例	1	0.000395
富雄川	1	0.000395
↑	1	0.000395
↓	1	0.000395
桜井線	1	0.000395
てん	1	0.000395
り	1	0.000395
せん	1	0.000395
結ぶ	1	0.000395
および	1	0.000395
目次	1	0.000395
距離	1	0.000395
起	1	0.000395
終点	1	0.000395
方式	1	0.000395
輸送	1	0.000395
統括	1	0.000395
部	1	0.000395
上本	1	0.000395
町	1	0.000395
局	1	0.000395
管轄	1	0.000395
平日	1	0.000395
昼間	1	0.000395
合計	1	0.000395
土	1	0.000395
休日	1	0.000395
時間	1	0.000395
帯	1	0.000395
置き換え	1	0.000395
られる	1	0.000395
場合	1	0.000395
団体	1	0.000395
専用	1	0.000395
18200	1	0.000395
電車	1	0.000395
なお	1	0.000395
1972	1	0.000395
1970	1	0.000395
以降	1	0.000395
定期	1	0.000395
大晦日	1	0.000395
元旦	1	0.000395
にかけて	1	0.000395
ここ	1	0.000395
最近	1	0.000395
概ね	1	0.000395
分	1	0.000395
間隔	1	0.000395
公式	1	0.000395
ホームページ	1	0.000395
紹介	1	0.000395
詳細	1	0.000395
#	1	0.000395
同じく	1	0.000395
検車	1	0.000395
区	1	0.000395
市営	1	0.000395
3200	1	0.000395
3220	1	0.000395
単独	1	0.000395
大半	1	0.000395
早朝	1	0.000395
深夜	1	0.000395
系統	1	0.000395
唯一	1	0.000395
往復	1	0.000395
特に	1	0.000395
割合	1	0.000395
増加	1	0.000395
自体	1	0.000395
発着	1	0.000395
回送	1	0.000395
せ	1	0.000395
始まり	1	0.000395
国鉄	1	0.000395
近く	1	0.000395
同線	1	0.000395
結ん	1	0.000395
向かう	1	0.000395
免許	1	0.000395
交付	1	0.000395
条件	1	0.000395
帰り	1	0.000395
寄る	1	0.000395
者	1	0.000395
多かっ	1	0.000395
余り	1	0.000395
伸び	1	0.000395
ず	1	0.000395
1920	1	0.000395
政府	1	0.000395
補助	1	0.000395
金	1	0.000395
打ち切り	1	0.000395
この	1	0.000395
望む	1	0.000395
自ら	1	0.000395
要請	1	0.000395
そして	1	0.000395
翌	1	0.000395
軌畝	1	0.000395
傍線	1	0.000395
開通	1	0.000395
同時に	1	0.000395
走る	1	0.000395
よう	1	0.000395
一方	1	0.000395
最後	1	0.000395
まま	1	0.000395
のち	1	0.000395
蒸気	1	0.000395
1916	1	0.000395
現在	1	0.000395
1927	1	0.000395
1929	1	0.000395
頃	1	0.000395
ガソリン	1	0.000395
併用	1	0.000395
認可	1	0.000395
受ける	1	0.000395
短縮	1	0.000395
小型	1	0.000395
ガソリンカー	1	0.000395
導入	1	0.000395
1941	1	0.000395
16	1	0.000395
15	1	0.000395
1944	1	0.000395
中	1	0.000395
1968	1	0.000395
43	1	0.000395
ATS	1	0.000395
1969	1	0.000395
44	1	0.000395
架線	1	0.000395
600	1	0.000395
昇圧	1	0.000395
1973	1	0.000395
48	1	0.000395
建築	1	0.000395
限界	1	0.000395
拡大	1	0.000395
工事	1	0.000395
竣工	1	0.000395
これ	1	0.000395
伴い	1	0.000395
分離	1	0.000395
1992	1	0.000395
管理	1	0.000395
KOSMOS	1	0.000395
2000	1	0.000395
ご	1	0.000395
乗降	1	0.000395
確認	1	0.000395
フェア	1	0.000395
K	1	0.000395
14	1	0.000395
2007	1	0.000395
改札	1	0.000395
のりこし	1	0.000395
精算	1	0.000395
]。	1	0.000395
全	1	0.000395
所在	1	0.000395
省略	1	0.000395
とも	1	0.000395
に関して	1	0.000395
所在地	1	0.000395
[*	1	0.000395
上記	1	0.000395
西日本旅客鉄道	1	0.000395
とき	1	0.000395
1948	1	0.000395
種	1	0.000395
しか	1	0.000395
ない	1	0.000395
反転	1	0.000395
フラップ	1	0.000395
2006	1	0.000395
改正	1	0.000395
新種	1	0.000395
登場	1	0.000395
差し替え	1	0.000395
途中	1	0.000395
東生駒	1	0.000395
見る	1	0.000395
郡山	1	0.000395
行先	1	0.000395
更新	1	0.000395
により	1	0.000395
もっ	1	0.000395
すべて	1	0.000395
過去	1	0.000395
生駒	1	0.000395
学園前	1	0.000395
菖蒲池	1	0.000395
見	1	0.000395
入っ	1	0.000395
おり	1	0.000395
ヘルプ	1	0.000395
PDF	1	0.000395
まるごと	1	0.000395
ぶらり	1	0.000395
沿線	1	0.000395
旅	1	0.000395
徳田	1	0.000395
耕一	1	0.000395
河出書房新社	1	0.000395
2005	1	0.000395
4309224393	1	0.000395
杉谷	1	0.000395
広	1	0.000395
規	1	0.000395
458650904	1	0.000395
X	1	0.000395
山辺	1	0.000395
誠	1	0.000395
4586509058	1	0.000395
各	1	0.000395
鉄道ピクトリアル	1	0.000395
'	1	0.000395
03	1	0.000395
増刊	1	0.000395
特集	1	0.000395
車	1	0.000395
研究	1	0.000395
会	1	0.000395
今尾	1	0.000395
恵	1	0.000395
介	1	0.000395
旅行	1	0.000395
地図	1	0.000395
帳	1	0.000395
新潮社	1	0.000395
978	1	0.000395
790026	1	0.000395
史	1	0.000395
編	1	0.000395
歴	1	0.000395
435	1	0.000395
信貴線	1	0.000395
湯の山線	1	0.000395
鈴鹿線	1	0.000395
山田線	1	0.000395
鳥羽線	1	0.000395
賢島	1	0.000395
難波線	1	0.000395
生駒線	1	0.000395
田原本線	1	0.000395
けい	1	0.000395
067	1	0.000395
道明寺線	1	0.000395
長野	1	0.000395
御所線	1	0.000395
吉野線	1	0.000395
特殊	1	0.000395
八王子線	1	0.000395
ケーブルカー	1	0.000395
生駒鋼索線	1	0.000395
西信貴鋼索線	1	0.000395
ロープ	1	0.000395
ウェイ	1	0.000395
葛城	1	0.000395
索道	1	0.000395
譲渡	1	0.000395
運営	1	0.000395
移管	1	0.000395
大浜	1	0.000395
支線	1	0.000395
小房	1	0.000395
伊勢線	1	0.000395
東	1	0.000395
信貴	1	0.000395
鋼索	1	0.000395
北勢線	1	0.000395
養老線	1	0.000395
伊賀線	1	0.000395
長谷	1	0.000395
山上	1	0.000395
相互	1	0.000395
中央	1	0.000395
なんば	1	0.000395
部分	1	0.000395
http	1	0.000395
://	1	0.000395
ja	1	0.000395
wikipedia	1	0.000395
org	1	0.000395
wiki	1	0.000395
/%	1	0.000395
BF	1	0.000395
91	1	0.000395
89	1	0.000395
84	1	0.000395
90	1	0.000395
86	1	0.000395
B	1	0.000395
より	1	0.000395
作成	1	0.000395
カテゴリ	1	0.000395
地方	1	0.000395
交通	1	0.000395
