、	42	0.045702
。	32	0.034820
%	26	0.028292
は	22	0.023939
の	19	0.020675
で	17	0.018498
3	14	0.015234
に	13	0.014146
:	12	0.013058
-	12	0.013058
.	11	0.011970
[	9	0.009793
]	9	0.009793
や	9	0.009793
E	9	0.009793
ヒメチョウゲンボウ	8	0.008705
編集	8	0.008705
が	8	0.008705
『	7	0.007617
』	7	0.007617
動物	7	0.007617
ハヤブサ	7	0.007617
鳥類	7	0.007617
を	7	0.007617
・	7	0.007617
,	6	0.006529
し	6	0.006529
日本	6	0.006529
年	6	0.006529
頁	6	0.006529
83	6	0.006529
（	5	0.005441
）	5	0.005441
1	5	0.005441
門	5	0.005441
科	5	0.005441
　	5	0.005441
する	5	0.005441
て	5	0.005441
黒い	5	0.005441
など	5	0.005441
IUCN	4	0.004353
鳥	4	0.004353
属	4	0.004353
Falco	4	0.004353
naumanni	4	0.004353
と	4	0.004353
5	4	0.004353
6	4	0.004353
関連	4	0.004353
項目	4	0.004353
色彩	4	0.004353
ペア	4	0.004353
A	4	0.004353
Red	3	0.003264
List	3	0.003264
II	3	0.003264
界	3	0.003264
綱	3	0.003264
目	3	0.003264
さ	3	0.003264
れる	3	0.003264
2	3	0.003264
越冬	3	0.003264
れ	3	0.003264
いる	3	0.003264
羽毛	3	0.003264
覆わ	3	0.003264
黄色	3	0.003264
た	3	0.003264
地	3	0.003264
生息	3	0.003264
数	3	0.003264
日	3	0.003264
ます	3	0.003264
改訂	3	0.003264
野鳥	3	0.003264
82	3	0.003264
百科	2	0.002176
(	2	0.002176
ワシントン	2	0.002176
条約	2	0.002176
書	2	0.002176
類	2	0.002176
分類	2	0.002176
脊索	2	0.002176
亜	2	0.002176
タカ	2	0.002176
分布	2	0.002176
形態	2	0.002176
生態	2	0.002176
4	2	0.002176
人間	2	0.002176
関係	2	0.002176
画像	2	0.002176
7	2	0.002176
参考	2	0.002176
文献	2	0.002176
外部	2	0.002176
リンク	2	0.002176
ユーラシア	2	0.002176
大陸	2	0.002176
島	2	0.002176
cm	2	0.002176
淡	2	0.002176
入る	2	0.002176
列	2	0.002176
風	2	0.002176
切	2	0.002176
嘴	2	0.002176
成鳥	2	0.002176
上面	2	0.002176
形成	2	0.002176
食	2	0.002176
食べる	2	0.002176
小型	2	0.002176
獲物	2	0.002176
28	2	0.002176
減少	2	0.002176
あり	2	0.002176
増補	2	0.002176
版	2	0.002176
2004	2	0.002176
世界	2	0.002176
2000	2	0.002176
平凡社	2	0.002176
編	2	0.002176
監修	2	0.002176
大	2	0.002176
2009	2	0.002176
「	2	0.002176
」	2	0.002176
B	2	0.002176
|	2	0.002176
出典	1	0.001088
フリー	1	0.001088
事典	1	0.001088
ウィキペディア	1	0.001088
Wikipedia	1	0.001088
移動	1	0.001088
ナビゲーション	1	0.001088
検索	1	0.001088
保全	1	0.001088
状態	1	0.001088
評価	1	0.001088
VULNERABLE	1	0.001088
Ver	1	0.001088
2001	1	0.001088
))	1	0.001088
附属	1	0.001088
Animalia	1	0.001088
Chordata	1	0.001088
脊椎動物	1	0.001088
Vertebrata	1	0.001088
Aves	1	0.001088
Falconiformes	1	0.001088
Falconidae	1	0.001088
種	1	0.001088
F	1	0.001088
学名	1	0.001088
Fleischer	1	0.001088
1818	1	0.001088
和名	1	0.001088
英名	1	0.001088
Lesser	1	0.001088
kestrel	1	0.001088
姫	1	0.001088
長	1	0.001088
元	1	0.001088
坊	1	0.001088
目次	1	0.001088
非	1	0.001088
表示	1	0.001088
8	1	0.001088
夏季	1	0.001088
中	1	0.001088
緯度	1	0.001088
地方	1	0.001088
西部	1	0.001088
繁殖	1	0.001088
冬季	1	0.001088
なる	1	0.001088
アフリカ	1	0.001088
中部	1	0.001088
以南	1	0.001088
へ	1	0.001088
南下	1	0.001088
迷鳥	1	0.001088
として	1	0.001088
対馬	1	0.001088
西表	1	0.001088
与那国	1	0.001088
高知	1	0.001088
県	1	0.001088
記録	1	0.001088
全長	1	0.001088
29	1	0.001088
32	1	0.001088
翼	1	0.001088
開張	1	0.001088
61	1	0.001088
66	1	0.001088
下面	1	0.001088
褐色	1	0.001088
斑点	1	0.001088
初	1	0.001088
次	1	0.001088
眼	1	0.001088
周囲	1	0.001088
黄色い	1	0.001088
輪	1	0.001088
模様	1	0.001088
アイリング	1	0.001088
ある	1	0.001088
上	1	0.001088
覆う	1	0.001088
肉質	1	0.001088
蝋	1	0.001088
膜	1	0.001088
先端	1	0.001088
後肢	1	0.001088
爪	1	0.001088
白	1	0.001088
オス	1	0.001088
青みがかっ	1	0.001088
灰色	1	0.001088
メス	1	0.001088
幼鳥	1	0.001088
赤褐色	1	0.001088
頭部	1	0.001088
頸部	1	0.001088
縦縞	1	0.001088
背中	1	0.001088
雨	1	0.001088
覆	1	0.001088
尾羽	1	0.001088
横縞	1	0.001088
草原	1	0.001088
開け	1	0.001088
農耕	1	0.001088
群れ	1	0.001088
性	1	0.001088
主	1	0.001088
昆虫	1	0.001088
哺乳類	1	0.001088
も	1	0.001088
集団	1	0.001088
捕らえる	1	0.001088
崖	1	0.001088
岩穴	1	0.001088
樹	1	0.001088
洞	1	0.001088
建物	1	0.001088
コロニー	1	0.001088
月	1	0.001088
産卵	1	0.001088
卵	1	0.001088
個	1	0.001088
抱卵	1	0.001088
日数	1	0.001088
雛	1	0.001088
孵化	1	0.001088
後	1	0.001088
26	1	0.001088
巣立つ	1	0.001088
農薬	1	0.001088
による	1	0.001088
汚染	1	0.001088
により	1	0.001088
1980	1	0.001088
年代	1	0.001088
における	1	0.001088
スペイン	1	0.001088
200	1	0.001088
100	1	0.001088
ギリシャ	1	0.001088
約	1	0.001088
000	1	0.001088
イタリア	1	0.001088
320	1	0.001088
400	1	0.001088
ルーマニア	1	0.001088
120	1	0.001088
130	1	0.001088
推定	1	0.001088
イラスト	1	0.001088
ウィキメディア・コモンズ	1	0.001088
マルチメディア	1	0.001088
ウィキスピーシーズ	1	0.001088
に関する	1	0.001088
情報	1	0.001088
五	1	0.001088
百	1	0.001088
沢	1	0.001088
丸	1	0.001088
550	1	0.001088
山野	1	0.001088
文	1	0.001088
一	1	0.001088
総合	1	0.001088
出版	1	0.001088
60	1	0.001088
小原	1	0.001088
秀雄	1	0.001088
浦	1	0.001088
本	1	0.001088
昌紀	1	0.001088
太田	1	0.001088
英利	1	0.001088
松井	1	0.001088
正文	1	0.001088
編著	1	0.001088
遺産	1	0.001088
レッド	1	0.001088
データ・アニマルズ	1	0.001088
北	1	0.001088
アメリカ	1	0.001088
講談社	1	0.001088
85	1	0.001088
188	1	0.001088
高野	1	0.001088
伸二	1	0.001088
フィールド	1	0.001088
ガイド	1	0.001088
会	1	0.001088
2007	1	0.001088
182	1	0.001088
183	1	0.001088
真木	1	0.001088
広造	1	0.001088
大西	1	0.001088
敏一	1	0.001088
590	1	0.001088
181	1	0.001088
黒田	1	0.001088
長久	1	0.001088
新版	1	0.001088
文化	1	0.001088
生物	1	0.001088
図鑑	1	0.001088
世界文化社	1	0.001088
97	1	0.001088
日高	1	0.001088
敏隆	1	0.001088
樋口	1	0.001088
広	1	0.001088
芳	1	0.001088
森岡	1	0.001088
弘之	1	0.001088
山岸	1	0.001088
哲	1	0.001088
第	1	0.001088
巻	1	0.001088
Ⅰ	1	0.001088
1996	1	0.001088
175	1	0.001088
CITES	1	0.001088
homepage	1	0.001088
Appendices	1	0.001088
I	1	0.001088
and	1	0.001088
III	1	0.001088
Home	1	0.001088
Page	1	0.001088
BirdLife	1	0.001088
International	1	0.001088
2008	1	0.001088
In	1	0.001088
of	1	0.001088
Threatened	1	0.001088
Species	1	0.001088
Version	1	0.001088
この	1	0.001088
書き	1	0.001088
かけ	1	0.001088
です	1	0.001088
加筆	1	0.001088
訂正	1	0.001088
下さる	1	0.001088
協力	1	0.001088
者	1	0.001088
求め	1	0.001088
い	1	0.001088
ポータル	1	0.001088
PJ	1	0.001088
http	1	0.001088
://	1	0.001088
ja	1	0.001088
wikipedia	1	0.001088
org	1	0.001088
/	1	0.001088
wiki	1	0.001088
/%	1	0.001088
92	1	0.001088
81	1	0.001088
9	1	0.001088
C	1	0.001088
より	1	0.001088
作成	1	0.001088
カテゴリ	1	0.001088
Vulnerable	1	0.001088
付属	1	0.001088
