|	50	0.069061
%	23	0.031768
・	16	0.022099
-	14	0.019337
3	12	0.016575
の	11	0.015193
。	10	0.013812
（	9	0.012431
,	9	0.012431
スペイン	9	0.012431
選手	9	0.012431
[	9	0.012431
た	9	0.012431
し	9	0.012431
を	9	0.012431
）	8	0.011050
、	8	0.011050
]	8	0.011050
E	8	0.011050
サッカー	7	0.009669
て	7	0.009669
83	7	0.009669
年	6	0.008287
1986	6	0.008287
は	6	0.008287
に	6	0.008287
:	5	0.006906
代表	5	0.006906
9	5	0.006906
チェンド	4	0.005525
10	4	0.005525
月	4	0.005525
12	4	0.005525
1990	4	0.005525
■	4	0.005525
表示	4	0.005525
1	4	0.005525
2	4	0.005525
4	4	0.005525
編集	4	0.005525
レ	4	0.005525
アル	4	0.005525
マドリード	4	0.005525
出場	4	0.005525
FIFA	4	0.005525
ワールドカップ	4	0.005525
.	4	0.005525
/	4	0.005525
出典	3	0.004144
ミゲル	3	0.004144
"	3	0.004144
1961	3	0.004144
日	3	0.004144
歴	3	0.004144
所属	3	0.004144
で	3	0.004144
11	3	0.004144
5	3	0.004144
い	3	0.004144
など	3	0.004144
この	3	0.004144
「	3	0.004144
」	3	0.004144
項目	3	0.004144
Miguel	2	0.002762
Porlan	2	0.002762
Noguera	2	0.002762
Chendo	2	0.002762
情報	2	0.002762
ポジション	2	0.002762
DF	2	0.002762
経歴	2	0.002762
プレー	2	0.002762
スタイル	2	0.002762
クラブ	2	0.002762
タイトル	2	0.002762
1982	2	0.002762
1998	2	0.002762
また	2	0.002762
として	2	0.002762
W	2	0.002762
杯	2	0.002762
と	2	0.002762
82	2	0.002762
リーグ	2	0.002762
1985	2	0.002762
1989	2	0.002762
UEFA	2	0.002762
表	2	0.002762
話	2	0.002762
編	2	0.002762
スビサレッタ	2	0.002762
6	2	0.002762
7	2	0.002762
8	2	0.002762
ブトラゲーニョ	2	0.002762
13	2	0.002762
14	2	0.002762
15	2	0.002762
16	2	0.002762
17	2	0.002762
18	2	0.002762
19	2	0.002762
サリナス	2	0.002762
20	2	0.002762
21	2	0.002762
ミチェル	2	0.002762
22	2	0.002762
アブラネード	2	0.002762
監督	2	0.002762
M	2	0.002762
ポルラン	2	0.002762
関連	2	0.002762
書き	2	0.002762
かけ	2	0.002762
です	2	0.002762
加筆	2	0.002762
訂正	2	0.002762
協力	2	0.002762
者	2	0.002762
求め	2	0.002762
ます	2	0.002762
PJ	2	0.002762
記事	2	0.002762
B	2	0.002762
AB	2	0.002762
ミゲル・ポルラン	1	0.001381
フリー	1	0.001381
百科	1	0.001381
事典	1	0.001381
『	1	0.001381
ウィキペディア	1	0.001381
Wikipedia	1	0.001381
』	1	0.001381
移動	1	0.001381
ナビゲーション	1	0.001381
検索	1	0.001381
名前	1	0.001381
本名	1	0.001381
ポルラン・ノゲーラ	1	0.001381
ラテン	1	0.001381
文字	1	0.001381
基本	1	0.001381
国籍	1	0.001381
生年月日	1	0.001381
48	1	0.001381
歳	1	0.001381
出身	1	0.001381
地	1	0.001381
ムルシア	1	0.001381
身長	1	0.001381
175	1	0.001381
cm	1	0.001381
体重	1	0.001381
73	1	0.001381
kg	1	0.001381
RSB	1	0.001381
26	1	0.001381
0	1	0.001381
テンプレート	1	0.001381
ノート	1	0.001381
解説	1	0.001381
pj	1	0.001381
こと	1	0.001381
ミゲル・ポルラン・ノゲーラ	1	0.001381
"、	1	0.001381
-）	1	0.001381
元	1	0.001381
現役	1	0.001381
時代	1	0.001381
右	1	0.001381
サイドバック	1	0.001381
目次	1	0.001381
非	1	0.001381
下部	1	0.001381
組織	1	0.001381
育っ	1	0.001381
彼	1	0.001381
CD	1	0.001381
カステリョン	1	0.001381
戦	1	0.001381
デビュー	1	0.001381
1997	1	0.001381
シーズン	1	0.001381
まで	1	0.001381
一筋	1	0.001381
だっ	1	0.001381
キンタ・デル・ブイトレ	1	0.001381
一員	1	0.001381
リーガ・エスパニョーラ	1	0.001381
連覇	1	0.001381
貢献	1	0.001381
メキシコ	1	0.001381
イタリア	1	0.001381
快足	1	0.001381
生かし	1	0.001381
度々	1	0.001381
サイド	1	0.001381
から	1	0.001381
攻撃	1	0.001381
参加	1	0.001381
チャンス	1	0.001381
作り	1	0.001381
守備	1	0.001381
も	1	0.001381
カバー	1	0.001381
リング	1	0.001381
長け	1	0.001381
FC	1	0.001381
バルセロナ	1	0.001381
ディエゴ	1	0.001381
マラドーナ	1	0.001381
マーク	1	0.001381
重要	1	0.001381
な	1	0.001381
仕事	1	0.001381
任さ	1	0.001381
れ	1	0.001381
要	1	0.001381
]。	1	0.001381
レアル・マドリード・カスティージャ	1	0.001381
1980	1	0.001381
レアル・マドリード	1	0.001381
98	1	0.001381
86	1	0.001381
87	1	0.001381
1987	1	0.001381
88	1	0.001381
1988	1	0.001381
89	1	0.001381
90	1	0.001381
1994	1	0.001381
95	1	0.001381
1996	1	0.001381
97	1	0.001381
コパ・デル・レイ	1	0.001381
1993	1	0.001381
チャンピオンズ	1	0.001381
カップ	1	0.001381
大会	1	0.001381
トマス	1	0.001381
カマーチョ	1	0.001381
マセーダ	1	0.001381
ビクトル	1	0.001381
ゴルディージョ	1	0.001381
セニョール	1	0.001381
ゴイコエチェア	1	0.001381
カラスコ	1	0.001381
フリオ	1	0.001381
アルベルト	1	0.001381
セティエン	1	0.001381
ウルティ	1	0.001381
ガジェゴ	1	0.001381
リンコン	1	0.001381
フラン	1	0.001381
シスコ	1	0.001381
カルデレ	1	0.001381
エロイ	1	0.001381
ムニョス	1	0.001381
ヒメネス	1	0.001381
アンドリヌア	1	0.001381
サンチス	1	0.001381
バスケス	1	0.001381
パルデサ	1	0.001381
キケ	1	0.001381
フェルナンド	1	0.001381
ビリャローヤ	1	0.001381
アルコルタ	1	0.001381
ゴリス	1	0.001381
ロベルト	1	0.001381
バケーロ	1	0.001381
イエロ	1	0.001381
パス	1	0.001381
マノロ	1	0.001381
オチョトレーナ	1	0.001381
スアレス	1	0.001381
下さる	1	0.001381
P	1	0.001381
女子	1	0.001381
くださる	1	0.001381
Portal	1	0.001381
ヨーロッパ	1	0.001381
http	1	0.001381
://	1	0.001381
ja	1	0.001381
wikipedia	1	0.001381
org	1	0.001381
wiki	1	0.001381
/%	1	0.001381
F	1	0.001381
BB	1	0.001381
D	1	0.001381
A	1	0.001381
より	1	0.001381
作成	1	0.001381
カテゴリ	1	0.001381
必要	1	0.001381
する	1	0.001381
2010	1	0.001381
年生	1	0.001381
存命	1	0.001381
人物	1	0.001381
